5000 5000 5000
10 1
6 2
6 3
10 4
3 5
5 6
9 7
3 8
3 9
3 10
5 11
7 12
2 13
9 14
7 15
1 16
6 17
4 18
7 19
9 20
8 21
3 22
1 23
7 24
10 25
8 26
5 27
4 28
5 29
7 30
1 31
5 32
10 33
1 34
9 35
2 36
5 37
2 38
1 39
8 40
2 41
7 42
3 43
6 44
9 45
3 46
3 47
9 48
4 49
6 50
5 51
2 52
4 53
7 54
1 55
10 56
4 57
6 58
9 59
6 60
4 61
7 62
2 63
3 64
9 65
5 66
8 67
7 68
3 69
7 70
1 71
5 72
5 73
6 74
6 75
9 76
10 77
9 78
5 79
4 80
7 81
3 82
10 83
9 84
6 85
10 86
9 87
3 88
2 89
2 90
3 91
2 92
6 93
3 94
5 95
9 96
3 97
8 98
6 99
3 100
2 101
3 102
7 103
8 104
4 105
5 106
4 107
4 108
5 109
1 110
8 111
7 112
1 113
9 114
2 115
7 116
4 117
8 118
9 119
2 120
6 121
5 122
5 123
7 124
3 125
6 126
10 127
8 128
1 129
1 130
10 131
5 132
5 133
4 134
10 135
6 136
1 137
4 138
7 139
9 140
8 141
5 142
1 143
9 144
5 145
10 146
3 147
9 148
8 149
3 150
5 151
9 152
3 153
6 154
9 155
8 156
6 157
9 158
1 159
8 160
7 161
6 162
6 163
4 164
10 165
1 166
1 167
5 168
5 169
6 170
8 171
5 172
6 173
5 174
5 175
4 176
9 177
7 178
3 179
5 180
7 181
3 182
1 183
5 184
2 185
1 186
9 187
1 188
1 189
3 190
4 191
9 192
10 193
1 194
7 195
10 196
8 197
5 198
10 199
7 200
4 201
6 202
5 203
6 204
9 205
6 206
10 207
10 208
5 209
4 210
8 211
8 212
9 213
6 214
9 215
4 216
9 217
9 218
3 219
4 220
5 221
9 222
1 223
7 224
5 225
3 226
9 227
8 228
2 229
9 230
9 231
6 232
5 233
8 234
3 235
3 236
10 237
1 238
1 239
3 240
3 241
4 242
7 243
7 244
1 245
3 246
4 247
10 248
4 249
10 250
2 251
6 252
4 253
2 254
9 255
8 256
6 257
9 258
5 259
5 260
1 261
3 262
10 263
9 264
6 265
7 266
4 267
5 268
7 269
8 270
7 271
6 272
9 273
9 274
9 275
4 276
4 277
4 278
10 279
7 280
8 281
3 282
1 283
2 284
9 285
7 286
2 287
8 288
9 289
3 290
1 291
2 292
4 293
3 294
10 295
2 296
1 297
8 298
1 299
3 300
8 301
3 302
3 303
9 304
1 305
5 306
4 307
5 308
10 309
1 310
4 311
8 312
9 313
10 314
9 315
5 316
2 317
3 318
2 319
2 320
6 321
9 322
1 323
8 324
8 325
2 326
5 327
1 328
7 329
4 330
6 331
6 332
3 333
8 334
7 335
10 336
3 337
5 338
5 339
2 340
4 341
7 342
8 343
3 344
6 345
8 346
8 347
10 348
2 349
7 350
4 351
8 352
1 353
4 354
10 355
3 356
8 357
4 358
6 359
6 360
7 361
2 362
8 363
10 364
1 365
5 366
6 367
2 368
1 369
6 370
4 371
6 372
9 373
8 374
6 375
2 376
10 377
3 378
2 379
4 380
10 381
7 382
10 383
4 384
6 385
8 386
2 387
2 388
4 389
4 390
3 391
1 392
1 393
7 394
10 395
10 396
3 397
4 398
10 399
3 400
9 401
9 402
3 403
6 404
6 405
7 406
4 407
4 408
4 409
6 410
4 411
1 412
1 413
6 414
4 415
8 416
6 417
7 418
7 419
9 420
8 421
9 422
5 423
7 424
8 425
4 426
4 427
9 428
10 429
3 430
4 431
7 432
4 433
3 434
1 435
2 436
6 437
2 438
8 439
4 440
3 441
1 442
2 443
3 444
6 445
8 446
10 447
1 448
9 449
3 450
5 451
10 452
8 453
4 454
8 455
3 456
1 457
1 458
1 459
4 460
6 461
7 462
10 463
9 464
3 465
9 466
6 467
7 468
8 469
3 470
6 471
1 472
4 473
3 474
5 475
5 476
6 477
8 478
4 479
8 480
2 481
1 482
1 483
6 484
6 485
10 486
10 487
5 488
5 489
5 490
10 491
4 492
10 493
10 494
7 495
3 496
1 497
3 498
7 499
5 500
7 501
6 502
1 503
3 504
1 505
2 506
8 507
9 508
2 509
7 510
6 511
3 512
9 513
7 514
5 515
5 516
6 517
6 518
10 519
3 520
5 521
4 522
3 523
4 524
5 525
1 526
9 527
5 528
10 529
1 530
3 531
7 532
10 533
6 534
4 535
1 536
4 537
5 538
1 539
3 540
2 541
8 542
4 543
9 544
7 545
3 546
7 547
6 548
2 549
9 550
1 551
6 552
10 553
4 554
4 555
1 556
9 557
7 558
10 559
10 560
4 561
5 562
7 563
6 564
9 565
3 566
7 567
1 568
6 569
3 570
7 571
5 572
4 573
8 574
7 575
2 576
5 577
4 578
8 579
8 580
8 581
3 582
3 583
10 584
10 585
6 586
2 587
9 588
8 589
1 590
1 591
4 592
7 593
7 594
5 595
2 596
9 597
7 598
3 599
8 600
1 601
9 602
7 603
4 604
6 605
7 606
10 607
2 608
4 609
6 610
1 611
9 612
8 613
7 614
3 615
5 616
9 617
10 618
2 619
6 620
3 621
9 622
1 623
8 624
8 625
9 626
7 627
7 628
9 629
1 630
7 631
2 632
7 633
10 634
2 635
5 636
6 637
3 638
7 639
7 640
5 641
7 642
9 643
10 644
2 645
3 646
1 647
7 648
9 649
10 650
5 651
6 652
2 653
9 654
5 655
10 656
1 657
10 658
1 659
6 660
9 661
9 662
5 663
6 664
7 665
5 666
6 667
1 668
1 669
2 670
10 671
8 672
2 673
4 674
5 675
4 676
2 677
9 678
8 679
3 680
6 681
7 682
3 683
6 684
10 685
7 686
1 687
2 688
2 689
5 690
8 691
2 692
4 693
1 694
1 695
9 696
10 697
4 698
8 699
8 700
1 701
2 702
7 703
9 704
10 705
5 706
4 707
4 708
1 709
10 710
1 711
8 712
3 713
5 714
8 715
6 716
6 717
4 718
1 719
2 720
5 721
4 722
4 723
4 724
10 725
3 726
5 727
10 728
2 729
9 730
5 731
10 732
5 733
5 734
3 735
4 736
8 737
9 738
8 739
5 740
6 741
6 742
9 743
5 744
7 745
9 746
5 747
5 748
10 749
9 750
3 751
7 752
9 753
5 754
7 755
6 756
1 757
3 758
1 759
1 760
8 761
10 762
6 763
4 764
1 765
10 766
8 767
1 768
9 769
10 770
4 771
4 772
7 773
3 774
2 775
2 776
9 777
1 778
3 779
1 780
10 781
7 782
9 783
3 784
3 785
6 786
7 787
4 788
1 789
9 790
8 791
5 792
7 793
9 794
4 795
8 796
5 797
10 798
8 799
5 800
8 801
9 802
10 803
3 804
2 805
10 806
10 807
10 808
10 809
2 810
8 811
8 812
1 813
3 814
5 815
4 816
1 817
7 818
1 819
6 820
5 821
1 822
7 823
10 824
1 825
2 826
3 827
6 828
9 829
9 830
8 831
6 832
5 833
10 834
10 835
2 836
6 837
5 838
3 839
2 840
5 841
3 842
2 843
10 844
4 845
8 846
1 847
3 848
7 849
3 850
1 851
2 852
6 853
2 854
5 855
5 856
7 857
2 858
6 859
2 860
4 861
10 862
2 863
6 864
5 865
6 866
4 867
6 868
1 869
4 870
4 871
10 872
4 873
9 874
8 875
9 876
10 877
6 878
2 879
9 880
3 881
8 882
6 883
4 884
3 885
9 886
4 887
8 888
4 889
4 890
1 891
2 892
3 893
1 894
2 895
4 896
9 897
9 898
5 899
8 900
4 901
1 902
9 903
5 904
7 905
7 906
9 907
6 908
6 909
2 910
2 911
9 912
9 913
6 914
10 915
5 916
8 917
6 918
6 919
10 920
4 921
5 922
1 923
3 924
9 925
2 926
10 927
8 928
8 929
10 930
1 931
7 932
2 933
4 934
4 935
2 936
7 937
8 938
8 939
1 940
5 941
3 942
5 943
2 944
7 945
3 946
7 947
2 948
1 949
4 950
4 951
5 952
1 953
9 954
3 955
7 956
7 957
9 958
6 959
7 960
4 961
4 962
2 963
2 964
2 965
8 966
10 967
3 968
10 969
5 970
9 971
9 972
3 973
1 974
1 975
3 976
9 977
4 978
9 979
8 980
7 981
2 982
3 983
1 984
2 985
2 986
8 987
1 988
7 989
1 990
5 991
8 992
1 993
9 994
4 995
3 996
8 997
7 998
1 999
2 1000
10 1001
9 1002
9 1003
10 1004
8 1005
3 1006
9 1007
4 1008
5 1009
7 1010
9 1011
5 1012
1 1013
7 1014
1 1015
7 1016
9 1017
5 1018
7 1019
9 1020
2 1021
5 1022
10 1023
6 1024
7 1025
5 1026
2 1027
5 1028
8 1029
2 1030
4 1031
6 1032
6 1033
3 1034
1 1035
3 1036
6 1037
9 1038
2 1039
2 1040
7 1041
8 1042
4 1043
2 1044
3 1045
10 1046
6 1047
5 1048
4 1049
7 1050
10 1051
4 1052
5 1053
1 1054
7 1055
4 1056
8 1057
1 1058
8 1059
6 1060
8 1061
2 1062
6 1063
5 1064
6 1065
6 1066
8 1067
1 1068
4 1069
10 1070
10 1071
4 1072
1 1073
7 1074
10 1075
3 1076
9 1077
6 1078
2 1079
4 1080
6 1081
8 1082
9 1083
5 1084
10 1085
4 1086
1 1087
1 1088
9 1089
6 1090
2 1091
6 1092
8 1093
3 1094
4 1095
2 1096
1 1097
6 1098
1 1099
8 1100
8 1101
6 1102
3 1103
10 1104
6 1105
9 1106
10 1107
2 1108
3 1109
5 1110
6 1111
8 1112
10 1113
10 1114
8 1115
3 1116
1 1117
7 1118
9 1119
10 1120
1 1121
8 1122
9 1123
3 1124
7 1125
8 1126
4 1127
9 1128
8 1129
6 1130
9 1131
4 1132
9 1133
1 1134
1 1135
2 1136
4 1137
10 1138
6 1139
4 1140
5 1141
2 1142
1 1143
1 1144
1 1145
10 1146
2 1147
4 1148
5 1149
10 1150
9 1151
5 1152
5 1153
7 1154
6 1155
10 1156
5 1157
3 1158
3 1159
2 1160
5 1161
8 1162
9 1163
3 1164
1 1165
10 1166
4 1167
2 1168
3 1169
3 1170
2 1171
10 1172
5 1173
8 1174
5 1175
10 1176
5 1177
2 1178
8 1179
1 1180
6 1181
9 1182
5 1183
4 1184
4 1185
4 1186
5 1187
7 1188
2 1189
2 1190
6 1191
3 1192
8 1193
10 1194
2 1195
8 1196
10 1197
4 1198
3 1199
8 1200
10 1201
2 1202
10 1203
10 1204
4 1205
9 1206
10 1207
2 1208
7 1209
5 1210
4 1211
3 1212
2 1213
8 1214
5 1215
2 1216
9 1217
1 1218
2 1219
2 1220
2 1221
2 1222
9 1223
3 1224
5 1225
6 1226
4 1227
2 1228
4 1229
3 1230
2 1231
10 1232
5 1233
5 1234
9 1235
9 1236
5 1237
9 1238
10 1239
4 1240
2 1241
7 1242
4 1243
3 1244
5 1245
4 1246
7 1247
4 1248
6 1249
1 1250
2 1251
8 1252
3 1253
2 1254
5 1255
10 1256
5 1257
5 1258
5 1259
6 1260
7 1261
1 1262
2 1263
5 1264
8 1265
3 1266
3 1267
9 1268
7 1269
9 1270
2 1271
8 1272
6 1273
10 1274
3 1275
10 1276
9 1277
4 1278
3 1279
5 1280
1 1281
9 1282
9 1283
2 1284
4 1285
5 1286
9 1287
10 1288
2 1289
6 1290
3 1291
9 1292
4 1293
3 1294
5 1295
3 1296
5 1297
7 1298
10 1299
8 1300
9 1301
9 1302
3 1303
2 1304
3 1305
9 1306
10 1307
6 1308
3 1309
5 1310
6 1311
8 1312
8 1313
7 1314
10 1315
8 1316
9 1317
4 1318
10 1319
9 1320
8 1321
9 1322
3 1323
4 1324
10 1325
4 1326
1 1327
2 1328
6 1329
9 1330
6 1331
1 1332
7 1333
7 1334
6 1335
7 1336
4 1337
9 1338
4 1339
1 1340
3 1341
3 1342
1 1343
3 1344
6 1345
1 1346
8 1347
7 1348
7 1349
4 1350
9 1351
8 1352
9 1353
3 1354
4 1355
9 1356
3 1357
10 1358
2 1359
8 1360
3 1361
2 1362
10 1363
8 1364
2 1365
6 1366
8 1367
7 1368
10 1369
8 1370
6 1371
5 1372
7 1373
10 1374
7 1375
1 1376
1 1377
3 1378
5 1379
4 1380
5 1381
7 1382
2 1383
9 1384
1 1385
2 1386
9 1387
3 1388
10 1389
8 1390
6 1391
1 1392
10 1393
5 1394
2 1395
3 1396
1 1397
4 1398
3 1399
3 1400
5 1401
10 1402
2 1403
6 1404
3 1405
6 1406
4 1407
1 1408
9 1409
5 1410
1 1411
3 1412
6 1413
9 1414
5 1415
3 1416
6 1417
8 1418
1 1419
8 1420
4 1421
5 1422
8 1423
4 1424
3 1425
2 1426
9 1427
8 1428
2 1429
5 1430
6 1431
9 1432
8 1433
10 1434
4 1435
8 1436
4 1437
1 1438
8 1439
5 1440
2 1441
9 1442
8 1443
3 1444
7 1445
9 1446
8 1447
4 1448
6 1449
2 1450
9 1451
3 1452
7 1453
2 1454
10 1455
5 1456
6 1457
4 1458
8 1459
1 1460
1 1461
3 1462
6 1463
9 1464
8 1465
3 1466
9 1467
10 1468
6 1469
7 1470
9 1471
1 1472
8 1473
5 1474
2 1475
5 1476
8 1477
8 1478
7 1479
8 1480
10 1481
4 1482
7 1483
10 1484
10 1485
4 1486
7 1487
3 1488
10 1489
10 1490
7 1491
2 1492
4 1493
2 1494
10 1495
2 1496
3 1497
3 1498
3 1499
6 1500
10 1501
2 1502
9 1503
7 1504
10 1505
2 1506
5 1507
9 1508
10 1509
8 1510
1 1511
4 1512
6 1513
3 1514
8 1515
9 1516
3 1517
3 1518
2 1519
8 1520
9 1521
6 1522
3 1523
4 1524
6 1525
5 1526
7 1527
1 1528
9 1529
5 1530
4 1531
6 1532
6 1533
1 1534
10 1535
2 1536
9 1537
3 1538
3 1539
1 1540
10 1541
4 1542
6 1543
1 1544
3 1545
2 1546
4 1547
6 1548
8 1549
5 1550
6 1551
5 1552
1 1553
6 1554
8 1555
4 1556
7 1557
8 1558
10 1559
9 1560
6 1561
3 1562
5 1563
7 1564
8 1565
7 1566
2 1567
8 1568
8 1569
8 1570
1 1571
8 1572
10 1573
8 1574
2 1575
3 1576
7 1577
3 1578
3 1579
3 1580
7 1581
8 1582
3 1583
4 1584
3 1585
6 1586
9 1587
4 1588
5 1589
9 1590
8 1591
4 1592
7 1593
5 1594
2 1595
7 1596
2 1597
10 1598
4 1599
2 1600
5 1601
6 1602
9 1603
1 1604
8 1605
10 1606
7 1607
7 1608
7 1609
1 1610
9 1611
10 1612
3 1613
1 1614
6 1615
6 1616
5 1617
4 1618
5 1619
6 1620
6 1621
10 1622
5 1623
7 1624
7 1625
4 1626
4 1627
3 1628
7 1629
5 1630
10 1631
2 1632
2 1633
7 1634
8 1635
10 1636
9 1637
1 1638
3 1639
2 1640
3 1641
9 1642
1 1643
2 1644
3 1645
5 1646
7 1647
8 1648
7 1649
9 1650
6 1651
7 1652
5 1653
10 1654
6 1655
5 1656
6 1657
10 1658
3 1659
5 1660
5 1661
5 1662
4 1663
8 1664
4 1665
8 1666
1 1667
7 1668
7 1669
9 1670
5 1671
10 1672
2 1673
4 1674
3 1675
4 1676
9 1677
2 1678
7 1679
3 1680
8 1681
7 1682
10 1683
10 1684
1 1685
7 1686
5 1687
6 1688
7 1689
1 1690
10 1691
1 1692
3 1693
10 1694
1 1695
10 1696
10 1697
7 1698
2 1699
10 1700
9 1701
10 1702
6 1703
10 1704
6 1705
4 1706
7 1707
4 1708
1 1709
8 1710
2 1711
2 1712
3 1713
2 1714
6 1715
7 1716
2 1717
4 1718
7 1719
2 1720
5 1721
2 1722
2 1723
10 1724
4 1725
6 1726
8 1727
6 1728
1 1729
4 1730
5 1731
9 1732
5 1733
8 1734
6 1735
8 1736
1 1737
6 1738
5 1739
6 1740
7 1741
10 1742
5 1743
4 1744
8 1745
8 1746
6 1747
7 1748
4 1749
3 1750
3 1751
7 1752
6 1753
4 1754
10 1755
6 1756
3 1757
9 1758
8 1759
6 1760
4 1761
4 1762
9 1763
5 1764
2 1765
5 1766
5 1767
4 1768
8 1769
5 1770
6 1771
6 1772
6 1773
7 1774
5 1775
7 1776
9 1777
9 1778
1 1779
7 1780
8 1781
1 1782
1 1783
3 1784
8 1785
1 1786
8 1787
2 1788
9 1789
10 1790
9 1791
3 1792
1 1793
10 1794
9 1795
6 1796
8 1797
10 1798
10 1799
3 1800
6 1801
9 1802
3 1803
2 1804
2 1805
4 1806
5 1807
5 1808
7 1809
2 1810
8 1811
1 1812
8 1813
6 1814
8 1815
6 1816
6 1817
3 1818
10 1819
1 1820
2 1821
3 1822
10 1823
1 1824
7 1825
2 1826
4 1827
1 1828
4 1829
1 1830
4 1831
9 1832
10 1833
6 1834
9 1835
6 1836
6 1837
1 1838
2 1839
7 1840
9 1841
2 1842
4 1843
1 1844
1 1845
6 1846
3 1847
1 1848
7 1849
6 1850
4 1851
10 1852
7 1853
1 1854
1 1855
2 1856
8 1857
2 1858
5 1859
3 1860
2 1861
10 1862
3 1863
4 1864
7 1865
5 1866
8 1867
1 1868
7 1869
2 1870
3 1871
1 1872
3 1873
4 1874
10 1875
5 1876
2 1877
1 1878
4 1879
5 1880
1 1881
2 1882
10 1883
7 1884
8 1885
2 1886
3 1887
10 1888
1 1889
8 1890
8 1891
7 1892
2 1893
6 1894
5 1895
1 1896
7 1897
10 1898
1 1899
7 1900
6 1901
2 1902
3 1903
9 1904
3 1905
9 1906
5 1907
5 1908
6 1909
9 1910
3 1911
5 1912
3 1913
2 1914
6 1915
10 1916
3 1917
9 1918
4 1919
6 1920
2 1921
4 1922
9 1923
1 1924
8 1925
4 1926
2 1927
9 1928
4 1929
10 1930
4 1931
7 1932
2 1933
8 1934
6 1935
9 1936
4 1937
7 1938
3 1939
5 1940
4 1941
10 1942
7 1943
5 1944
1 1945
4 1946
8 1947
8 1948
8 1949
5 1950
7 1951
8 1952
8 1953
6 1954
8 1955
4 1956
10 1957
1 1958
8 1959
7 1960
2 1961
4 1962
2 1963
6 1964
9 1965
7 1966
3 1967
2 1968
9 1969
4 1970
6 1971
10 1972
8 1973
3 1974
6 1975
8 1976
1 1977
9 1978
1 1979
9 1980
10 1981
10 1982
10 1983
8 1984
3 1985
10 1986
3 1987
8 1988
10 1989
8 1990
1 1991
4 1992
5 1993
2 1994
4 1995
6 1996
1 1997
5 1998
8 1999
10 2000
6 2001
10 2002
3 2003
1 2004
6 2005
2 2006
5 2007
8 2008
2 2009
10 2010
7 2011
3 2012
9 2013
1 2014
7 2015
8 2016
2 2017
6 2018
10 2019
5 2020
5 2021
9 2022
2 2023
2 2024
5 2025
3 2026
9 2027
8 2028
5 2029
6 2030
10 2031
9 2032
7 2033
8 2034
9 2035
8 2036
2 2037
2 2038
2 2039
4 2040
5 2041
10 2042
7 2043
7 2044
6 2045
7 2046
9 2047
9 2048
5 2049
1 2050
6 2051
7 2052
2 2053
7 2054
5 2055
7 2056
8 2057
5 2058
7 2059
1 2060
6 2061
6 2062
1 2063
3 2064
9 2065
1 2066
7 2067
4 2068
1 2069
3 2070
6 2071
1 2072
1 2073
4 2074
8 2075
5 2076
7 2077
7 2078
2 2079
1 2080
4 2081
2 2082
9 2083
8 2084
1 2085
5 2086
5 2087
4 2088
9 2089
3 2090
4 2091
3 2092
2 2093
8 2094
9 2095
5 2096
1 2097
10 2098
5 2099
7 2100
8 2101
8 2102
9 2103
5 2104
9 2105
4 2106
8 2107
10 2108
9 2109
3 2110
2 2111
1 2112
2 2113
7 2114
6 2115
3 2116
3 2117
9 2118
7 2119
8 2120
9 2121
3 2122
4 2123
1 2124
2 2125
7 2126
1 2127
7 2128
8 2129
1 2130
4 2131
5 2132
7 2133
6 2134
9 2135
5 2136
2 2137
10 2138
9 2139
6 2140
3 2141
7 2142
2 2143
4 2144
5 2145
7 2146
9 2147
7 2148
9 2149
4 2150
4 2151
8 2152
2 2153
1 2154
4 2155
9 2156
1 2157
2 2158
2 2159
6 2160
6 2161
3 2162
2 2163
6 2164
8 2165
7 2166
4 2167
6 2168
10 2169
8 2170
10 2171
4 2172
8 2173
8 2174
1 2175
7 2176
7 2177
5 2178
4 2179
7 2180
5 2181
5 2182
10 2183
8 2184
7 2185
7 2186
6 2187
2 2188
10 2189
5 2190
4 2191
2 2192
9 2193
8 2194
9 2195
4 2196
8 2197
7 2198
5 2199
9 2200
10 2201
3 2202
7 2203
6 2204
6 2205
10 2206
8 2207
3 2208
6 2209
1 2210
7 2211
1 2212
6 2213
6 2214
2 2215
9 2216
8 2217
3 2218
3 2219
5 2220
5 2221
1 2222
2 2223
6 2224
6 2225
3 2226
6 2227
5 2228
8 2229
5 2230
5 2231
2 2232
5 2233
1 2234
6 2235
5 2236
6 2237
6 2238
2 2239
6 2240
10 2241
2 2242
9 2243
2 2244
8 2245
7 2246
3 2247
3 2248
5 2249
10 2250
7 2251
5 2252
10 2253
7 2254
4 2255
8 2256
4 2257
8 2258
9 2259
6 2260
9 2261
3 2262
9 2263
5 2264
8 2265
6 2266
9 2267
7 2268
3 2269
6 2270
2 2271
1 2272
9 2273
6 2274
4 2275
7 2276
4 2277
6 2278
9 2279
5 2280
9 2281
3 2282
5 2283
5 2284
10 2285
6 2286
10 2287
10 2288
10 2289
9 2290
9 2291
8 2292
9 2293
9 2294
6 2295
8 2296
3 2297
6 2298
3 2299
8 2300
4 2301
2 2302
3 2303
7 2304
4 2305
4 2306
10 2307
10 2308
1 2309
6 2310
4 2311
4 2312
1 2313
4 2314
7 2315
1 2316
2 2317
4 2318
8 2319
5 2320
8 2321
5 2322
10 2323
5 2324
10 2325
9 2326
6 2327
9 2328
5 2329
5 2330
10 2331
2 2332
6 2333
6 2334
10 2335
4 2336
7 2337
8 2338
4 2339
4 2340
3 2341
9 2342
8 2343
10 2344
2 2345
7 2346
3 2347
10 2348
3 2349
6 2350
8 2351
10 2352
3 2353
9 2354
3 2355
8 2356
7 2357
2 2358
10 2359
8 2360
10 2361
10 2362
4 2363
2 2364
1 2365
3 2366
4 2367
7 2368
7 2369
8 2370
10 2371
3 2372
3 2373
2 2374
8 2375
1 2376
4 2377
3 2378
9 2379
10 2380
10 2381
5 2382
2 2383
4 2384
4 2385
8 2386
7 2387
3 2388
10 2389
3 2390
1 2391
3 2392
10 2393
5 2394
5 2395
2 2396
5 2397
7 2398
1 2399
9 2400
1 2401
4 2402
9 2403
5 2404
6 2405
9 2406
10 2407
10 2408
9 2409
1 2410
5 2411
8 2412
3 2413
6 2414
6 2415
4 2416
4 2417
5 2418
3 2419
4 2420
5 2421
6 2422
2 2423
9 2424
2 2425
9 2426
6 2427
10 2428
9 2429
4 2430
4 2431
5 2432
3 2433
7 2434
1 2435
1 2436
9 2437
5 2438
1 2439
10 2440
6 2441
9 2442
3 2443
10 2444
9 2445
8 2446
7 2447
8 2448
8 2449
4 2450
5 2451
1 2452
10 2453
3 2454
5 2455
7 2456
4 2457
4 2458
1 2459
8 2460
4 2461
9 2462
8 2463
9 2464
8 2465
3 2466
3 2467
7 2468
9 2469
6 2470
5 2471
8 2472
7 2473
2 2474
1 2475
10 2476
5 2477
4 2478
6 2479
6 2480
6 2481
1 2482
1 2483
4 2484
10 2485
3 2486
6 2487
2 2488
1 2489
7 2490
10 2491
6 2492
8 2493
5 2494
7 2495
1 2496
6 2497
9 2498
6 2499
9 2500
3 2501
9 2502
4 2503
9 2504
10 2505
6 2506
4 2507
9 2508
2 2509
10 2510
3 2511
2 2512
10 2513
9 2514
4 2515
2 2516
8 2517
4 2518
3 2519
6 2520
7 2521
10 2522
6 2523
3 2524
2 2525
4 2526
3 2527
7 2528
1 2529
5 2530
10 2531
1 2532
1 2533
4 2534
2 2535
7 2536
6 2537
9 2538
9 2539
1 2540
4 2541
3 2542
9 2543
2 2544
10 2545
6 2546
3 2547
8 2548
10 2549
1 2550
2 2551
9 2552
6 2553
9 2554
1 2555
10 2556
3 2557
1 2558
7 2559
1 2560
10 2561
6 2562
7 2563
4 2564
9 2565
2 2566
1 2567
3 2568
10 2569
10 2570
3 2571
5 2572
1 2573
4 2574
9 2575
8 2576
2 2577
8 2578
5 2579
3 2580
10 2581
9 2582
4 2583
7 2584
3 2585
6 2586
2 2587
6 2588
1 2589
5 2590
8 2591
8 2592
9 2593
7 2594
5 2595
10 2596
4 2597
9 2598
8 2599
9 2600
3 2601
3 2602
5 2603
9 2604
10 2605
1 2606
5 2607
7 2608
5 2609
5 2610
9 2611
1 2612
6 2613
7 2614
2 2615
10 2616
8 2617
2 2618
8 2619
8 2620
3 2621
5 2622
5 2623
8 2624
8 2625
9 2626
1 2627
10 2628
7 2629
8 2630
8 2631
2 2632
3 2633
7 2634
9 2635
5 2636
2 2637
10 2638
10 2639
7 2640
9 2641
6 2642
1 2643
10 2644
8 2645
7 2646
8 2647
8 2648
8 2649
8 2650
10 2651
6 2652
3 2653
2 2654
3 2655
5 2656
5 2657
4 2658
10 2659
2 2660
3 2661
8 2662
2 2663
8 2664
7 2665
4 2666
10 2667
8 2668
9 2669
10 2670
9 2671
4 2672
9 2673
5 2674
7 2675
8 2676
2 2677
7 2678
6 2679
6 2680
4 2681
10 2682
10 2683
5 2684
9 2685
8 2686
4 2687
8 2688
8 2689
9 2690
4 2691
5 2692
4 2693
2 2694
9 2695
6 2696
6 2697
7 2698
6 2699
4 2700
6 2701
8 2702
10 2703
9 2704
8 2705
3 2706
8 2707
3 2708
5 2709
4 2710
5 2711
3 2712
3 2713
5 2714
9 2715
6 2716
5 2717
5 2718
10 2719
5 2720
7 2721
7 2722
10 2723
3 2724
9 2725
2 2726
2 2727
4 2728
1 2729
9 2730
10 2731
6 2732
9 2733
7 2734
3 2735
3 2736
3 2737
7 2738
10 2739
10 2740
8 2741
7 2742
1 2743
7 2744
2 2745
2 2746
8 2747
7 2748
4 2749
8 2750
6 2751
1 2752
7 2753
5 2754
10 2755
5 2756
2 2757
4 2758
8 2759
6 2760
9 2761
1 2762
10 2763
9 2764
10 2765
4 2766
10 2767
8 2768
3 2769
8 2770
3 2771
3 2772
4 2773
1 2774
1 2775
2 2776
8 2777
9 2778
6 2779
5 2780
8 2781
7 2782
7 2783
1 2784
7 2785
10 2786
7 2787
6 2788
6 2789
1 2790
4 2791
1 2792
6 2793
2 2794
1 2795
7 2796
9 2797
6 2798
6 2799
10 2800
2 2801
4 2802
8 2803
9 2804
9 2805
3 2806
5 2807
6 2808
7 2809
2 2810
6 2811
8 2812
3 2813
9 2814
8 2815
1 2816
8 2817
1 2818
9 2819
7 2820
6 2821
2 2822
2 2823
7 2824
7 2825
10 2826
9 2827
5 2828
2 2829
6 2830
5 2831
9 2832
6 2833
3 2834
6 2835
4 2836
1 2837
3 2838
10 2839
6 2840
5 2841
9 2842
8 2843
2 2844
5 2845
9 2846
1 2847
3 2848
8 2849
3 2850
9 2851
7 2852
9 2853
9 2854
10 2855
8 2856
10 2857
10 2858
2 2859
5 2860
4 2861
2 2862
2 2863
6 2864
4 2865
7 2866
9 2867
4 2868
1 2869
7 2870
10 2871
3 2872
1 2873
6 2874
1 2875
3 2876
1 2877
8 2878
6 2879
4 2880
8 2881
4 2882
9 2883
7 2884
10 2885
1 2886
10 2887
9 2888
5 2889
6 2890
5 2891
4 2892
6 2893
4 2894
4 2895
5 2896
10 2897
1 2898
5 2899
4 2900
3 2901
7 2902
1 2903
6 2904
3 2905
4 2906
9 2907
4 2908
6 2909
10 2910
2 2911
6 2912
8 2913
10 2914
4 2915
1 2916
10 2917
8 2918
1 2919
3 2920
3 2921
3 2922
3 2923
4 2924
2 2925
10 2926
6 2927
9 2928
1 2929
6 2930
10 2931
3 2932
8 2933
1 2934
9 2935
10 2936
6 2937
3 2938
9 2939
2 2940
2 2941
10 2942
3 2943
4 2944
3 2945
4 2946
4 2947
2 2948
2 2949
5 2950
8 2951
1 2952
5 2953
2 2954
9 2955
1 2956
7 2957
6 2958
7 2959
4 2960
1 2961
1 2962
7 2963
9 2964
6 2965
4 2966
10 2967
5 2968
5 2969
7 2970
10 2971
9 2972
5 2973
9 2974
3 2975
4 2976
1 2977
8 2978
10 2979
3 2980
1 2981
1 2982
9 2983
6 2984
2 2985
4 2986
3 2987
5 2988
3 2989
7 2990
8 2991
2 2992
8 2993
3 2994
4 2995
3 2996
7 2997
5 2998
8 2999
3 3000
6 3001
6 3002
9 3003
9 3004
5 3005
10 3006
10 3007
2 3008
8 3009
8 3010
5 3011
9 3012
3 3013
10 3014
1 3015
6 3016
8 3017
8 3018
7 3019
1 3020
10 3021
9 3022
2 3023
9 3024
9 3025
6 3026
6 3027
5 3028
1 3029
3 3030
6 3031
6 3032
5 3033
1 3034
5 3035
10 3036
6 3037
3 3038
2 3039
7 3040
7 3041
9 3042
2 3043
2 3044
3 3045
4 3046
10 3047
5 3048
3 3049
4 3050
10 3051
8 3052
8 3053
10 3054
1 3055
4 3056
9 3057
9 3058
3 3059
8 3060
7 3061
1 3062
2 3063
4 3064
3 3065
2 3066
7 3067
6 3068
5 3069
8 3070
7 3071
1 3072
2 3073
8 3074
9 3075
3 3076
10 3077
9 3078
6 3079
3 3080
1 3081
5 3082
1 3083
1 3084
9 3085
4 3086
2 3087
6 3088
10 3089
5 3090
4 3091
2 3092
9 3093
7 3094
5 3095
5 3096
7 3097
8 3098
6 3099
10 3100
5 3101
2 3102
7 3103
4 3104
5 3105
8 3106
3 3107
10 3108
2 3109
5 3110
3 3111
10 3112
8 3113
10 3114
3 3115
3 3116
5 3117
6 3118
7 3119
7 3120
7 3121
3 3122
10 3123
6 3124
7 3125
8 3126
9 3127
8 3128
7 3129
3 3130
4 3131
7 3132
5 3133
3 3134
6 3135
1 3136
4 3137
8 3138
2 3139
2 3140
7 3141
10 3142
9 3143
9 3144
6 3145
9 3146
5 3147
10 3148
10 3149
6 3150
5 3151
4 3152
10 3153
2 3154
5 3155
10 3156
2 3157
7 3158
6 3159
2 3160
1 3161
9 3162
1 3163
9 3164
3 3165
1 3166
5 3167
2 3168
9 3169
2 3170
7 3171
7 3172
1 3173
7 3174
7 3175
3 3176
10 3177
4 3178
6 3179
6 3180
3 3181
7 3182
8 3183
1 3184
3 3185
2 3186
1 3187
9 3188
7 3189
5 3190
10 3191
8 3192
5 3193
10 3194
9 3195
4 3196
7 3197
2 3198
2 3199
4 3200
10 3201
4 3202
7 3203
10 3204
7 3205
7 3206
1 3207
4 3208
8 3209
3 3210
4 3211
10 3212
2 3213
8 3214
5 3215
10 3216
2 3217
5 3218
4 3219
4 3220
10 3221
8 3222
3 3223
3 3224
2 3225
8 3226
9 3227
10 3228
9 3229
7 3230
7 3231
3 3232
4 3233
1 3234
4 3235
5 3236
6 3237
1 3238
4 3239
4 3240
5 3241
6 3242
2 3243
5 3244
2 3245
5 3246
10 3247
7 3248
2 3249
1 3250
10 3251
2 3252
2 3253
10 3254
6 3255
7 3256
2 3257
6 3258
10 3259
7 3260
4 3261
10 3262
1 3263
9 3264
10 3265
7 3266
5 3267
4 3268
8 3269
1 3270
10 3271
9 3272
7 3273
9 3274
1 3275
9 3276
8 3277
3 3278
7 3279
6 3280
9 3281
6 3282
1 3283
4 3284
4 3285
8 3286
1 3287
8 3288
5 3289
3 3290
4 3291
3 3292
10 3293
2 3294
8 3295
3 3296
5 3297
4 3298
5 3299
2 3300
2 3301
3 3302
2 3303
6 3304
7 3305
10 3306
10 3307
8 3308
8 3309
5 3310
6 3311
10 3312
8 3313
1 3314
8 3315
3 3316
4 3317
8 3318
10 3319
5 3320
4 3321
6 3322
1 3323
5 3324
9 3325
2 3326
6 3327
3 3328
5 3329
2 3330
7 3331
4 3332
1 3333
2 3334
9 3335
2 3336
10 3337
5 3338
1 3339
4 3340
3 3341
5 3342
7 3343
5 3344
1 3345
2 3346
1 3347
7 3348
7 3349
1 3350
5 3351
3 3352
3 3353
8 3354
10 3355
7 3356
3 3357
2 3358
4 3359
6 3360
10 3361
7 3362
10 3363
10 3364
1 3365
1 3366
8 3367
4 3368
6 3369
6 3370
1 3371
9 3372
3 3373
8 3374
3 3375
6 3376
5 3377
8 3378
1 3379
7 3380
4 3381
9 3382
8 3383
9 3384
7 3385
3 3386
9 3387
4 3388
1 3389
6 3390
1 3391
4 3392
8 3393
10 3394
4 3395
8 3396
2 3397
5 3398
2 3399
8 3400
2 3401
2 3402
9 3403
4 3404
5 3405
10 3406
1 3407
4 3408
7 3409
4 3410
6 3411
9 3412
6 3413
10 3414
7 3415
6 3416
5 3417
8 3418
9 3419
8 3420
9 3421
8 3422
4 3423
1 3424
8 3425
6 3426
6 3427
9 3428
10 3429
9 3430
1 3431
8 3432
8 3433
9 3434
6 3435
10 3436
8 3437
2 3438
4 3439
4 3440
1 3441
8 3442
1 3443
3 3444
7 3445
7 3446
1 3447
10 3448
6 3449
4 3450
7 3451
7 3452
1 3453
2 3454
10 3455
8 3456
4 3457
1 3458
1 3459
5 3460
4 3461
4 3462
6 3463
8 3464
10 3465
8 3466
3 3467
7 3468
2 3469
1 3470
10 3471
5 3472
6 3473
3 3474
5 3475
1 3476
4 3477
4 3478
7 3479
9 3480
10 3481
2 3482
2 3483
4 3484
1 3485
4 3486
6 3487
7 3488
8 3489
6 3490
10 3491
8 3492
6 3493
10 3494
10 3495
2 3496
1 3497
7 3498
1 3499
10 3500
5 3501
9 3502
6 3503
6 3504
3 3505
1 3506
7 3507
1 3508
1 3509
4 3510
10 3511
1 3512
2 3513
10 3514
3 3515
1 3516
6 3517
9 3518
9 3519
4 3520
9 3521
3 3522
3 3523
9 3524
4 3525
9 3526
10 3527
9 3528
2 3529
3 3530
6 3531
10 3532
9 3533
5 3534
9 3535
4 3536
7 3537
1 3538
7 3539
10 3540
9 3541
1 3542
9 3543
9 3544
9 3545
10 3546
8 3547
4 3548
5 3549
7 3550
2 3551
10 3552
9 3553
9 3554
2 3555
10 3556
4 3557
1 3558
1 3559
10 3560
8 3561
9 3562
3 3563
4 3564
6 3565
7 3566
4 3567
10 3568
2 3569
5 3570
1 3571
2 3572
4 3573
9 3574
8 3575
1 3576
2 3577
4 3578
5 3579
6 3580
5 3581
7 3582
2 3583
10 3584
9 3585
3 3586
4 3587
9 3588
5 3589
1 3590
6 3591
1 3592
10 3593
3 3594
7 3595
9 3596
6 3597
10 3598
7 3599
8 3600
8 3601
3 3602
3 3603
9 3604
2 3605
3 3606
3 3607
1 3608
9 3609
4 3610
9 3611
10 3612
10 3613
2 3614
9 3615
7 3616
6 3617
4 3618
1 3619
1 3620
4 3621
10 3622
6 3623
6 3624
7 3625
8 3626
10 3627
10 3628
4 3629
4 3630
5 3631
5 3632
8 3633
2 3634
6 3635
1 3636
3 3637
7 3638
7 3639
1 3640
10 3641
10 3642
7 3643
6 3644
9 3645
10 3646
5 3647
1 3648
10 3649
3 3650
7 3651
10 3652
7 3653
5 3654
4 3655
2 3656
5 3657
10 3658
4 3659
10 3660
5 3661
9 3662
1 3663
1 3664
5 3665
7 3666
3 3667
4 3668
10 3669
5 3670
10 3671
10 3672
4 3673
8 3674
4 3675
5 3676
8 3677
4 3678
2 3679
5 3680
8 3681
6 3682
6 3683
5 3684
10 3685
6 3686
2 3687
9 3688
9 3689
2 3690
4 3691
3 3692
9 3693
5 3694
10 3695
2 3696
7 3697
6 3698
10 3699
5 3700
7 3701
6 3702
8 3703
5 3704
9 3705
5 3706
6 3707
4 3708
3 3709
8 3710
8 3711
1 3712
4 3713
4 3714
1 3715
9 3716
9 3717
4 3718
2 3719
7 3720
2 3721
2 3722
7 3723
3 3724
2 3725
9 3726
5 3727
8 3728
6 3729
5 3730
1 3731
1 3732
2 3733
8 3734
5 3735
2 3736
3 3737
10 3738
6 3739
2 3740
7 3741
10 3742
10 3743
5 3744
8 3745
6 3746
3 3747
4 3748
3 3749
10 3750
8 3751
5 3752
3 3753
1 3754
2 3755
6 3756
8 3757
3 3758
7 3759
8 3760
8 3761
1 3762
9 3763
6 3764
5 3765
5 3766
10 3767
3 3768
1 3769
4 3770
1 3771
3 3772
1 3773
4 3774
9 3775
8 3776
2 3777
1 3778
1 3779
8 3780
4 3781
1 3782
5 3783
8 3784
9 3785
8 3786
2 3787
9 3788
6 3789
6 3790
10 3791
1 3792
9 3793
5 3794
9 3795
5 3796
1 3797
6 3798
10 3799
3 3800
1 3801
10 3802
2 3803
5 3804
7 3805
5 3806
2 3807
3 3808
3 3809
7 3810
4 3811
3 3812
5 3813
9 3814
8 3815
3 3816
1 3817
8 3818
8 3819
2 3820
2 3821
10 3822
2 3823
6 3824
8 3825
10 3826
6 3827
7 3828
8 3829
7 3830
4 3831
3 3832
3 3833
8 3834
9 3835
4 3836
3 3837
1 3838
6 3839
7 3840
7 3841
5 3842
2 3843
1 3844
4 3845
4 3846
3 3847
6 3848
6 3849
1 3850
7 3851
4 3852
8 3853
3 3854
7 3855
5 3856
9 3857
8 3858
8 3859
9 3860
3 3861
10 3862
9 3863
5 3864
10 3865
3 3866
9 3867
4 3868
3 3869
9 3870
6 3871
6 3872
10 3873
4 3874
8 3875
9 3876
5 3877
2 3878
1 3879
1 3880
9 3881
4 3882
5 3883
7 3884
6 3885
9 3886
4 3887
9 3888
2 3889
10 3890
5 3891
1 3892
8 3893
4 3894
3 3895
10 3896
8 3897
3 3898
7 3899
3 3900
3 3901
6 3902
8 3903
3 3904
7 3905
1 3906
10 3907
6 3908
9 3909
5 3910
10 3911
10 3912
4 3913
2 3914
6 3915
5 3916
2 3917
1 3918
9 3919
5 3920
2 3921
10 3922
1 3923
8 3924
7 3925
8 3926
4 3927
5 3928
3 3929
1 3930
6 3931
2 3932
6 3933
6 3934
10 3935
5 3936
10 3937
1 3938
7 3939
7 3940
7 3941
2 3942
3 3943
6 3944
4 3945
10 3946
5 3947
7 3948
1 3949
4 3950
8 3951
6 3952
2 3953
7 3954
4 3955
4 3956
6 3957
8 3958
9 3959
3 3960
2 3961
3 3962
1 3963
7 3964
3 3965
3 3966
8 3967
7 3968
3 3969
10 3970
6 3971
5 3972
8 3973
2 3974
10 3975
4 3976
9 3977
7 3978
7 3979
6 3980
2 3981
9 3982
9 3983
1 3984
1 3985
2 3986
1 3987
4 3988
10 3989
2 3990
6 3991
5 3992
7 3993
9 3994
3 3995
8 3996
8 3997
1 3998
3 3999
4 4000
7 4001
3 4002
9 4003
1 4004
8 4005
6 4006
7 4007
8 4008
4 4009
4 4010
3 4011
5 4012
8 4013
5 4014
3 4015
5 4016
9 4017
5 4018
3 4019
4 4020
5 4021
4 4022
1 4023
6 4024
4 4025
4 4026
2 4027
5 4028
3 4029
5 4030
10 4031
8 4032
2 4033
5 4034
10 4035
4 4036
5 4037
8 4038
7 4039
6 4040
4 4041
2 4042
10 4043
6 4044
8 4045
10 4046
5 4047
3 4048
2 4049
10 4050
10 4051
3 4052
8 4053
5 4054
3 4055
6 4056
6 4057
6 4058
9 4059
7 4060
4 4061
1 4062
10 4063
7 4064
9 4065
5 4066
8 4067
4 4068
2 4069
10 4070
2 4071
8 4072
9 4073
5 4074
6 4075
7 4076
6 4077
10 4078
9 4079
8 4080
7 4081
7 4082
10 4083
3 4084
6 4085
2 4086
3 4087
7 4088
10 4089
3 4090
1 4091
10 4092
8 4093
8 4094
8 4095
5 4096
6 4097
1 4098
5 4099
2 4100
3 4101
10 4102
10 4103
10 4104
5 4105
10 4106
9 4107
1 4108
6 4109
5 4110
8 4111
4 4112
7 4113
6 4114
8 4115
10 4116
10 4117
10 4118
8 4119
5 4120
7 4121
6 4122
9 4123
1 4124
6 4125
4 4126
3 4127
10 4128
1 4129
1 4130
2 4131
10 4132
2 4133
5 4134
6 4135
10 4136
9 4137
8 4138
4 4139
4 4140
10 4141
8 4142
1 4143
3 4144
3 4145
6 4146
4 4147
9 4148
4 4149
6 4150
7 4151
4 4152
7 4153
3 4154
1 4155
5 4156
8 4157
10 4158
5 4159
6 4160
2 4161
1 4162
9 4163
2 4164
10 4165
2 4166
5 4167
2 4168
8 4169
1 4170
3 4171
4 4172
6 4173
9 4174
6 4175
3 4176
8 4177
10 4178
5 4179
3 4180
9 4181
4 4182
9 4183
6 4184
6 4185
3 4186
2 4187
7 4188
4 4189
1 4190
5 4191
8 4192
3 4193
8 4194
8 4195
4 4196
2 4197
3 4198
8 4199
9 4200
2 4201
8 4202
4 4203
7 4204
5 4205
5 4206
7 4207
2 4208
8 4209
5 4210
3 4211
5 4212
7 4213
3 4214
3 4215
8 4216
2 4217
8 4218
10 4219
9 4220
4 4221
7 4222
8 4223
7 4224
9 4225
7 4226
4 4227
3 4228
7 4229
8 4230
3 4231
4 4232
7 4233
3 4234
6 4235
9 4236
4 4237
10 4238
9 4239
6 4240
6 4241
1 4242
10 4243
5 4244
5 4245
10 4246
1 4247
1 4248
1 4249
1 4250
3 4251
9 4252
3 4253
9 4254
1 4255
7 4256
2 4257
4 4258
5 4259
8 4260
4 4261
9 4262
2 4263
1 4264
9 4265
9 4266
4 4267
8 4268
10 4269
1 4270
2 4271
4 4272
8 4273
1 4274
8 4275
9 4276
3 4277
2 4278
8 4279
4 4280
10 4281
6 4282
7 4283
10 4284
7 4285
9 4286
6 4287
9 4288
3 4289
3 4290
4 4291
9 4292
7 4293
4 4294
10 4295
1 4296
7 4297
2 4298
4 4299
6 4300
4 4301
2 4302
9 4303
8 4304
9 4305
4 4306
2 4307
10 4308
9 4309
9 4310
2 4311
7 4312
4 4313
9 4314
7 4315
5 4316
8 4317
1 4318
9 4319
7 4320
5 4321
8 4322
4 4323
3 4324
9 4325
8 4326
10 4327
5 4328
5 4329
8 4330
2 4331
1 4332
1 4333
1 4334
7 4335
3 4336
4 4337
4 4338
10 4339
4 4340
3 4341
8 4342
2 4343
2 4344
4 4345
10 4346
6 4347
7 4348
7 4349
1 4350
2 4351
9 4352
9 4353
5 4354
5 4355
7 4356
1 4357
5 4358
7 4359
5 4360
5 4361
10 4362
4 4363
5 4364
7 4365
4 4366
2 4367
5 4368
7 4369
3 4370
4 4371
1 4372
8 4373
2 4374
9 4375
3 4376
1 4377
5 4378
8 4379
5 4380
7 4381
5 4382
6 4383
1 4384
7 4385
3 4386
3 4387
4 4388
7 4389
9 4390
3 4391
4 4392
10 4393
8 4394
7 4395
10 4396
4 4397
8 4398
7 4399
10 4400
10 4401
4 4402
2 4403
10 4404
5 4405
1 4406
5 4407
9 4408
9 4409
7 4410
3 4411
8 4412
8 4413
1 4414
7 4415
10 4416
10 4417
3 4418
8 4419
7 4420
3 4421
2 4422
1 4423
4 4424
6 4425
9 4426
8 4427
6 4428
7 4429
6 4430
1 4431
5 4432
3 4433
9 4434
8 4435
10 4436
9 4437
2 4438
1 4439
6 4440
6 4441
3 4442
10 4443
9 4444
10 4445
7 4446
2 4447
1 4448
8 4449
7 4450
2 4451
9 4452
8 4453
3 4454
5 4455
3 4456
8 4457
10 4458
6 4459
3 4460
1 4461
8 4462
6 4463
3 4464
4 4465
5 4466
3 4467
5 4468
10 4469
8 4470
10 4471
5 4472
5 4473
2 4474
2 4475
3 4476
2 4477
2 4478
5 4479
6 4480
1 4481
3 4482
7 4483
1 4484
8 4485
8 4486
5 4487
10 4488
6 4489
8 4490
1 4491
7 4492
5 4493
4 4494
8 4495
2 4496
10 4497
4 4498
4 4499
3 4500
10 4501
7 4502
5 4503
2 4504
10 4505
10 4506
5 4507
8 4508
1 4509
8 4510
3 4511
6 4512
6 4513
7 4514
8 4515
4 4516
1 4517
2 4518
6 4519
7 4520
1 4521
5 4522
3 4523
7 4524
3 4525
7 4526
6 4527
2 4528
2 4529
4 4530
5 4531
10 4532
10 4533
7 4534
1 4535
3 4536
5 4537
3 4538
3 4539
6 4540
1 4541
6 4542
6 4543
7 4544
9 4545
4 4546
2 4547
4 4548
7 4549
3 4550
4 4551
1 4552
2 4553
1 4554
8 4555
7 4556
9 4557
3 4558
1 4559
8 4560
4 4561
4 4562
8 4563
8 4564
10 4565
4 4566
5 4567
6 4568
3 4569
10 4570
1 4571
9 4572
1 4573
6 4574
7 4575
5 4576
5 4577
4 4578
5 4579
9 4580
2 4581
1 4582
9 4583
7 4584
6 4585
3 4586
8 4587
3 4588
2 4589
1 4590
9 4591
7 4592
1 4593
1 4594
10 4595
3 4596
4 4597
6 4598
6 4599
1 4600
4 4601
3 4602
4 4603
7 4604
1 4605
10 4606
4 4607
4 4608
6 4609
6 4610
5 4611
4 4612
5 4613
9 4614
1 4615
9 4616
6 4617
4 4618
7 4619
2 4620
9 4621
8 4622
10 4623
9 4624
5 4625
1 4626
9 4627
5 4628
4 4629
3 4630
2 4631
9 4632
1 4633
2 4634
10 4635
3 4636
2 4637
8 4638
7 4639
9 4640
4 4641
1 4642
1 4643
7 4644
6 4645
4 4646
6 4647
5 4648
7 4649
5 4650
2 4651
10 4652
7 4653
10 4654
9 4655
6 4656
6 4657
8 4658
5 4659
9 4660
6 4661
9 4662
2 4663
10 4664
5 4665
10 4666
7 4667
7 4668
1 4669
2 4670
10 4671
9 4672
8 4673
10 4674
2 4675
7 4676
7 4677
4 4678
1 4679
1 4680
3 4681
5 4682
8 4683
6 4684
3 4685
2 4686
4 4687
5 4688
2 4689
1 4690
7 4691
5 4692
5 4693
2 4694
8 4695
7 4696
8 4697
4 4698
1 4699
1 4700
7 4701
6 4702
9 4703
8 4704
8 4705
1 4706
6 4707
8 4708
4 4709
1 4710
1 4711
8 4712
2 4713
8 4714
5 4715
10 4716
1 4717
6 4718
4 4719
8 4720
1 4721
6 4722
4 4723
10 4724
8 4725
3 4726
9 4727
2 4728
7 4729
5 4730
3 4731
6 4732
9 4733
3 4734
8 4735
8 4736
7 4737
6 4738
10 4739
2 4740
5 4741
7 4742
8 4743
1 4744
9 4745
8 4746
7 4747
9 4748
8 4749
2 4750
2 4751
9 4752
10 4753
5 4754
5 4755
9 4756
9 4757
4 4758
3 4759
2 4760
4 4761
9 4762
8 4763
7 4764
9 4765
8 4766
5 4767
9 4768
4 4769
10 4770
2 4771
4 4772
8 4773
2 4774
6 4775
10 4776
3 4777
4 4778
1 4779
9 4780
1 4781
4 4782
4 4783
2 4784
1 4785
1 4786
7 4787
4 4788
4 4789
5 4790
6 4791
5 4792
6 4793
3 4794
8 4795
1 4796
5 4797
1 4798
3 4799
8 4800
6 4801
5 4802
6 4803
9 4804
3 4805
9 4806
2 4807
8 4808
9 4809
8 4810
5 4811
9 4812
6 4813
4 4814
4 4815
9 4816
4 4817
1 4818
9 4819
5 4820
3 4821
4 4822
10 4823
6 4824
7 4825
3 4826
7 4827
7 4828
9 4829
8 4830
10 4831
5 4832
5 4833
7 4834
6 4835
10 4836
6 4837
2 4838
7 4839
5 4840
7 4841
10 4842
2 4843
4 4844
3 4845
6 4846
1 4847
10 4848
2 4849
10 4850
6 4851
5 4852
10 4853
1 4854
6 4855
9 4856
4 4857
2 4858
2 4859
4 4860
3 4861
1 4862
9 4863
4 4864
10 4865
3 4866
2 4867
2 4868
8 4869
6 4870
6 4871
5 4872
7 4873
4 4874
7 4875
10 4876
1 4877
7 4878
3 4879
9 4880
4 4881
4 4882
7 4883
6 4884
2 4885
2 4886
8 4887
6 4888
2 4889
10 4890
3 4891
6 4892
9 4893
10 4894
4 4895
8 4896
3 4897
10 4898
2 4899
10 4900
2 4901
2 4902
2 4903
7 4904
9 4905
6 4906
6 4907
10 4908
1 4909
10 4910
3 4911
6 4912
1 4913
7 4914
10 4915
1 4916
6 4917
9 4918
9 4919
1 4920
2 4921
9 4922
6 4923
8 4924
2 4925
6 4926
2 4927
9 4928
7 4929
5 4930
10 4931
5 4932
9 4933
5 4934
9 4935
6 4936
2 4937
6 4938
5 4939
3 4940
10 4941
4 4942
10 4943
3 4944
7 4945
3 4946
7 4947
7 4948
9 4949
1 4950
3 4951
6 4952
1 4953
1 4954
8 4955
6 4956
9 4957
9 4958
5 4959
3 4960
1 4961
1 4962
7 4963
6 4964
2 4965
2 4966
6 4967
7 4968
3 4969
8 4970
7 4971
9 4972
5 4973
3 4974
1 4975
8 4976
2 4977
1 4978
7 4979
3 4980
5 4981
9 4982
5 4983
8 4984
6 4985
9 4986
9 4987
7 4988
10 4989
7 4990
10 4991
6 4992
6 4993
8 4994
7 4995
10 4996
3 4997
3 4998
4 4999
1 5000
I
L
L
T
D
A
Y
T
Y
X
B
D
T
H
S
P
A
W
C
R
G
A
W
O
B
K
V
H
S
L
D
C
U
O
I
F
G
I
S
N
Y
I
B
N
P
T
Z
K
S
S
K
Z
V
P
H
Y
V
C
C
Y
E
A
I
O
F
Q
C
Z
I
H
A
M
A
H
S
N
B
N
N
W
C
G
V
M
L
F
U
W
C
B
I
G
C
I
S
U
K
T
Y
B
S
M
C
A
X
F
Q
U
H
W
L
Z
O
O
H
K
O
J
Y
T
E
M
P
R
Q
S
I
A
H
L
U
U
L
J
S
H
J
A
K
W
I
S
H
O
L
I
B
S
E
Y
G
Z
U
K
Z
J
Z
I
P
F
J
Q
S
B
V
V
D
L
F
I
E
Z
F
Z
I
B
H
Z
Y
E
Y
H
F
G
B
S
T
T
F
S
Q
G
A
W
A
W
A
M
X
P
M
L
O
C
B
W
V
H
B
V
J
Z
W
Z
U
T
C
Y
T
G
Q
Q
R
N
D
C
W
V
P
H
V
L
P
H
X
L
N
Q
I
X
T
K
C
Q
C
U
P
E
L
E
R
G
N
E
M
V
C
R
I
A
O
J
K
F
F
O
C
M
F
D
P
A
X
S
R
H
T
O
I
N
M
Y
U
S
N
J
I
F
N
L
Z
J
R
O
Z
C
C
J
S
J
X
X
W
P
J
I
P
Y
W
A
M
H
P
Q
F
D
X
B
D
Y
K
H
Q
F
E
Z
W
V
A
E
L
X
J
M
J
M
F
N
U
E
K
Y
B
Y
R
X
G
T
T
D
F
X
P
P
C
T
V
C
M
W
P
L
T
X
X
D
U
K
K
N
Z
E
T
V
S
A
Q
M
C
N
U
R
O
O
F
U
X
A
F
K
Y
S
V
U
D
T
D
M
A
O
N
D
E
H
Y
V
J
A
M
O
W
B
O
N
F
A
B
N
H
L
F
C
E
E
W
H
N
T
E
V
W
I
X
C
Q
M
Z
X
M
I
L
V
J
N
G
V
D
X
B
O
V
I
J
H
V
R
A
X
N
E
T
T
I
D
M
D
M
U
L
T
Q
N
S
L
M
T
E
J
M
V
C
X
Z
Z
F
X
H
W
K
D
D
D
L
H
F
U
R
O
U
O
N
H
A
Y
H
Y
N
V
S
L
G
P
G
Y
H
U
B
N
P
M
O
M
Z
T
C
J
U
B
E
G
I
N
L
G
M
F
C
M
X
M
J
R
E
D
C
D
O
J
B
N
O
B
K
Q
Y
Z
H
R
I
F
K
I
G
Z
G
E
S
E
Y
Q
H
K
S
P
Q
E
Z
J
D
H
S
U
R
V
R
L
O
R
H
C
Z
O
W
C
Q
F
G
C
S
A
E
C
H
T
X
P
X
Q
K
A
E
K
I
V
H
R
Y
H
B
K
G
Q
S
B
H
I
S
E
R
H
P
T
R
E
K
V
A
N
O
D
Q
K
T
Y
I
B
O
F
Y
G
N
L
E
A
T
C
X
L
N
I
N
X
D
G
B
G
R
H
P
B
A
V
H
I
E
U
O
R
H
D
I
A
Y
H
K
D
E
H
F
U
Z
W
A
A
Y
A
H
U
F
Q
B
G
H
T
V
G
M
P
M
A
U
O
V
N
J
F
P
L
A
Z
H
R
Z
K
F
E
R
X
B
Y
Q
E
X
H
C
K
F
C
W
U
Z
X
G
J
B
P
U
J
G
P
Z
H
F
J
G
Q
N
A
Q
T
D
L
P
Q
B
M
S
V
H
Z
W
M
R
B
Q
Y
L
V
S
G
M
X
P
K
A
M
X
G
J
Z
B
T
A
C
M
C
F
O
G
U
N
F
V
B
B
B
Y
I
Z
G
B
Z
Z
F
A
D
X
L
O
L
L
O
S
D
U
V
R
A
G
Z
H
B
E
U
C
R
Z
B
U
Y
Z
Y
A
L
C
A
Q
H
X
W
L
N
M
J
L
F
R
W
H
W
V
V
Z
S
N
C
Z
L
Q
G
R
P
G
P
Q
Y
L
N
V
H
Z
X
F
W
H
T
H
O
U
C
Z
I
L
I
T
F
B
J
T
Y
E
Q
J
K
P
Q
S
T
L
J
E
C
J
F
Z
L
W
I
N
I
P
S
V
Q
B
Q
F
K
J
J
U
R
G
L
Z
Z
F
D
Y
A
X
Y
C
M
M
I
V
P
Y
N
L
P
V
X
Z
L
I
Y
V
J
K
Z
A
G
F
U
V
S
I
F
K
M
E
L
N
O
V
P
Y
T
X
E
T
S
W
K
J
A
W
C
P
Y
K
J
Y
P
F
R
I
W
K
H
V
X
H
W
W
I
G
Y
M
Y
W
R
J
M
X
Y
R
P
B
K
S
M
V
T
N
Y
I
C
F
U
U
K
N
Q
W
P
O
E
R
U
X
V
Y
J
M
Q
V
H
T
W
V
E
R
M
I
T
B
V
F
J
C
X
T
L
X
Z
I
P
W
W
X
D
P
Q
T
G
F
V
F
I
W
O
Z
W
A
G
U
W
Y
H
G
U
H
E
E
A
C
R
L
Y
S
D
I
Z
D
P
K
A
E
S
Q
Y
P
I
V
O
R
X
W
F
H
J
O
E
C
K
J
Q
O
J
B
V
B
C
Y
V
V
R
Z
A
W
Q
Z
P
O
Q
S
W
H
K
E
C
H
C
P
P
Y
P
X
U
D
S
X
Z
T
T
Q
T
D
F
Z
V
G
Y
E
F
B
N
F
I
E
J
O
Z
A
N
Z
U
A
V
O
L
E
M
O
F
B
R
G
I
U
H
R
U
E
L
G
S
Y
T
N
J
S
T
Y
J
V
W
V
F
X
E
K
X
J
B
D
Z
V
T
Q
I
B
D
H
Q
G
F
N
P
O
F
G
N
L
U
T
V
K
T
G
C
Q
V
Q
B
N
Q
P
O
N
D
A
R
F
G
T
M
H
U
E
Z
O
C
W
S
L
C
V
Z
Q
H
N
H
D
I
Y
G
K
J
F
Y
Q
K
V
K
W
L
S
P
S
Z
W
S
F
H
I
R
F
H
T
X
P
Z
N
G
V
K
S
M
S
Y
A
U
Y
I
Z
J
H
K
O
F
T
Z
M
O
Y
N
Z
G
Q
G
P
L
B
O
D
X
I
Y
A
Q
I
E
R
N
M
P
J
Q
N
F
B
R
J
C
Q
S
Z
D
X
H
W
J
J
S
L
N
C
F
I
R
D
C
O
N
C
M
Z
S
S
I
J
Q
G
P
S
O
M
G
I
H
B
V
N
B
Z
X
X
O
K
E
S
J
E
N
D
G
O
Q
E
V
B
N
O
E
K
D
X
H
D
A
N
L
N
C
E
W
M
G
E
N
E
P
R
Z
X
W
B
A
J
O
X
Z
O
Y
Z
K
R
D
X
Y
K
U
C
D
L
A
Z
C
W
J
X
Y
H
D
S
I
O
K
A
J
H
M
M
T
D
H
Y
S
L
B
W
Z
G
E
K
S
J
Y
Z
P
B
W
P
K
V
T
K
Z
G
Z
F
J
S
R
B
F
J
V
M
C
N
X
V
X
C
B
E
Y
Q
M
A
V
X
G
J
G
P
Y
Z
I
V
A
W
J
D
Y
U
Y
X
D
B
U
O
N
V
R
N
E
S
B
A
T
B
P
K
Q
N
P
E
A
G
O
X
D
O
N
B
H
U
E
J
I
K
S
B
V
D
V
Q
H
F
M
E
Y
P
M
R
P
B
J
J
X
D
A
R
Q
C
A
M
K
V
S
E
P
D
B
M
X
M
Y
U
K
Q
D
G
P
N
Q
O
Q
E
P
V
D
L
G
C
X
K
C
O
K
K
Z
R
H
A
I
S
W
X
A
S
S
K
C
P
Z
U
A
W
T
U
R
R
G
W
L
H
X
F
K
X
Y
V
V
M
O
E
Q
V
D
K
Z
I
M
P
H
N
M
Q
E
L
Z
U
S
T
X
F
C
S
W
C
F
J
A
S
D
N
D
M
B
B
B
Y
Q
V
M
D
F
S
B
K
R
K
H
E
Y
F
Y
V
F
I
D
S
V
H
A
Z
N
K
U
Q
N
Z
H
A
Q
C
R
U
C
X
J
R
E
W
T
F
S
H
P
D
Z
T
N
O
O
F
M
J
D
O
K
P
Z
C
N
U
Z
H
H
F
V
R
E
N
J
L
U
U
Z
O
C
Q
Y
D
I
Z
F
I
V
N
M
U
O
J
B
Z
P
B
V
G
Q
P
S
M
S
P
V
G
L
S
P
A
K
I
E
X
D
W
T
L
P
E
S
E
C
X
L
W
Y
Q
L
F
A
I
D
D
U
R
M
I
N
B
O
R
I
U
Y
U
W
Z
G
A
C
X
P
S
S
N
T
F
U
E
T
R
F
T
A
D
S
P
V
S
N
R
H
D
S
J
E
E
P
H
G
F
Q
F
N
M
O
W
Y
B
I
G
N
M
N
F
J
N
E
R
C
E
Q
X
H
S
D
M
U
F
F
E
L
R
S
E
D
H
F
U
E
K
I
I
B
Y
K
D
C
J
Q
F
I
V
M
J
Q
C
R
G
G
P
F
M
Y
Q
Y
G
I
R
P
R
N
V
N
I
T
O
U
N
B
H
T
R
O
L
I
B
V
Y
C
Q
T
Y
G
A
G
M
R
D
Q
Q
T
Y
R
V
J
D
D
B
H
M
R
D
R
S
F
T
Q
Q
Y
K
L
Y
I
O
V
V
S
H
D
D
T
T
P
M
Q
M
B
I
Y
C
J
B
V
D
M
L
N
U
H
G
L
A
S
S
D
A
T
Q
D
J
S
O
L
I
N
Y
R
K
C
G
M
T
U
W
I
A
Z
B
W
K
C
F
R
X
K
D
L
S
X
V
S
L
G
V
P
X
U
R
J
W
M
T
A
C
Z
G
C
K
O
P
W
J
C
A
U
D
C
C
E
I
S
Z
L
D
X
R
E
S
K
G
J
Q
Z
N
J
M
M
G
V
N
W
J
W
H
A
Y
J
A
F
E
U
N
J
J
O
W
N
D
X
I
H
M
P
X
Z
O
H
B
S
J
K
A
S
O
R
T
J
J
O
S
I
Y
A
O
N
P
G
I
H
G
T
K
G
D
N
N
O
R
Z
P
J
D
I
H
Y
S
D
E
F
V
C
T
E
Z
Y
L
X
J
B
W
R
A
Y
C
M
I
H
C
A
W
P
R
W
M
L
G
Y
W
X
W
J
Z
P
C
E
L
Q
C
K
U
N
I
F
L
P
B
Q
W
S
B
Z
R
C
J
N
E
C
I
M
P
I
L
W
O
B
B
D
R
Y
N
I
Z
V
Z
N
L
W
U
O
U
W
Y
P
N
C
E
Z
M
Z
I
C
P
Y
W
Y
N
U
X
G
K
W
U
B
Y
G
X
K
L
M
G
U
G
O
K
T
Z
P
Y
M
M
G
R
K
D
C
W
I
H
G
O
R
N
J
W
G
I
D
L
X
N
J
Y
Y
M
R
N
Z
Y
O
Q
U
M
K
S
B
W
G
Q
Z
T
V
Z
Q
F
S
C
L
U
Z
Q
R
Y
P
G
I
Q
C
G
M
M
X
L
N
O
H
V
L
E
E
D
E
T
O
P
J
X
F
O
O
R
X
W
J
P
K
M
Y
H
P
Z
W
C
P
E
Y
P
Z
C
G
A
O
T
W
T
J
E
C
R
A
U
W
P
V
L
S
G
M
D
H
A
J
H
O
I
R
W
S
K
L
N
N
V
W
R
O
X
J
M
Q
Z
J
E
B
K
H
O
U
C
J
V
V
Z
R
A
U
S
B
I
G
L
W
B
X
S
D
W
F
P
O
K
X
T
B
Y
H
L
P
N
V
E
B
Y
V
C
Y
J
B
H
H
Q
K
G
T
N
J
V
C
T
R
H
H
T
D
X
K
F
M
Z
Z
L
R
P
P
U
S
M
C
S
O
X
F
N
E
B
S
U
M
Z
Z
Z
B
J
C
C
O
B
J
P
H
V
X
S
T
S
T
R
Q
O
B
Q
Z
A
R
T
J
X
G
Q
K
A
W
P
Y
B
P
Z
S
G
G
F
W
F
A
S
Y
E
Z
F
P
E
L
Z
L
F
I
L
Y
T
P
U
P
P
S
L
Y
R
H
Z
V
S
N
A
L
X
Y
S
W
I
V
N
V
P
B
F
T
X
Z
M
M
L
M
A
G
A
Q
D
X
T
G
E
H
G
Y
W
X
N
E
A
M
W
C
W
P
O
O
U
C
K
H
N
T
W
X
E
T
X
B
K
T
A
C
D
P
F
K
Q
X
L
L
S
H
L
N
D
V
S
A
E
M
M
Q
L
J
U
P
P
L
R
R
G
O
M
L
H
D
L
R
J
R
W
B
E
B
N
F
K
N
R
V
C
C
H
J
G
E
Z
K
J
P
P
Z
N
D
C
T
W
W
R
J
B
J
R
O
Q
I
F
I
R
R
J
V
J
R
C
X
T
Y
F
F
W
Q
K
U
A
P
Y
F
K
J
G
A
Z
M
A
K
N
C
L
Z
A
C
Y
K
Y
G
L
G
A
C
F
Q
A
C
A
J
E
S
Q
H
I
R
R
A
K
B
F
G
I
F
O
V
D
G
O
C
Z
J
C
P
W
V
G
Q
X
D
G
I
L
V
B
X
H
S
Z
E
B
C
L
T
H
X
J
G
P
M
L
J
U
U
G
H
M
J
O
A
E
A
R
K
Z
G
Y
A
Z
M
C
G
O
L
Y
J
W
T
I
A
I
V
E
X
E
X
D
J
H
T
N
E
M
U
U
V
J
B
A
L
W
O
V
S
X
G
F
K
B
J
L
Q
L
E
R
C
D
U
Z
S
G
U
Y
G
I
P
W
O
P
L
K
Z
V
T
Y
H
L
T
T
Y
H
I
C
K
G
N
U
V
L
Q
X
I
I
F
P
F
F
Q
U
C
T
F
Q
Y
U
O
J
Y
E
Y
Q
N
G
V
E
O
T
A
I
Y
H
A
J
E
V
E
P
L
V
P
W
E
H
D
F
Z
D
X
N
Q
Y
I
F
R
E
A
H
L
O
A
H
K
S
V
C
U
N
J
A
E
J
U
J
D
X
A
Z
N
Q
T
J
C
T
C
Q
Q
V
V
I
L
W
B
S
Y
D
V
M
Q
Z
N
E
A
Y
B
P
L
L
G
O
W
O
F
Z
G
A
R
Z
P
I
Q
G
Q
G
S
J
B
X
W
C
P
S
J
V
K
X
Y
F
B
B
T
X
M
F
Z
W
F
M
F
T
J
U
A
M
X
E
Y
G
U
Z
D
L
T
R
V
X
H
F
V
E
J
L
H
J
V
S
V
Y
N
Q
R
P
D
Z
O
V
I
Z
B
X
A
J
F
B
R
V
N
U
R
A
R
L
D
V
D
J
E
U
H
G
K
O
I
H
U
R
K
O
V
A
M
E
J
O
I
D
J
M
K
M
K
N
I
G
G
N
H
C
T
S
S
K
X
K
A
V
F
W
B
M
S
D
Q
X
U
J
L
A
A
U
Z
R
D
L
F
F
A
Y
D
K
I
L
S
E
X
X
O
K
O
N
B
E
Y
J
U
P
O
W
Y
Y
B
F
Z
S
V
O
T
S
H
C
Y
Y
M
E
V
Z
X
T
E
G
G
L
P
U
S
Y
H
S
K
V
C
W
I
T
C
N
A
C
O
C
Q
V
T
X
X
S
A
B
W
M
Q
H
G
R
R
B
Y
B
H
P
E
L
P
O
B
Q
B
I
C
W
C
P
J
C
Q
X
U
B
F
E
L
X
C
S
N
I
C
U
C
F
R
G
R
F
R
E
W
O
Z
P
W
A
O
J
F
S
K
C
A
E
T
B
A
L
O
D
O
D
Q
T
Q
A
U
U
H
E
X
O
L
K
X
Z
S
R
F
I
H
S
J
O
V
B
T
V
I
H
Z
V
A
G
E
B
K
E
E
O
Z
P
J
I
J
S
S
M
R
N
H
S
B
Z
L
F
X
T
A
R
U
Y
W
Y
Y
T
G
C
A
Q
N
E
B
P
F
W
P
A
X
U
W
X
K
H
N
A
M
B
K
C
T
S
V
C
Q
O
O
M
W
C
Q
Z
U
L
K
D
B
L
M
E
L
V
U
Y
Q
Z
H
F
B
L
C
E
D
Y
C
B
X
I
B
Q
P
P
M
R
F
S
V
S
K
A
Y
T
E
K
U
N
Y
C
Y
P
Z
Y
C
W
X
T
B
Q
K
C
P
I
Y
F
T
A
I
D
T
V
K
B
L
X
T
I
Q
F
I
U
G
G
Q
E
S
Q
W
N
I
W
O
H
W
T
K
F
I
F
B
H
L
P
O
D
I
G
G
W
H
V
M
V
B
R
B
M
M
U
Y
L
M
H
L
N
L
C
N
W
L
T
Q
C
G
D
G
L
G
I
M
P
F
U
C
L
Y
L
E
Q
G
H
E
L
C
V
D
P
K
S
F
E
Z
B
B
P
X
W
Y
Q
L
M
Y
H
B
H
M
Q
Q
W
T
F
G
Z
I
G
W
U
U
M
E
E
S
S
L
J
X
I
U
E
D
M
W
O
S
N
A
A
V
N
W
U
Q
J
W
U
T
A
L
A
J
I
I
W
F
P
M
C
Y
I
W
D
W
N
J
C
W
N
X
H
X
X
G
A
M
K
J
S
J
D
Z
W
P
D
S
O
C
W
P
Z
X
B
T
P
W
K
Z
Q
M
K
A
A
W
Y
F
G
S
Y
E
J
L
G
I
H
G
Q
J
Y
D
J
I
I
N
K
C
M
Y
D
G
F
F
W
Q
R
O
X
K
D
X
D
M
Y
C
U
S
J
S
K
D
K
E
G
H
K
Z
Q
S
B
Y
T
L
O
N
A
L
G
A
R
V
S
L
P
Q
W
T
J
M
D
Z
N
W
M
Z
O
K
L
O
G
I
T
E
K
N
S
F
Q
S
T
Z
C
O
G
B
H
I
F
S
W
L
K
B
J
B
F
T
H
J
M
M
A
M
H
Y
H
Q
D
P
L
T
N
D
X
C
O
G
X
I
K
E
D
Q
R
Y
M
B
X
G
L
P
O
T
R
H
G
O
P
W
F
P
E
L
Y
V
H
V
G
D
S
B
V
H
K
E
A
F
F
C
U
A
O
B
B
K
S
I
L
C
Z
A
U
S
T
K
E
D
T
Q
F
B
E
W
T
D
E
Q
X
Q
H
N
K
H
S
X
H
W
Z
L
H
W
X
S
M
J
R
F
E
H
H
X
D
W
I
N
O
M
W
M
M
F
V
A
J
F
P
U
N
R
D
U
X
W
E
W
V
C
A
E
R
K
C
N
A
M
A
U
U
L
U
K
U
J
O
U
J
Y
C
A
L
D
L
I
T
M
T
C
B
Y
I
H
R
H
Q
G
R
T
N
Q
E
Y
Z
K
R
W
H
U
B
B
M
G
I
O
Q
G
S
R
W
E
B
J
G
J
F
S
N
N
H
W
C
O
I
V
T
Y
C
W
S
I
X
Z
C
A
T
F
R
I
O
R
R
O
P
P
K
Q
C
H
U
B
G
P
O
E
C
P
P
X
C
J
T
O
K
G
E
Z
V
I
J
W
W
R
Z
Y
C
J
Y
C
A
K
X
N
O
U
L
U
H
H
W
B
R
D
A
J
B
Y
R
W
F
W
I
W
F
S
R
D
G
Q
C
K
A
Z
T
F
L
K
X
K
W
W
I
N
K
P
Q
N
F
A
I
E
E
F
M
S
L
A
M
U
O
P
B
S
Z
M
J
M
H
C
T
H
V
F
C
O
Q
F
U
E
D
G
D
L
N
X
P
R
N
Y
V
R
M
G
L
L
S
D
R
K
W
H
E
P
Y
N
Y
Z
P
J
X
H
R
N
Z
Z
L
N
W
Q
F
L
D
M
S
U
V
L
E
P
M
Q
T
E
W
T
X
C
T
E
F
J
N
G
G
D
J
W
G
P
K
I
Q
F
Q
F
V
X
L
F
S
B
X
D
K
M
D
H
C
R
H
Y
K
F
Z
V
C
L
C
Y
J
P
V
V
A
S
T
C
K
G
W
F
F
E
Y
B
Q
W
W
W
R
F
L
P
E
Q
H
F
G
F
A
U
L
Y
E
A
F
W
I
A
E
P
E
O
Q
Z
G
B
F
X
R
L
N
U
S
Z
H
Q
Q
Y
D
B
E
R
Q
X
G
X
N
C
U
W
E
V
M
U
E
N
Z
J
E
S
G
P
K
H
Y
O
J
D
Z
O
J
S
R
S
N
L
Q
Z
T
P
K
C
N
R
P
K
G
T
U
K
L
C
N
K
X
J
A
W
B
A
M
I
O
L
D
J
R
E
U
Z
D
R
P
K
R
J
Y
A
P
N
R
D
C
L
S
Z
A
H
H
M
A
V
N
W
M
O
O
G
O
U
H
H
E
X
B
X
A
I
F
L
X
J
T
U
E
I
W
M
I
O
D
Z
J
J
R
H
F
O
T
Q
O
S
U
T
O
B
N
Y
V
F
H
J
P
B
R
E
F
W
A
X
G
Y
S
C
D
T
J
O
S
W
O
F
O
U
V
C
Q
T
L
O
L
B
W
O
I
R
Z
M
D
K
S
R
I
F
K
N
C
B
A
K
B
H
B
S
K
P
W
F
I
G
A
W
N
A
X
W
O
J
Z
Q
R
W
C
X
P
Q
Q
Z
X
K
O
C
H
M
K
P
N
T
T
P
W
J
S
M
L
G
O
S
R
Q
F
Q
O
L
Z
T
R
H
M
A
S
Y
U
F
L
J
S
T
C
R
B
B
I
I
I
X
C
S
Q
E
U
E
H
M
L
W
I
G
F
L
D
K
G
E
C
P
C
I
A
E
X
O
D
Y
L
Y
V
S
L
N
E
R
S
J
X
W
V
J
W
H
F
W
A
X
A
X
M
Z
N
I
O
G
W
Z
C
X
M
M
F
Q
V
Y
Y
E
L
P
H
T
B
D
J
W
V
X
Z
K
I
F
Q
D
X
D
R
E
M
R
A
I
D
B
F
N
J
W
G
O
N
T
V
G
J
W
I
V
R
H
C
N
H
I
O
H
M
L
O
U
Q
Q
R
C
D
W
G
T
L
V
U
X
Y
L
L
T
K
B
H
C
L
U
T
Q
F
V
O
U
Y
A
J
U
Y
G
E
T
I
K
P
J
I
Y
F
S
O
N
G
X
D
I
F
M
S
A
K
H
Y
W
T
X
W
O
L
D
N
Q
G
X
J
X
A
B
Z
T
L
B
N
E
Y
L
J
E
Q
J
B
G
O
D
L
N
V
S
Z
D
S
P
R
W
F
R
C
V
S
W
L
Q
L
S
K
M
C
D
Z
E
A
W
Z
Q
S
P
W
Z
A
Q
N
J
I
W
O
G
P
Z
Y
E
Y
I
T
M
C
T
C
L
C
L
Z
W
M
G
Z
Z
P
Z
S
N
B
M
P
G
H
V
H
O
B
E
K
C
E
H
W
H
G
W
E
O
X
W
J
E
F
R
R
G
K
F
V
Q
A
M
J
O
J
G
C
D
P
P
G
E
H
B
T
B
H
S
F
U
W
D
X
X
N
N
T
V
R
O
H
Q
H
P
T
I
X
R
U
K
L
D
P
M
J
W
R
P
V
L
P
H
T
O
H
Q
B
S
Y
G
O
P
