5000 5000 5000
2408 3999
718 3827
3143 3906
2422 4296
64 3633
1121 92
1787 1506
2884 3299
2604 2756
2658 4032
719 1791
3061 137
1034 865
1244 4550
1823 3764
3508 4205
699 4017
1576 2732
2741 2036
3623 2429
2527 3882
3281 1983
2151 666
4507 1515
2568 4836
1683 3002
4784 3996
4231 1096
189 3231
2424 4470
1714 2744
1227 3349
4917 2706
4223 2500
1019 317
3786 1072
1275 1374
2985 628
4264 4650
3218 1173
1361 1959
4596 3201
1892 2344
2735 4438
474 4996
4607 3250
2691 1370
1740 4548
435 2671
619 2867
2524 1562
3671 3118
3032 925
1879 4296
3154 2409
2164 2321
4686 3814
2175 2635
2202 4245
1571 559
1480 1893
1521 3051
4696 3265
4745 1988
208 1900
4819 4796
2279 2576
3459 4864
93 1517
1929 820
2693 4370
3350 3533
1492 186
1953 1238
306 429
3588 3558
3736 1455
3344 3305
136 4941
1598 199
3529 2378
2877 3402
710 4303
1309 2035
1631 3864
756 345
1914 1313
1909 4675
4088 2407
3429 2557
2632 920
1589 937
4345 3725
3878 1658
4754 1028
165 206
3755 3902
2013 4478
3149 3650
4004 465
2794 3763
1149 2525
2150 3441
3425 987
2779 3333
3373 4531
1329 3693
4757 4872
3539 1076
1118 2824
3119 2670
786 3344
559 1374
1226 2696
3283 2552
4614 2351
1521 2358
1211 3762
2365 1460
609 4520
4406 961
425 3895
432 4719
3500 1238
1900 1078
4280 1719
501 440
3812 2944
35 3422
3852 383
2442 1252
2219 102
3491 3796
1786 1901
2382 1820
4902 1279
1674 1287
2672 4914
1135 3154
4056 1291
2612 3916
4967 972
2953 824
1720 1939
3661 2309
3505 4453
3927 1226
2274 2029
135 1994
3000 2342
2511 1921
211 4506
1791 4081
4036 3798
3093 2380
4411 2201
455 2472
4679 1839
186 4402
2960 2603
3980 1208
3570 4546
3466 3118
1487 2173
662 4411
1845 2458
685 1462
2198 3882
2913 2842
4111 4910
4592 4748
4217 2919
733 765
2362 3357
4520 281
125 2766
4576 3766
843 1129
1665 1304
500 2295
1870 2298
1001 2449
3636 2033
3502 1232
1692 2947
586 1521
3304 1171
885 3551
1730 885
4696 1613
1482 4907
3843 3091
1219 2898
4016 2705
97 235
3786 1202
4914 3224
600 3352
2616 592
2820 528
2494 1968
33 1013
4674 3068
1003 2238
619 3789
3437 1890
388 3502
2967 791
924 2889
996 4177
4896 905
1179 2987
2716 1274
3799 1345
2501 4802
156 3804
2180 4536
1091 3770
3044 4956
3745 1322
4602 1289
1158 4955
3676 3023
2514 2191
2200 3817
3019 3984
1831 289
179 4424
2986 4119
2915 854
2082 1377
89 3049
4507 1390
1103 2525
450 1454
756 2121
1692 1907
741 3296
4346 2695
1626 2375
4014 3254
292 2248
3025 1300
840 2976
3745 3303
2303 2212
548 758
52 4895
3137 94
2874 3260
4110 3943
544 477
2940 297
3096 2512
3634 1131
276 3951
3300 1658
3317 2545
4351 381
4447 4128
1514 4936
4896 3025
2197 1830
3265 1698
722 4436
3723 936
2573 114
9 3654
3000 2013
2143 3504
1695 4237
1289 3003
226 4060
1213 1246
2800 2008
1882 448
3505 4104
1653 3965
730 4656
962 4146
1057 4855
3976 2867
1790 2114
1173 4139
4557 3398
173 3496
3049 3397
1231 1814
388 3175
160 1159
1223 3188
761 3798
397 4321
3269 2584
4774 4466
4276 2042
2490 2916
4115 3987
1286 73
1643 4057
3213 2546
1553 4411
89 4339
3330 736
3893 3605
4319 4553
4570 2408
1853 2788
3389 1376
2124 877
3085 4540
2392 2315
1747 2280
397 3084
4853 4797
2450 3594
4127 4089
1318 2666
4400 2312
623 4932
1670 3465
3782 4064
869 2354
1339 1255
2716 1317
3052 4862
3415 3283
168 2162
3085 138
3791 1399
1452 3613
4432 4388
346 4589
563 1232
2644 719
4548 1928
4277 4983
1975 2027
4535 4195
1478 3242
1262 2203
730 3465
953 1971
4552 1387
2300 3715
2282 572
4767 2026
455 3697
291 1032
1503 3347
4253 3702
4733 1461
3751 4659
709 2270
2068 3552
3495 4681
3888 2027
3089 3026
3305 4673
1896 4618
4608 2946
361 2804
754 3542
3268 635
52 576
4731 3148
4227 2350
2069 4316
446 1589
4470 265
3286 4388
1154 3750
2643 4049
3518 3812
871 1838
1918 4266
46 2310
3412 2392
3372 2183
3185 1598
1294 302
1966 3767
3834 1724
1558 4153
1571 2404
576 1386
4764 4695
4667 4350
1269 2763
1650 3634
4303 3194
4344 2625
4954 1108
2648 4279
3068 4565
2203 2035
2042 2155
401 3024
544 267
989 595
2193 2012
2670 4389
1825 2770
2579 3158
1909 3171
4750 3203
658 3146
2065 1754
1050 4120
3315 784
3750 4940
407 1896
711 1145
99 490
4878 818
4391 4547
2916 2310
3650 4946
2508 4224
2677 4284
2171 836
3933 4535
2273 2427
1940 3477
1416 3420
502 4916
2546 1262
4771 4173
728 2814
1136 20
2791 3734
479 1216
4966 4771
1978 4925
299 4172
3250 2482
1300 1829
918 3997
3715 4217
4650 2497
2009 3189
2020 4406
3502 4845
2640 40
1468 1161
3344 1853
3742 1572
1337 1572
4942 209
562 1277
4264 3956
2732 4475
1787 942
3190 646
2501 368
1689 980
3736 2503
4092 4422
2829 267
938 630
4165 2000
2525 2046
1015 628
642 2314
628 2752
658 1385
4623 1882
735 4223
3915 794
4571 3482
2635 3175
2245 1961
3035 1379
2691 2664
2386 508
3516 2776
1471 4636
2940 4181
3274 4180
4948 4322
4044 1379
894 1867
2006 4691
464 3378
3074 4140
4456 997
571 321
4001 1194
156 512
3940 3696
4326 1394
3164 3884
2562 3400
4478 4754
133 2839
69 3416
1705 1823
4540 3217
3126 4145
2185 4422
2638 4911
1598 124
3239 2578
3238 3461
2622 2765
4037 3609
3123 4702
2042 1097
176 470
4789 2406
2324 2393
4205 2912
1155 891
1213 765
4369 1106
1558 23
11 1109
2470 3836
928 4585
4723 4872
407 1492
3620 3014
1695 2586
4283 2109
1498 2796
4024 4941
1707 2508
918 4828
3319 4968
1251 3303
4063 3653
2644 1395
3560 1663
1606 4012
1573 92
582 1611
2840 3349
4605 934
2343 1867
232 2921
460 4255
2714 4787
393 2266
3239 2311
3261 1785
1063 818
2729 273
2660 1674
918 3451
1023 2300
3227 3238
2508 3724
2503 3517
790 4851
1321 2267
1455 1647
1747 1911
925 2105
1766 2362
674 3383
3132 1261
4208 4600
1488 94
2958 3461
497 1354
1071 1927
3985 3299
3835 435
1872 401
4457 153
4255 2166
4411 1851
4213 1144
3215 2664
1501 2241
4652 1475
3652 61
3085 577
3010 71
1005 3442
182 3232
2645 1372
1448 153
3355 251
4014 2851
1649 4445
2374 4911
3569 4279
2098 2390
3353 1863
729 688
2514 3109
2019 533
3071 3899
3334 120
3713 4959
176 3225
1730 4057
4410 4017
2728 1138
3090 1038
688 445
3149 4908
312 1804
2553 239
1036 895
1114 1827
3035 2522
2340 260
1194 4766
2576 1238
1227 552
3096 913
2272 356
508 1145
2747 409
3480 179
3818 2454
1387 4482
2352 3155
4769 2786
2877 1672
534 3963
3845 3055
1385 791
4901 2854
2433 1698
150 268
1224 153
691 1543
3142 4965
3277 567
576 4704
4092 4696
1587 1567
1693 1651
423 4448
734 237
3409 1619
4840 2333
2019 1926
1883 650
4205 3830
1386 2888
4602 1435
4238 1101
4792 4221
1691 1622
1380 3161
2520 1586
1387 4816
1101 3708
2457 4334
1104 2083
4391 2107
3958 1187
4007 2765
4526 3753
3901 3099
4940 524
3585 2308
1579 3841
31 2773
2056 2645
2859 4790
3696 4016
3449 4284
3516 3218
4775 2871
2302 2971
4045 1230
3616 4887
4843 2535
1889 4512
384 4046
3550 677
805 4630
1069 593
1821 928
1134 2570
4135 4429
1827 533
1920 2525
1971 841
2573 1272
2238 3103
3951 1880
1568 1547
4458 1709
2239 1496
2583 1988
1820 1125
1665 2789
4919 4204
861 4144
1496 3315
4221 3318
462 4585
1514 3425
2363 1696
4558 4834
1167 2376
1782 4918
3010 19
4930 2065
1328 251
963 2187
4111 3274
4891 2805
879 1585
3587 2261
3335 447
2034 1077
4433 267
577 3093
324 593
1424 483
1919 4323
805 4285
2499 1218
627 3914
68 2441
2937 3959
3765 417
3853 4600
4248 2832
806 2550
263 3592
2857 4566
4078 1653
1909 4769
874 3888
1358 3441
2580 3847
156 3756
4874 2920
1981 1939
4235 3377
782 2243
3098 941
3744 3328
4727 1064
2575 2074
3568 487
591 4585
1034 2935
805 4994
3141 2746
2942 3217
2011 3467
1618 2929
4679 4219
3110 2839
883 1013
1616 2496
2027 3039
3890 1249
570 4207
964 1628
4948 4291
2655 4091
2854 2811
2220 1961
2819 2839
2065 3820
4550 216
3021 1039
3619 2267
736 299
523 1810
2865 3114
1696 277
2038 4724
2838 196
312 1951
3348 2906
2936 3075
2579 1612
2034 1713
3874 614
4149 4684
4478 1730
190 2480
3917 76
1326 3769
2695 4516
1922 4325
2307 2526
4902 1916
4228 3797
3864 1101
2770 3721
4869 4062
1013 2082
1147 205
2105 1662
2237 1034
3752 4402
4712 3865
2796 4275
4946 24
1264 4739
2687 3636
1736 4440
2567 1957
1974 138
4664 4823
1197 1462
1625 1055
2217 673
2169 987
1786 2055
460 4747
4544 303
2842 859
4273 2761
4583 2721
4148 4546
2425 518
1890 2420
2087 4114
3162 1685
2099 3646
4389 114
4795 3819
4100 3372
1639 3118
1237 4143
2728 392
1603 2991
1638 988
2647 2176
2467 1451
1773 2077
2480 384
2946 2282
1250 3792
1902 4264
4876 345
808 888
1828 4424
439 1093
116 889
1778 2750
2603 3780
4822 771
1338 2571
4077 4606
118 802
3646 4319
996 4555
154 914
3329 4279
3393 2034
2488 3808
4587 2199
4772 2579
378 2241
1545 3629
2059 2141
3758 3332
1966 1097
2809 4806
947 973
943 2495
937 3991
3767 4809
3466 1831
659 531
2804 2752
4617 348
3903 1835
3884 698
3073 1426
1619 1219
2432 7
2377 1345
2117 591
4256 3646
22 3651
4450 1969
2176 4565
4323 470
951 752
1294 4639
1927 3775
3974 2718
4659 3546
4147 121
288 3003
2711 663
1093 2413
4694 3597
1026 3163
3851 4763
246 4878
845 540
2476 3922
1728 2342
3954 988
2076 2487
4231 3844
3113 1599
4741 4163
750 688
4990 94
4318 4148
853 3918
1047 1879
4601 1245
2566 1505
3679 3249
964 2582
672 4891
3639 1682
1185 90
4799 2097
3763 1244
519 3960
441 1445
4993 617
2787 1092
4374 3099
89 1289
2728 1982
1438 4110
1779 3104
4034 1469
22 3501
3545 1270
3696 1138
2048 4987
2404 2911
2285 864
3250 3547
4072 549
2651 2975
2430 3741
2059 1783
4747 1664
4922 753
1835 682
1554 1969
980 4851
2843 1325
532 702
687 1745
1076 3287
1237 527
2815 695
1904 2176
4678 2943
3684 1567
2516 671
1106 3224
4423 2501
3035 1267
4635 2788
187 4340
2835 436
2444 267
3573 3421
1894 953
2839 1680
3375 2522
3840 2903
4628 1815
4394 499
4084 3412
302 1288
10 1571
1045 3268
4568 3953
3929 2363
902 1034
2685 239
4864 3589
1523 1373
1275 1570
800 2789
3093 2204
282 3885
4985 4396
3787 4132
1642 2912
3035 4352
2173 3287
3694 4550
325 4504
3454 4672
263 4286
2595 1719
3362 1310
2771 1769
1231 4076
1091 2970
4657 1010
838 3100
1391 2824
2636 2568
1521 771
2136 4467
1683 805
1854 3993
226 3422
1418 2080
2298 2616
2318 707
3317 3402
4585 3285
1361 3267
3342 3151
4745 987
2433 3735
1809 3532
4881 4660
1129 2733
2518 2472
9 1488
3266 2689
3950 1468
2955 3567
500 1619
452 2414
1348 3722
3111 354
3222 3558
610 2171
2856 4985
1987 3300
2404 3386
1711 1652
2454 271
2550 3859
3781 4843
3347 3357
2633 3768
4755 518
2747 4276
2312 3786
1818 1237
3518 2706
399 2954
1542 1969
1311 68
4337 2272
1586 1205
3362 3561
2759 4649
920 3
2241 2534
119 1409
3538 4808
4308 268
1239 3928
4863 581
178 2159
4129 4210
2887 2977
1277 2476
1959 1110
1913 332
4631 1137
380 539
1765 3218
2781 880
3260 707
2019 850
4812 2715
1639 240
2933 4533
435 581
3634 2307
1061 3688
4797 2600
3636 2194
4483 2349
3513 4643
3859 4332
2843 1727
855 1150
3115 1316
2423 1791
4671 4450
3670 3842
1815 3206
2243 3073
1919 1596
1273 2691
4656 3362
3961 3271
2243 2918
2434 3944
2531 3466
1068 910
3960 4387
267 3426
3282 668
4002 343
3075 1498
4755 2101
221 4188
3182 629
3631 4686
2177 619
2275 3336
1281 3818
3731 908
3416 1293
4542 2484
4453 3349
2766 41
815 2764
2164 1390
4358 255
1202 1094
3054 4493
4666 2750
1550 3547
4026 720
1384 3276
2509 4950
4112 1688
2300 4412
1964 2021
3595 4812
769 4319
3921 4413
4526 1390
754 2240
4428 3064
4666 3439
1315 1989
1607 2144
2771 1500
3611 3172
118 4678
2288 4343
1198 518
4373 4354
1853 3458
1928 2422
828 2930
474 3997
311 3770
2124 1283
1875 3233
555 3059
3112 3813
2986 2346
3050 1741
2922 4946
2998 533
4117 3624
4054 217
2412 3424
1340 3144
3272 2708
545 4522
2561 1391
2536 1923
1953 469
3327 3790
4788 2918
539 3007
4202 2245
2124 4385
2184 3497
4550 4984
309 328
3355 3704
4205 2070
4782 3975
329 3868
4236 2234
4234 3821
4631 765
3594 4372
128 4646
3652 32
1159 4388
3428 2442
4847 2760
3278 1317
2986 406
821 4445
2522 2502
2959 943
2497 968
4632 973
2441 1903
4059 1751
4232 1478
2278 3466
498 4858
815 3013
1036 3383
3991 832
3408 2875
4189 2999
468 106
4997 2123
3894 2869
4328 876
2383 3659
4858 183
2665 4144
4061 4964
4659 2334
3459 20
3233 3804
1500 2643
3736 972
4684 1662
2348 308
1441 4971
4118 1739
1959 679
3722 2458
618 895
1517 234
1665 3744
2273 2632
1658 4955
2750 3064
4684 2119
3302 986
1892 4650
3576 2465
2586 2235
4576 1052
4003 2837
3291 1082
3575 512
2654 4217
3136 4119
3623 2172
4720 4209
3312 4653
722 2940
3011 4182
1661 2582
1186 2924
2067 1205
945 4429
2806 2209
4509 3644
1843 3083
4661 2341
3157 2433
3835 4839
684 2283
1183 1981
969 3144
4630 1471
4703 4879
3832 3892
3713 4677
322 2573
4784 3037
1422 977
2965 4267
2670 2779
819 1456
1511 578
3512 2679
2528 3156
1314 3361
3079 1112
4925 3400
2174 3076
570 4498
1521 3385
1210 4446
1568 35
3129 2999
2317 575
496 3515
514 4090
3368 474
4262 353
3329 4210
1671 425
1291 1897
4340 4350
4764 554
1143 1804
1257 2334
2892 1058
70 4556
4469 1415
372 3718
3214 1474
3887 4975
2498 709
1520 3396
4214 2460
1315 1563
3499 1621
3374 339
2351 4304
4663 973
121 4971
2511 1299
211 213
1322 218
3615 2555
3031 4005
4706 2969
3874 1431
401 2213
2068 2761
859 1822
4129 4661
975 237
4259 2490
2822 2109
1269 415
1610 4807
4031 2946
2205 3672
2601 4418
312 372
1110 775
2156 3880
3618 3268
1536 404
1529 4495
2641 4245
4285 1532
2492 439
1624 582
3046 1295
1902 282
1707 706
2650 2211
4964 1097
2966 3477
3504 4885
2166 1204
2499 678
3110 2185
1878 730
4696 711
4070 4907
832 1578
2341 279
33 260
1228 4221
4630 4742
4316 3700
3684 931
226 3612
4128 3082
2952 4579
3536 3599
2301 747
1979 3248
951 1487
4808 4567
1484 2521
203 420
1600 2327
680 937
1713 3158
261 2025
819 135
203 4179
2826 4054
3887 2355
2629 3226
132 4054
1977 4364
112 93
2929 680
1881 1962
3601 3610
2661 2664
4497 2824
1629 1885
3801 718
595 143
4970 1106
4057 2578
2318 2591
4361 2502
4325 760
4069 3831
4865 810
4468 4757
1410 3419
2783 1459
2692 4883
4550 3453
1672 3603
3785 395
4304 2001
3411 1752
2319 1871
3532 1625
1118 4075
4119 3637
379 1866
1271 2723
4176 3625
3079 3249
3269 1661
3920 2318
2628 1817
4242 2216
2881 1898
2092 2506
3780 472
3100 930
4569 1490
1951 3837
2892 3865
357 840
4119 3916
3991 1184
218 3847
3815 1204
4589 992
1362 2816
567 3297
4164 1561
85 2618
975 1835
3813 4356
1925 3059
2156 4762
2458 3737
2890 483
4466 1511
3786 4125
165 414
2291 1785
1897 302
2093 4248
3043 2105
3972 4562
3211 4560
1444 3927
4271 4780
2104 637
188 2253
1832 4242
2536 97
1886 3276
2974 158
585 4651
4284 4661
725 3095
82 2227
2227 4262
3169 1034
1214 3009
548 4093
4890 4807
2867 1937
3037 3089
4167 3488
4140 2233
3198 4344
4465 1590
2612 1653
514 2118
81 1334
1177 4399
2473 4190
1451 394
690 1578
4484 1789
2560 1785
3908 4385
1933 3006
4769 1687
2312 4715
1944 818
2417 4760
1052 2300
4656 566
153 3295
666 949
4975 4544
4701 377
3489 3843
1170 3530
2775 2802
1680 1763
2251 4627
2643 692
380 3686
1296 1694
756 1260
3139 138
537 103
1098 2417
3218 3543
3187 1949
2238 3918
335 3267
3742 3266
2538 446
1629 1850
1888 1271
2018 388
4800 503
1162 3750
3574 1773
3256 351
3531 3392
1398 3147
3309 2343
4514 2387
1693 2588
3452 3369
126 2906
2676 2408
3 4535
439 4068
3885 195
1825 2811
1688 4370
3260 2608
4273 301
1960 1796
3116 4635
3486 3298
3398 4401
1555 4036
1245 1835
943 4405
492 3244
129 3957
2807 3418
597 2824
613 2248
1876 4228
89 518
3719 915
3849 1376
1770 1502
995 2121
4215 4302
2887 1421
4235 289
3446 2687
1073 4249
1122 1290
3515 3842
2347 128
4763 117
2181 1226
753 354
1084 321
99 4305
1550 4811
3330 3868
4587 2283
3149 2128
3119 1624
4984 3656
3063 1644
3874 4861
672 2205
144 568
679 2531
3138 2156
554 570
586 2461
4510 2638
2660 2597
1162 2472
807 892
3637 2236
2449 3220
3426 528
2473 1848
2564 4365
3706 925
546 2961
1882 4375
4008 1947
3459 2855
597 4564
1600 4825
524 2014
3173 1503
3118 4116
1455 52
4321 4252
1521 2980
1517 778
798 1561
2335 4100
1885 3736
211 494
3106 588
3818 3936
2848 3730
3871 1172
3060 2187
4784 1740
1061 2667
2545 301
3550 879
2929 2880
4128 4399
1218 4743
1956 4379
684 4960
3679 1825
4218 3788
934 2806
2645 4803
990 628
1022 4222
480 3387
3623 4542
4261 3848
2121 2024
1624 2961
3324 111
498 2327
3866 144
843 876
3860 3667
1338 3216
1307 2698
306 1832
4384 1165
1035 908
2854 1196
3266 429
4013 1404
3962 4903
453 3717
4276 1096
2592 2998
318 3727
3267 3343
799 2725
1852 2020
4406 3023
448 740
3980 2760
2491 243
4262 1663
4976 1445
3883 2408
4975 216
854 874
4969 1571
512 4019
2551 3226
1499 4954
672 2693
3808 4945
4089 3193
2725 2594
31 1542
3222 2051
4561 721
2277 3024
1002 1674
4983 2508
607 4563
4293 76
2841 4887
597 1422
1870 4064
4997 2465
273 4818
823 1964
1880 675
2071 4101
1336 3746
2411 3959
433 2856
4454 1359
551 4348
1862 1284
2315 3766
3430 1110
1593 4535
2148 1771
3898 2672
2300 3929
3042 687
850 451
309 4350
319 181
1882 3174
1495 328
1688 1441
4011 4631
1375 4921
1811 1536
381 2963
272 1138
3684 3563
3697 1564
3791 3090
4264 3436
3962 3549
4456 4717
671 2173
3126 2283
2976 2722
3120 99
4185 4738
2933 3031
3175 4693
2474 1418
1432 1573
3815 4181
139 2985
2028 1166
1354 3853
4730 1452
1903 8
4820 1966
3271 2030
1371 1308
452 841
3015 4832
4687 2279
1865 153
4336 3055
1235 3574
4856 4185
1783 1219
2111 2234
4238 3128
4276 4505
4743 2088
88 167
3257 833
4046 205
3333 4642
2970 1985
4321 1262
3935 4368
1425 924
4660 3616
4154 3503
4136 4926
814 4248
4179 897
3458 1012
439 4539
2070 3585
4742 636
1133 3185
694 1931
3404 4261
1313 736
4970 2685
1111 3761
1624 3518
3577 429
3785 4
2957 2637
62 4986
125 140
2346 4318
2224 859
2786 1711
4934 1448
1803 2920
4969 2193
4859 1108
3959 1051
1983 4773
2810 225
2157 3104
3876 1971
196 4472
4850 1474
4003 315
3248 4906
4844 2796
4169 121
1722 2378
3300 2095
1859 436
4134 460
3319 1893
2229 4065
1554 1970
861 338
1031 4279
1314 1059
2024 4174
2207 1554
875 3726
1195 861
4883 3516
3315 2738
2795 2653
4541 1787
4485 3590
4771 520
805 2900
2974 2490
2694 2247
4098 4755
3032 2907
8 1513
3037 1259
1814 960
4242 850
662 4239
3261 1813
4271 423
3653 3369
3348 4615
2893 3923
3208 998
4829 808
1346 1057
2580 2586
1355 2240
3639 800
709 4261
1950 4548
1689 2477
1903 3502
419 3159
4331 2199
3535 1267
1131 4232
4397 2603
1368 4180
3409 1052
1700 4627
2063 712
1230 1547
4738 2166
2566 407
4850 927
2598 3468
764 3315
3661 1138
765 1533
4904 3184
2356 4827
1755 596
2967 4686
4988 681
1676 4124
3310 1271
2730 2639
3256 1414
2660 1562
1378 4546
1776 3648
1878 2577
2256 1928
850 2198
4079 1869
457 2433
3953 2661
3726 1096
300 2455
19 1886
1301 2855
145 1466
1095 1753
1498 2700
4943 1545
45 2481
3023 1116
4261 1405
198 1313
2073 2982
4662 472
260 4570
131 2040
4132 984
4993 4400
1536 1801
2712 2528
262 3281
2271 105
1750 3288
817 2324
350 1961
1755 1822
3483 2463
1667 4505
2929 1785
4149 3931
936 3393
4185 3563
852 2359
2699 30
2694 3800
3124 2617
1111 948
4545 2098
2440 3994
4700 1104
4445 1679
1852 3728
840 517
2377 3144
3349 4593
1656 150
4999 3329
1408 2208
2788 1341
2890 4933
2413 1436
4466 374
1155 1051
3059 2970
650 1786
2056 490
2954 1140
2254 4762
128 4217
427 2437
231 4132
827 2133
4732 2054
4077 337
3926 1197
2531 246
2366 1123
3416 1402
932 2859
1648 1827
4512 3122
3835 4149
19 3424
1925 1350
4903 2502
2281 2958
4198 4233
1314 4919
3497 449
1475 4271
996 2179
409 3327
4751 1138
645 2001
2587 4530
3551 4144
1225 1575
2946 1822
4261 2353
1648 1478
2565 558
2761 2160
2690 4574
2906 3572
4285 2440
2230 4688
3496 4198
4222 707
3672 4570
805 2859
3609 1654
666 4791
3879 68
2354 3438
2284 1153
683 2596
2782 1010
4277 3594
3051 4908
126 408
2724 913
2574 4557
1468 4603
2306 4142
3667 3389
3694 2786
3719 3091
3900 2202
4329 2782
2633 3049
839 3016
2051 4642
3466 4780
1381 4046
2400 677
1477 1442
1214 331
558 2398
606 2524
3588 2439
4669 4126
2811 976
441 3898
2202 3529
1067 3099
1939 1183
2834 1244
230 394
3234 3401
2087 487
3757 2116
4778 3896
197 234
3398 3673
1901 4864
1148 1804
2207 4096
3187 4731
1252 510
1361 1791
3378 3364
1167 312
4973 4960
2124 2873
4059 2080
3351 4992
152 1589
303 1154
2939 1511
4387 3841
1314 1635
1474 4564
4720 1898
1955 390
148 1113
4141 3064
2346 2340
2672 2900
3754 3573
3261 1874
2779 644
3274 1458
1572 4759
2726 3562
123 1816
3695 4163
1805 2146
633 1836
1977 900
1746 652
4196 2807
2102 321
3673 2235
2150 948
3646 1162
4497 1472
3077 1105
3240 1677
624 3036
4706 964
271 192
3308 4746
1347 2113
1196 2219
2824 865
3916 1554
1994 2465
3763 710
1165 1020
4173 2356
4433 3239
4959 3284
3858 1964
549 2330
3738 63
4328 3883
1004 4774
2020 3073
719 2350
3133 469
4864 3356
982 714
4029 4544
3520 3029
1558 4597
748 4269
3126 1437
2161 248
3625 4038
3202 3411
2253 23
3256 612
3897 2387
3304 3237
3365 1545
422 98
4655 3969
424 3658
2249 1993
1111 1733
937 4879
1805 3175
2640 248
4330 1763
1090 1611
86 1588
8 486
861 4958
713 1125
3234 3109
3904 1306
2526 2768
2625 4793
662 4557
1503 3509
3205 2402
4582 2709
611 4832
228 2307
3979 4128
4596 4553
1747 2302
2733 2189
291 4189
4138 1454
1644 3234
463 308
2869 4289
4450 181
1552 1408
1738 2913
3173 3352
4739 1201
4472 483
4941 2744
4956 765
1897 318
2935 647
914 887
3340 2633
1997 3643
4133 1924
4179 3758
1192 2437
3394 3530
3433 3414
2162 2314
2981 700
4607 2815
1376 2987
2055 3274
1213 2474
728 3818
2830 2148
3125 4090
702 746
1250 4417
2028 2454
2581 4198
1800 4176
4530 4658
2527 348
2037 4943
1744 2758
555 649
1489 2708
3981 3597
1775 132
2168 1430
2531 2661
2501 3121
407 430
1856 3508
3562 1507
2183 3215
2508 4344
4176 1902
3035 1752
848 4178
297 3074
2420 918
2510 1271
256 3542
1726 1401
113 304
4648 4552
3561 4877
314 1401
1265 4731
165 4434
3769 3372
2876 3140
4939 3191
4179 788
4007 4983
2299 3748
4059 3088
4286 3502
3359 1665
1118 4876
4347 2285
185 2196
38 447
98 934
922 4044
751 4277
4708 2566
3956 2019
187 2150
212 1714
1771 2511
858 578
2159 3311
2801 3050
2530 592
4167 4580
2716 4113
4328 3650
4391 4220
604 92
1431 829
1594 1591
4057 1965
1909 3782
2348 3772
918 1820
1116 2411
243 4195
1533 3832
4443 547
1971 458
3487 4347
2748 4855
3531 3886
4943 544
1453 4020
2414 958
4847 3385
811 1107
4506 406
1207 3596
2215 1018
2287 3900
2397 4831
2538 2559
4767 4588
2652 1932
737 1329
3353 3199
3392 3726
3192 3779
4972 2093
2337 150
3531 3776
3004 1347
1158 1689
3900 1214
548 4343
2266 1429
1255 2691
4870 3795
807 3470
506 4579
2758 300
3225 3658
2031 4453
599 2140
3096 1714
3512 344
32 2544
4369 2936
3128 2384
1114 3375
1261 2533
547 4463
1941 2440
3061 4637
4268 910
3414 852
426 771
2078 4558
3013 4594
3034 4838
1559 4815
2080 1218
3054 203
2812 4948
749 4579
524 1417
1180 4427
145 2887
3159 1216
1580 2515
2873 4015
2365 115
2409 3323
3834 4336
3639 1151
809 3131
1280 2633
967 3398
1201 4785
68 453
4173 3235
2849 114
3430 4774
3518 2948
4080 3028
4779 3146
898 4293
3814 3445
4320 999
3504 1486
3751 1489
4922 2495
336 3865
3690 1425
1194 1245
868 2044
3633 2567
3093 2021
4625 2878
2017 3482
2778 872
4628 2966
223 1691
360 4057
3035 881
1323 708
4370 754
4822 3535
4112 2760
3690 3843
4941 3946
4954 2555
4190 484
3446 4587
3517 3593
4559 175
1339 1254
2868 2938
1719 2345
739 1772
3023 4830
1122 4183
3867 4644
3982 4617
327 2036
4644 3558
333 1102
363 383
4671 1729
1535 2118
421 2436
3612 2672
2292 4418
4586 4586
1269 196
2082 688
1427 3399
1683 443
1938 2495
2074 3142
3741 4306
3873 3830
4191 1007
3493 3751
3683 3274
1049 4651
4102 1667
1573 3901
3968 679
2142 1342
3628 2643
3163 310
4447 1570
4189 4530
83 2037
3735 3356
4492 4459
376 2030
2351 3708
2261 132
2563 2989
2268 1380
2181 2454
4853 972
4910 3646
2350 2581
2764 1495
4959 4338
3760 4223
2167 144
3702 3392
2144 112
422 261
1379 1726
4313 2757
378 1695
3697 4186
1127 4821
4008 3
3463 4542
4677 874
3236 2259
4124 1449
785 4476
1972 4778
2017 1533
2995 3572
4843 4620
611 4127
3064 218
2417 3724
3743 562
1154 1323
1818 125
862 1976
2200 2238
2408 2944
1704 4571
2500 2552
4818 2599
4546 4787
3472 2308
3854 333
2161 1471
4399 1884
3660 4604
1073 2987
4879 3018
2401 3768
4884 3510
4095 3297
3149 2328
3641 4643
37 3740
3931 2652
3695 3347
221 2272
3172 4696
3275 4887
4018 1184
3807 768
1044 3655
4396 2254
4924 3478
2248 1966
4540 3879
1460 3286
2040 745
2412 3744
1806 88
2286 3083
2760 1156
60 1067
1837 3903
178 3051
4212 1140
2487 3565
4946 4324
1162 4099
3177 936
25 79
318 4434
418 1524
1540 4580
328 4584
605 3257
146 357
1239 2221
1289 4641
443 2778
210 1652
2098 3969
280 4500
4494 4578
1547 3653
298 2269
1560 2931
4265 2719
4030 1372
1309 501
4029 184
1405 2459
1583 92
752 265
3017 634
3542 2697
4463 3454
1165 2885
2046 2863
3650 3092
2453 4244
696 459
3553 4469
1455 3235
2832 331
2474 3519
2952 3973
1494 1335
2909 3450
4422 1991
3451 3470
2741 3738
4769 627
4200 4647
4473 1699
1678 278
549 2119
3743 4571
1591 4152
635 567
2743 3593
1861 3780
763 1228
2673 2946
2377 2775
2014 306
3800 80
3302 546
2506 1815
997 415
4809 1444
2874 4105
3420 2978
2551 3916
3506 1468
3399 4762
800 3617
1686 1925
2455 4542
892 1287
2642 961
4129 2800
3531 2065
2347 3234
3859 2322
2696 2047
430 4157
1302 598
4164 197
282 3417
779 3813
2971 182
4444 2934
3201 3392
1142 1551
2965 4574
246 1853
2545 4071
1572 4877
843 50
3 4519
2024 4114
2699 1753
2237 2641
2006 2914
794 4039
1049 4791
2117 2274
4065 4515
927 3506
940 1370
2705 4930
134 3991
3319 3206
3277 3225
3343 3033
603 728
2306 3268
1723 2179
1699 3422
3408 3603
3085 2021
2870 4191
371 4379
4243 4935
4398 849
1063 4709
2712 546
3491 1707
650 1994
961 4970
3920 3995
229 1513
1125 2272
461 2474
2086 325
1043 2664
3251 2409
2213 276
1998 4470
1729 1013
2278 1935
4382 4329
2465 3163
2376 271
1828 2141
2078 3889
2525 1909
3840 851
2034 4425
973 2289
2974 1977
1231 3267
262 1494
2556 3681
3867 2415
4407 3788
3276 3827
679 3683
2075 4704
4400 2952
362 3292
2138 1187
2086 4366
914 1833
2465 1467
3457 2904
2299 1437
3459 2699
751 4222
454 126
1841 1483
2818 1758
1064 3988
3401 3842
3408 2473
914 368
887 4960
1453 2737
3005 532
1340 3045
1914 3592
2533 1703
852 818
2476 2260
3338 3345
958 3271
2000 3301
2131 4687
3861 1863
4262 4987
3015 3185
3552 3056
4030 4804
2827 4322
4177 2218
3298 3022
292 138
3625 678
2160 2834
1559 1999
740 177
3385 2589
3757 3843
544 827
4016 958
4068 3270
3525 4195
2559 3366
4989 3388
2208 2445
2225 3449
116 1878
4168 1247
3455 2489
509 3596
180 3482
654 2006
3880 1556
543 1400
411 1860
4759 1319
1928 2567
2726 24
968 1265
4926 4021
2005 4293
4698 4574
2 1790
1133 2075
2359 4252
4741 4781
468 3604
4496 4572
3272 156
2309 2717
1691 4338
2167 2680
1622 44
1748 2404
535 2482
3057 4488
2221 2713
3994 4862
2882 1310
2568 1825
2128 3002
4799 2705
3175 1230
1777 4080
1104 4431
28 4555
2167 4617
3771 4283
4892 4782
495 2331
3765 4449
3183 1456
2645 4741
1517 741
3478 4513
1098 44
3276 4858
2051 4324
4351 4429
3175 4549
1042 1215
3846 3002
2466 4405
583 1978
2388 3473
1052 1198
3179 3074
4457 4435
4493 4455
2578 503
2123 2886
2934 2272
4264 611
126 4308
2603 919
2247 934
981 4024
2780 2797
3320 2032
754 2132
1509 2927
2888 2867
4169 311
315 4212
2731 3434
2096 4956
1375 2243
396 4563
244 143
4291 985
3435 4746
2898 4553
1095 4955
4440 3372
4469 4188
4339 4600
4958 2560
4484 754
3819 2590
825 1521
1262 1259
1701 1658
61 1097
2655 155
4789 4046
521 4438
3692 2177
885 1202
1482 3655
4164 4665
2290 1934
1315 1169
4268 2
1291 4705
4896 2451
1568 1273
645 3675
1257 4833
700 3237
3336 687
1943 334
4674 3005
1171 1642
2694 2686
2216 2334
328 4053
1704 4046
52 103
578 1856
1861 3749
2380 3633
2372 2409
853 3704
3753 3042
1854 3547
4111 4135
692 625
3 1921
2855 4190
3211 2841
3314 3388
2746 1758
3778 1145
1529 395
3447 3467
1120 374
4151 4924
1851 2203
1150 1677
1744 2804
771 4896
2596 3747
2568 2359
311 2581
1176 1475
4494 1428
4376 12
886 1079
377 2256
4473 3327
2111 1413
4610 4493
2458 4063
606 2152
2481 2520
2440 3236
3888 4761
2477 4813
3357 1204
18 2542
4924 4355
4750 3544
1038 3604
3838 1287
4936 3229
3440 4954
2570 580
2098 2005
2271 3198
1497 3723
780 2090
3106 496
1696 3493
21 3093
3439 2769
1153 1986
6 4264
1485 573
2393 145
701 1881
1414 3290
3898 539
1615 1109
1491 1404
814 3411
2062 2425
1664 766
1082 4584
1103 4692
1429 746
2119 2377
2162 4687
177 2025
4227 111
2738 1617
2497 3075
3466 3917
2800 1839
2382 2780
3565 2854
1490 2100
2061 3067
1048 614
4755 1191
4328 4722
4605 472
1870 2699
3736 3315
3004 148
346 1789
4763 4784
2775 1231
176 3291
2889 1773
407 2229
1294 2709
2328 2601
3294 2596
469 438
1580 3457
3024 2812
3320 1913
2807 2928
2831 883
2845 3459
849 1041
1172 4667
1475 3371
1986 2674
58 655
4702 1025
1185 1468
3721 900
4401 1313
2994 4682
826 1146
3610 2417
3230 2220
1183 4918
1200 4430
4092 1886
170 414
1353 157
128 505
4402 161
3170 3455
4351 683
2141 2338
2506 1423
2712 3145
3898 586
4501 2437
526 2181
385 919
2221 4955
2026 1262
104 3430
3541 2682
1075 699
1338 861
3622 282
4521 744
687 2763
4010 3399
4776 1807
1304 240
3178 1215
2470 3239
2009 1769
353 2575
2298 3587
203 2387
1564 1201
1354 3054
1616 2134
888 3316
2062 4373
1736 1038
1182 3900
227 2147
1855 65
213 3905
1671 1825
3144 4922
4070 3907
139 3561
474 4017
2595 3056
1081 722
4374 2735
1525 2402
717 1976
4403 1909
4887 435
4027 3564
1102 2065
2756 3657
1883 3066
907 3120
3174 2023
2963 4361
4538 2934
2682 1115
4421 4312
3284 536
2224 475
837 800
210 1537
4379 4727
4479 1555
4507 4551
4978 2541
3549 4036
1044 2256
2164 876
578 1098
861 4103
311 2149
747 2084
2012 4055
1625 3024
299 822
990 4858
1834 3469
2838 4768
222 22
2099 1782
1157 3756
3191 1233
4259 4218
1790 2553
1563 2799
3056 427
938 3760
4857 4729
538 2688
3589 1898
4473 3969
2222 4136
1762 2324
231 2601
2690 4289
481 2917
328 1795
1336 3269
3741 1697
811 3412
1582 3908
4060 856
2232 711
4617 3945
3489 1718
4527 353
1320 4473
2323 4571
1468 88
380 2044
49 4290
4781 3201
3219 3074
4744 4379
2487 1322
128 1784
429 2390
3543 3969
3377 40
4555 1484
513 2181
239 2477
3868 424
3144 3233
4436 4366
1367 4480
3187 1037
1534 3632
1933 2613
1602 1846
1461 3265
4287 2798
1065 259
146 4879
1298 1752
4912 3099
2679 294
3692 1557
1009 1656
2817 1692
2794 3153
1046 1797
3438 1803
3016 3651
1079 2347
3994 3094
722 2386
272 1979
623 43
3482 43
4415 4626
3511 3818
1488 1590
2123 4928
3593 110
672 4001
2358 2310
1778 1343
1264 1506
2126 3180
2822 2764
3458 1656
4361 118
2382 1866
2776 825
1974 1868
3080 1257
1690 281
1499 3277
4148 1087
1099 4842
3106 2810
2636 3812
2667 430
1268 1170
2346 4095
2580 3699
1384 4741
1489 444
2393 3974
3524 2257
3574 1382
4286 3565
769 218
2687 4984
1816 3298
4688 1729
1670 4107
600 2505
2784 1055
3494 4139
1408 2843
4393 732
4752 1358
2536 2533
2346 4529
3494 3996
1008 3420
830 3532
4488 2718
2429 3270
2715 515
4556 1728
4197 4390
3983 2476
3084 3169
1550 3570
4715 3484
3648 3684
3276 554
3752 3899
3324 4764
1399 4280
3152 4637
4688 4588
4147 4477
2776 1639
3790 2102
4508 2590
1258 3564
236 3293
584 755
1018 1119
1502 4637
2553 4667
4883 2913
1665 163
2939 615
4402 3817
4263 571
2217 4636
3057 3781
575 3429
346 2198
2681 1294
3169 4286
4563 739
3255 3859
1276 124
2758 2557
2447 2916
3321 943
879 1965
1060 3984
2237 224
3883 940
3746 4810
2235 423
4129 2149
3439 1894
2764 3909
3553 1636
948 3438
2010 677
382 4275
614 3743
1099 4774
3100 2355
399 3369
4267 2476
1268 4486
3171 660
553 1404
4448 2079
1794 938
2305 2766
58 1310
1906 3639
3682 4823
177 579
4158 3246
959 893
3597 1369
2686 526
4660 3998
4674 2508
4115 4109
4807 1392
4006 1542
4941 143
248 4375
3812 4408
1425 1587
780 1418
2312 1300
4180 2709
4433 4564
3988 2006
2673 3702
2268 3065
3433 3348
1554 4523
3926 1116
1135 3439
1228 237
3880 4133
3028 4389
1644 1820
817 2190
992 4961
314 4754
2928 321
279 188
782 2285
3796 924
3565 1474
2406 4474
3082 4791
4462 1932
1217 517
4862 1954
4471 2848
3657 4393
124 1520
3611 463
1230 513
3486 2139
4833 4751
707 4462
4182 2987
3173 3838
3743 149
1088 3002
2547 714
4664 511
4489 1875
1918 918
1544 4495
3689 3855
4822 714
550 1131
3318 927
4050 2618
2986 2708
313 2116
765 2228
983 4116
1143 1021
2446 365
777 2487
65 3736
81 174
4625 1592
4617 4965
195 4999
429 1573
4519 4529
3925 3853
4947 2305
75 2103
931 3252
342 1778
3925 1133
2637 4458
3432 2631
4432 3074
1916 3633
4289 1205
4315 1817
2197 3110
3635 4004
3599 3358
3345 3825
1238 2549
2435 4695
689 520
4469 1781
3781 4830
1612 2993
2464 1257
2418 3881
96 1877
3251 1114
367 1443
2191 4487
3976 1167
4858 516
1418 4099
1213 103
1501 1398
2009 1389
3442 4310
798 2479
3275 4110
1616 1506
1365 4108
3028 4068
3096 1065
1552 3689
568 4469
19 2582
440 2010
4204 4645
2655 1425
82 2233
11 2298
3708 671
750 186
989 387
1304 159
3823 1426
2983 3601
778 3912
1489 2400
2150 1410
4036 1416
647 1960
887 926
2076 565
484 3341
894 382
4764 2140
140 1002
4453 334
2971 3748
2562 1529
134 1527
3817 4789
4980 2087
4718 4620
490 4854
4416 117
464 1769
1892 4504
2806 3187
3241 4834
4657 2349
2833 3332
3141 4452
1257 3176
1663 1903
4899 3631
359 3088
2853 2243
4501 4571
1832 2538
2138 3435
2992 1103
4904 2335
3397 1695
3041 3876
2590 2735
2555 1494
3183 3769
3348 900
4524 4500
2682 1878
1185 361
399 223
1731 690
705 140
3442 2983
4077 638
4498 3698
4616 2803
652 331
1698 569
3107 2523
3811 991
2912 4051
4480 182
404 556
4608 4139
2057 4012
2964 258
2886 1621
2967 3697
2625 667
2494 2095
4114 1709
2288 2794
1290 3928
2582 4207
4473 2145
2828 3004
4027 3900
4642 4748
4680 3365
1143 3024
4564 806
1442 794
4209 2328
4943 3641
1323 4734
3595 3342
1202 2299
901 4759
3037 2064
2259 2127
4252 4648
2866 1630
819 1585
1498 3961
3711 3551
2504 2142
2073 581
2223 4909
337 66
2547 2148
3028 2999
1786 1788
1766 4049
4814 828
4971 1701
2250 4709
1364 495
4262 297
2116 2098
954 3538
3602 706
3920 4539
305 4749
1054 2913
759 2926
2767 1126
1651 2398
54 551
441 4684
3285 1219
275 2705
384 122
791 3505
4898 2567
969 1241
153 1173
932 3186
587 1331
3950 1474
3 739
2953 4158
2780 140
506 3794
2330 1965
1327 2911
4705 277
903 3378
4421 627
3358 4105
3756 800
1461 744
4487 3751
1791 4676
2442 3677
4351 475
4841 4697
1141 1485
4244 4857
562 2115
12 4408
4203 4017
2219 1052
474 4218
1422 4373
4065 3921
4382 855
987 2757
2121 137
4376 1980
2499 531
3823 1857
2198 3073
1235 240
849 4172
3411 4635
661 4679
3576 3109
2201 1136
1838 3560
3187 3619
1603 3377
4075 4278
3517 4536
3716 2089
871 1082
4345 3674
518 177
4773 3549
3134 4940
2945 4038
2413 34
3522 3969
4711 2778
2553 3489
923 3325
2321 4977
4122 2697
2239 347
903 974
3970 4317
878 4345
2973 1666
233 255
2489 1807
354 873
464 1571
2559 3055
1025 2002
3365 4115
3586 3936
2353 1474
4243 3680
1428 1449
4220 1219
4513 196
472 3282
4168 2271
3620 3757
1994 4624
1668 2874
1557 499
3211 2365
3769 4223
3096 2071
478 3839
4788 2675
3059 2571
3860 3780
3788 3052
2635 3831
91 3435
3526 2405
4220 2388
3924 3401
3888 3901
3110 907
2770 1431
4097 2534
1167 369
3787 2658
4127 206
1432 3426
3133 4486
1378 1557
4497 3461
4998 1845
4051 4382
3115 1427
2707 3803
2629 4846
3404 4066
379 3833
832 2229
3499 3597
2222 445
2071 3640
2686 2111
568 2965
2983 3711
4199 4529
1981 4922
2013 2666
3168 4982
532 2660
857 4350
2541 2361
1309 4435
3218 3399
3246 975
2183 322
3595 1543
2173 1227
4420 3967
2650 4880
2950 4829
1080 2912
4958 4590
4866 1345
2582 4644
1847 1833
4814 1369
1540 4165
4967 2267
4703 2897
4040 2191
4133 2026
4428 2057
2576 3373
304 4042
998 3601
1527 446
1487 4760
2603 3761
1851 1942
1687 223
2284 987
4110 479
2957 3935
1073 4694
1464 1509
3508 477
3975 1746
3958 4985
4471 4416
1671 3792
4770 1441
2061 1879
4487 1740
101 4455
4902 3405
3588 1272
1772 3070
653 3202
977 3474
4266 445
4703 154
282 4568
4190 115
4274 3177
1546 905
92 2717
607 1022
4480 3846
3152 3837
4597 3654
3879 790
3025 181
4404 492
4330 4254
4858 1288
1908 2704
4039 3401
2226 1647
4789 3207
1157 4902
492 1389
2327 4798
1494 1910
3787 1860
2175 2090
2898 3671
3338 1633
1158 4851
1996 4706
260 3398
1823 4753
2851 1023
2491 141
4983 4062
4726 1722
3516 2291
2005 4607
4834 2193
4501 4926
3809 898
4784 3226
2877 4077
1195 3657
1187 3465
3142 1761
2464 4639
4169 2451
1237 2466
4852 3569
2669 4191
1588 1126
3275 2397
3010 2385
4811 2143
1978 1168
4150 2264
3657 1321
2633 4777
3889 3324
1380 181
1179 956
1053 452
1484 3936
1735 3233
2175 5
1208 4345
3363 136
1934 3709
9 4882
2868 1634
3954 3410
1596 2602
2073 2050
2158 3843
1449 2947
1844 83
4048 2058
3031 1175
393 2501
3537 2803
1785 1294
2673 50
3265 1203
1247 468
4630 2930
528 4385
4781 3495
4310 4563
3255 2641
339 1703
4483 4855
2571 4218
1921 2741
390 4304
3901 1511
2041 2854
3548 1832
3467 735
2077 3681
2935 4101
670 4037
4211 1015
3923 4370
4773 4322
4141 4234
180 4963
3986 1993
764 2270
1119 1161
1201 1046
692 732
2940 1447
2848 491
4101 393
2341 4051
4938 3448
1979 4826
557 1234
3339 3789
3369 3426
2298 2366
2463 1858
2306 4958
3353 310
2302 1189
4447 1607
1949 4447
3876 4698
2814 1958
1465 4173
2413 1309
2479 4824
2255 4768
3510 2512
4754 3902
3071 181
4308 116
140 1964
2136 2375
3040 4525
4593 4649
1938 2461
4851 4710
41 2560
2291 2298
4426 388
3699 301
4092 143
998 4900
2232 1940
885 1391
3413 3112
2839 3010
4835 2089
847 3203
4145 4027
344 4967
3626 1807
993 1802
3835 929
104 289
102 1909
374 3259
1946 2836
1732 2511
1801 2445
3506 4005
3264 3614
4385 4567
194 574
2641 3882
3716 3005
4397 3479
4450 1568
862 3512
3777 3559
4167 494
1035 1532
4606 3261
4355 3577
173 3542
235 4507
344 4724
1747 2002
383 2114
1095 203
4232 3690
857 1938
4755 1770
3420 4656
454 1257
691 3437
3784 2450
3800 2106
4013 902
4578 4327
870 4966
4084 501
4075 998
550 4391
3192 76
3666 1415
4352 3045
578 3735
4875 3346
3761 4746
3512 630
857 4520
3857 3344
1113 1606
3176 2581
1983 4232
4279 4487
4573 1896
4678 3520
926 3683
370 1077
4012 44
150 3640
2840 4134
1796 3367
2730 2870
746 195
1438 647
2953 2817
4341 3203
4785 1242
4792 3360
375 1899
4443 2921
4395 4233
385 2771
3806 27
438 804
1987 1620
4917 227
3974 84
339 2672
1957 3231
3897 2744
2585 4823
3452 1488
4251 1342
2495 3703
4031 3896
2500 374
2177 4237
1601 3325
1842 4891
4997 4789
3172 551
2712 1850
713 41
2857 361
3354 3962
931 3992
4207 107
44 635
1334 2817
202 4894
3856 4195
531 1919
2263 3584
1791 1114
3291 2614
2354 3093
970 3196
2770 4224
414 932
999 1031
1184 1139
4425 696
3537 3868
1839 209
2739 2992
2804 1208
4145 4056
3359 2923
1099 3093
1804 3708
405 2960
457 1345
897 772
2629 4344
3359 2182
4139 650
1483 3944
1454 3161
1571 4283
2731 999
2093 1692
4295 3844
3006 216
3328 3108
4032 907
688 816
3033 3112
3670 3096
1844 1666
810 3994
3106 1183
2323 587
2497 4595
1210 2608
654 2804
2711 4942
1883 2527
3877 4932
1620 2506
2732 3504
3571 440
4342 3714
4974 2324
1533 750
2270 412
2365 1785
3772 2873
2749 232
2600 109
1929 2938
3780 2083
2306 4851
1368 2406
3467 774
4745 3142
4588 2708
1526 4406
1604 3775
2959 1372
2163 3602
2207 1120
1804 2980
4613 4807
3779 1782
2814 1191
3969 3085
1045 120
3432 4058
1097 1408
4156 4863
2656 2950
4681 2021
2242 4571
3322 459
701 1655
1073 227
141 1217
2603 1098
2880 4110
4903 4042
1131 4957
192 2220
3001 1863
3442 3820
3916 4790
548 2618
4048 1308
4253 4907
1891 2369
1017 3580
4794 671
3287 954
3996 1668
1491 3921
4130 4410
149 1374
867 573
4453 1347
1878 1272
1248 117
4668 1410
170 3330
4653 1137
3732 4245
2579 2775
129 4530
559 914
1789 2136
4566 45
3460 1674
4781 314
1189 2154
3997 4075
3497 4901
4191 2981
2926 4520
2933 2499
3807 1220
4455 4014
1183 2248
975 4411
3976 2943
4905 2302
3468 2338
2845 896
3819 3636
4916 206
3885 534
3219 2774
2328 4921
1753 4998
1946 4160
3613 2689
1888 3813
1181 3964
4697 2814
2298 1906
2661 2623
1533 4268
491 3642
1187 4373
256 1069
2975 3215
510 4130
170 1280
3876 3712
3942 3256
2667 1149
3808 763
121 813
2239 1277
337 146
50 4388
3535 4801
717 4493
867 1600
741 3627
2696 969
3743 403
757 1959
3584 786
4091 268
1174 37
1102 1306
829 4833
4606 2675
4122 2229
3287 586
2281 4641
3631 1017
742 2487
500 2567
3636 2721
3513 2245
434 2346
1506 4593
251 1299
1975 4825
2480 814
2241 558
4271 1464
3159 3165
2644 2294
3216 505
490 3796
2113 4566
3990 3450
1941 4403
3364 2644
1616 3022
207 3568
2114 2651
1500 2481
1499 4612
3634 4305
3089 2418
2924 1160
3033 918
4468 2006
1373 3909
1290 2743
3220 917
1326 1290
3615 4035
1521 3253
3330 499
2750 1431
3936 4595
2585 327
2699 858
338 2900
3784 425
2518 2397
4739 417
1857 1500
2156 647
896 1078
4431 3379
489 622
1469 830
4968 1408
3924 4219
4866 2009
3600 1498
1993 4478
69 532
2686 1663
823 764
4473 580
4346 2014
2916 3322
964 1213
2744 1615
849 1751
4796 52
4050 2316
2241 4994
3786 3968
1663 712
3975 3527
2591 4083
2968 364
2560 3862
2080 3096
2954 440
3581 1871
3025 4980
3797 2737
2409 3755
2582 2516
346 2754
3950 1293
3361 173
1888 1517
4919 3440
2410 1706
619 2065
3810 3502
2097 4660
4686 3330
1762 1009
3098 3890
2457 1818
3449 2839
4830 1366
642 4018
4020 689
4632 4466
2050 2207
1956 3397
1089 2385
4805 1837
154 2661
95 2235
3853 4225
1301 1232
2526 1351
4580 1011
4381 1650
403 601
3033 3468
767 1844
1860 1987
762 4517
712 557
4669 4582
68 2162
2289 1241
1179 2082
4105 3422
4020 2450
1030 3006
3747 1110
1894 825
4069 2646
657 4196
2412 2241
3537 2569
1541 2298
4827 4991
2809 104
1849 3284
4095 926
1893 2621
3218 1912
3860 173
2537 1669
774 1533
2389 4866
3014 3715
4487 4879
4426 842
4166 4260
1322 2620
3750 2198
3956 1125
3657 2430
883 3352
4157 2021
332 187
2221 1345
4686 1291
571 3971
3684 2058
2263 4070
797 3927
4162 3405
116 4052
1222 4788
3083 4789
3251 4566
1052 2326
3308 3119
2929 3965
4537 4723
1923 3285
2540 2702
1336 1909
2615 4501
4199 2524
772 1188
306 4036
4858 2145
3121 629
3590 4115
3817 4123
61 217
2210 3190
2104 4455
874 411
3466 702
3340 973
3813 2549
804 2368
3331 3787
1728 3593
4542 3349
1079 1458
85 4472
2453 3856
149 228
194 3576
3988 1017
4835 4935
3982 4979
2123 2596
3202 1219
2681 4345
2716 2463
3536 3420
3757 4730
15 2553
3475 3719
1717 2122
302 4499
900 2394
3561 4244
508 3752
1810 2799
2730 1582
4701 2968
1785 1717
4882 3998
3319 661
802 3333
386 2440
3088 313
3943 876
4845 2922
1979 119
106 1072
687 3765
2791 2502
2722 4068
1322 1294
920 502
550 3603
1642 990
2521 2436
4585 4351
3438 720
283 888
2440 4101
1900 370
2686 2376
3549 4352
4236 3729
4892 78
4861 1294
659 2279
233 2182
635 1395
4759 1347
1474 2723
1039 4114
845 4851
3256 4914
3842 3675
4161 4759
467 2515
3210 1506
1239 2765
2174 3378
280 1592
2373 411
3680 1562
2444 2810
3093 2866
2224 2886
575 2193
430 1904
3579 1360
3607 155
3314 1754
3973 415
2406 4417
4827 207
3940 1866
4423 3902
2020 1931
2722 4979
4322 3646
3724 15
2041 1234
1456 879
3077 2681
2696 2946
4783 1642
1719 3883
4181 4287
2482 2976
3934 3831
4088 1589
4099 988
194 4576
741 4125
380 4202
3256 765
3498 3090
1707 1822
2467 490
1195 3423
1651 2073
4346 1619
1335 81
120 2382
1097 1702
3893 4551
1617 1763
4351 4945
1313 2451
4926 1221
3592 3802
1801 2939
451 4632
3373 2039
1500 2411
2589 4179
2301 4695
564 3994
4787 969
1310 1259
1768 4967
4628 3111
893 65
2513 2549
1416 3750
3710 2483
1803 1982
3758 3011
1309 4027
340 2565
2685 1727
145 306
194 782
3468 3258
1993 893
839 577
1496 4117
1575 828
4915 1591
1042 3740
3562 201
2569 3145
3934 1314
2238 2980
2950 3484
4572 3016
4528 196
2227 2213
3362 2791
886 1542
2 3659
958 4839
3761 4723
2686 1951
1292 3492
2104 3067
2647 1679
4845 3203
4576 2735
2822 2222
3672 459
2742 4760
3494 3454
3916 2969
2801 831
3645 4096
1426 1140
2858 4886
3014 2098
2122 4710
729 3621
3981 2558
3188 2059
3073 3072
2647 3258
4418 4851
464 4532
3504 2966
921 335
4811 2225
835 4145
3765 4535
405 166
3059 3592
1896 1659
3831 2064
4894 1897
2666 2691
4224 1000
181 2152
389 361
4198 2160
1086 627
4767 2044
2077 1520
805 2703
4940 1511
1433 4657
1629 4711
1629 3525
2500 729
378 1696
1179 2578
3663 4759
3348 2320
3465 3598
714 2431
2086 2063
1815 4148
1122 565
1430 3742
1857 1413
3829 3426
338 20
2175 133
4681 339
1873 4065
3711 4149
1604 2793
3531 819
2596 4486
2803 254
2901 831
1371 3765
4284 1804
1216 3892
3173 642
960 4210
850 1253
4456 4385
3537 3166
3384 3221
4373 2668
3853 1955
2500 3557
4652 3888
3026 644
3890 1201
1797 3612
3605 16
750 2716
4390 1006
1558 1005
255 4775
4901 358
2003 3353
2604 3075
506 3713
4913 1169
2687 4826
1606 637
3225 3952
4778 1426
923 3865
798 2812
947 4717
476 1028
3340 4052
3964 2236
4465 623
2787 4210
3267 3626
4949 1007
4648 726
4842 3514
2931 1795
3849 2230
3236 3714
41 133
3107 4953
1507 4736
4993 3594
701 3278
565 3736
891 4361
4661 2589
4819 386
2105 3262
3429 1850
3916 4547
2222 3200
2482 561
3322 4101
1920 4805
3832 4301
1275 4520
1210 1565
4552 4041
4417 3939
1928 4370
2770 2343
1978 1360
4183 151
1065 3686
1248 1702
1552 3905
964 2844
2898 2459
1049 3869
2576 2386
2009 1437
3017 648
2710 2973
3231 3673
3868 3184
3862 1241
2690 1910
1613 1203
4115 4786
2399 1785
2743 3890
1760 1554
1453 4020
3114 2002
4821 4816
2079 4323
3015 3877
3149 995
1882 4104
2653 4539
1346 2467
3339 3928
257 4647
997 2951
1059 3741
974 1914
4181 2994
2641 713
2036 3190
1925 2441
3090 3041
856 333
4189 3604
486 4203
1396 18
757 4297
2669 1572
1196 995
2998 1829
1402 2276
4674 2995
2923 3862
3304 2838
2498 4805
4787 2201
3759 4358
4227 3111
4304 203
1168 4243
199 1145
1387 3701
1913 2264
2778 2696
4654 3937
454 3898
1973 204
109 2770
1880 4132
642 2150
4415 456
358 2501
1191 2376
4377 1192
2184 1041
2224 1018
3002 3084
1574 4176
1878 3988
1366 2845
1054 3806
1459 644
4847 2464
2198 4179
4127 2578
3837 4628
1030 3228
54 2857
3091 2488
3170 2707
1852 146
3200 1270
4183 3943
2749 390
1700 2407
3993 2398
1720 4788
1922 2662
2699 3386
3125 51
2775 4103
1041 828
844 1041
4568 3696
1631 4273
1819 397
2104 4176
2786 2112
363 2638
1707 3878
2253 1565
3938 1133
4307 2826
1137 1505
4012 622
1499 4952
3703 324
3851 4105
1953 777
1223 4116
2425 1811
2014 198
2234 4878
1786 2910
1799 1083
39 3303
2274 837
3354 1113
1353 1501
3647 1687
4837 1993
3694 535
2943 349
1255 1360
2432 1964
2417 949
1761 1095
2565 1407
683 2789
3788 3220
3117 734
433 1479
2047 2424
4500 3865
2551 2230
709 924
3245 599
2758 4534
4967 3092
3768 716
4015 3209
2418 4115
2019 822
1289 1420
1865 3940
3824 970
3688 1311
4498 3485
3983 417
4628 3642
3256 31
1807 509
3739 3525
631 429
4425 828
791 4609
1970 525
4846 4603
1316 2227
3345 3488
4842 376
159 1474
3423 2402
4742 4825
4248 4692
1539 882
3762 4439
3467 2561
1762 3533
4010 2156
118 618
3531 2834
1051 4939
3884 1432
1412 4657
2655 581
464 3639
4153 99
3186 1521
2508 1395
934 4905
3090 3465
4530 1788
2852 2010
2760 1462
4342 4680
4503 3761
892 840
2507 2332
3200 3393
168 3044
3482 1161
1449 424
4214 1568
524 2155
3303 497
657 4311
3467 258
1650 4029
3118 4827
587 429
1028 1582
266 3159
339 1825
1306 520
3750 252
3376 2127
3912 2415
3414 1722
1397 3917
4376 3132
863 4614
1919 1742
4139 3860
4786 2564
4151 306
3654 3698
4508 4879
965 114
1218 4460
2226 3083
606 1000
4430 2953
3729 2705
872 4781
1422 558
2040 3760
344 1048
2455 2660
748 408
3723 1618
942 2899
461 2058
3264 4305
352 334
2747 2801
3991 4774
2311 4554
568 3085
3630 1795
971 4240
3514 2059
1009 2717
4381 94
864 4867
2026 3679
3459 2524
1899 3063
2897 1299
4881 2472
1880 4876
734 893
1900 3135
3349 1396
4047 1839
426 3145
3413 2218
3649 1947
3657 2749
3206 1091
1127 2819
2478 2917
1580 509
4061 2955
1048 3177
1519 4942
3847 4832
2115 1743
4897 1384
147 68
3659 3968
696 1753
669 4688
1258 581
1660 3929
4824 1734
3370 676
4206 1758
4811 582
3032 1133
3224 3724
2944 673
1664 3311
2825 1804
1025 4483
3180 1801
1071 1216
4794 503
1203 2694
4944 747
4671 3865
1975 4184
3623 3656
3648 3577
657 421
4181 994
2435 1033
2598 677
3515 1328
1292 2221
3132 244
1443 1292
2981 2237
487 2733
875 3247
3402 4951
1454 166
3140 2619
3594 1437
3450 2120
4208 1306
4603 2
3627 2929
4803 1290
1944 1591
3551 42
2626 4431
1617 2685
103 909
3312 377
2145 2865
968 3846
3575 1171
4880 4502
3480 3889
3475 2243
2364 2031
1255 692
3376 3684
1453 1062
55 2273
3307 1771
1355 4409
4853 3282
2577 791
2194 861
4985 605
1895 1049
2968 1839
4872 1006
4180 2095
3738 605
4577 1269
3662 4965
3552 4719
960 2617
3529 3550
246 4077
3250 4939
2935 1105
1209 2708
2894 4214
720 3941
1161 1721
660 3570
3566 50
4763 3335
3735 3669
2221 2380
480 928
3224 223
181 588
3033 3832
111 3477
4401 3268
2488 1917
920 3671
250 3036
1786 2442
4812 2388
1223 4774
466 2285
2403 3172
1137 3882
638 3353
487 245
2614 3080
569 26
2353 282
2306 2311
2649 3188
2107 4149
4355 2651
4275 4307
2471 489
3377 1572
1703 2004
3899 1255
4029 1306
1061 4053
1531 1509
945 4003
4604 1687
3858 650
3248 3913
1258 3168
2033 1652
4597 112
441 2005
2141 4979
4588 2363
3510 2565
2471 1075
4517 2456
2614 4132
3721 2656
3589 2161
1809 2879
4220 981
4165 2662
893 1204
2671 1804
22 1695
1701 1346
325 3056
877 4716
4800 2590
3949 732
217 3377
3891 4016
3577 615
3984 1660
4202 2297
3878 3361
4398 1520
2354 2822
1727 3380
4899 4300
730 2378
1028 4070
2827 4152
1409 469
638 1341
4506 4027
3301 1781
3523 1445
3166 1700
4681 136
1856 2978
4038 2153
3471 1743
4912 1617
193 1243
2549 2816
3527 3861
3284 1670
3766 3521
2801 3051
3909 3237
1495 466
1733 1012
3581 3177
4999 4971
288 2634
542 1724
Z
Z
Z
Z
Z
Z
Z
Z
Z
Z
Z
Z
Z
Z
Z
Z
Z
Z
Z
Z
Z
Z
Z
Z
Z
Z
Z
Z
Z
Z
Z
Z
Z
Z
Z
Z
Z
Z
Z
Z
Z
Z
Z
Z
Z
Z
Z
Z
Z
Z
Z
Z
Z
Z
Z
Z
Z
Z
Z
Z
Z
Z
Z
Z
Z
Z
Z
Z
Z
Z
Z
Z
Z
Z
Z
Z
Z
Z
Z
Z
Z
Z
Z
Z
Z
Z
Z
Z
Z
Z
Z
Z
Z
Z
Z
Z
Z
Z
Z
Z
Z
Z
Z
Z
Z
Z
Z
Z
Z
Z
Z
Z
Z
Z
Z
Z
Z
Z
Z
Z
Z
Z
Z
Z
Z
Z
Z
Z
Z
Z
Z
Z
Z
Z
Z
Z
Z
Z
Z
Z
Z
Z
Z
Z
Z
Z
Z
Z
Z
Z
Z
Z
Z
Z
Z
Z
Z
Z
Z
Z
Z
Z
Z
Z
Z
Z
Z
Z
Z
Z
Z
Z
Z
Z
Z
Z
Z
Z
Z
Z
Z
Z
Z
Z
Z
Z
Z
Z
Z
Z
Z
Z
Z
Z
Z
Z
Z
Z
Z
Z
Z
Z
Z
Z
Z
Z
Z
Z
Z
Z
Z
Z
Z
Z
Z
Z
Z
Z
Z
Z
Z
Z
Z
Z
Z
Z
Z
Z
Z
Z
Z
Z
Z
Z
Z
Z
Z
Z
Z
Z
Z
Z
Z
Z
Z
Z
Z
Z
Z
Z
Z
Z
Z
Z
Z
Z
Z
Z
Z
Z
Z
Z
Z
Z
Z
Z
Z
Z
Z
Z
Z
Z
Z
Z
Z
Z
Z
Z
Z
Z
Z
Z
Z
Z
Z
Z
Z
Z
Z
Z
Z
Z
Z
Z
Z
Z
Z
Z
Z
Z
Z
Z
Z
Z
Z
Z
Z
Z
Z
Z
Z
Z
Z
Z
Z
Z
Z
Z
Z
Z
Z
Z
Z
Z
Z
Z
Z
Z
Z
Z
Z
Z
Z
Z
Z
Z
Z
Z
Z
Z
Z
Z
Z
Z
Z
Z
Z
Z
Z
Z
Z
Z
Z
Z
Z
Z
Z
Z
Z
Z
Z
Z
Z
Z
Z
Z
Z
Z
Z
Z
Z
Z
Z
Z
Z
Z
Z
Z
Z
Z
Z
Z
Z
Z
Z
Z
Z
Z
Z
Z
Z
Z
Z
Z
Z
Z
Z
Z
Z
Z
Z
Z
Z
Z
Z
Z
Z
Z
Z
Z
Z
Z
Z
Z
Z
Z
Z
Z
Z
Z
Z
Z
Z
Z
Z
Z
Z
Z
Z
Z
Z
Z
Z
Z
Z
Z
Z
Z
Z
Z
Z
Z
Z
Z
Z
Z
Z
Z
Z
Z
Z
Z
Z
Z
Z
Z
Z
Z
Z
Z
Z
Z
Z
Z
Z
Z
Z
Z
Z
Z
Z
Z
Z
Z
Z
Z
Z
Z
Z
Z
Z
Z
Z
Z
Z
Z
Z
Z
Z
Z
Z
Z
Z
Z
Z
Z
Z
Z
Z
Z
Z
Z
Z
Z
Z
Z
Z
Z
Z
Z
Z
Z
Z
Z
Z
Z
Z
Z
Z
Z
Z
Z
Z
Z
Z
Z
Z
Z
Z
Z
Z
Z
Z
Z
Z
Z
Z
Z
Z
Z
Z
Z
Z
Z
Z
Z
Z
Z
Z
Z
Z
Z
Z
Z
Z
Z
Z
Z
Z
Z
Z
Z
Z
Z
Z
Z
Z
Z
Z
Z
Z
Z
Z
Z
Z
Z
Z
Z
Z
Z
Z
Z
Z
Z
Z
Z
Z
Z
Z
Z
Z
Z
Z
Z
Z
Z
Z
Z
Z
Z
Z
Z
Z
Z
Z
Z
Z
Z
Z
Z
Z
Z
Z
Z
Z
Z
Z
Z
Z
Z
Z
Z
Z
Z
Z
Z
Z
Z
Z
Z
Z
Z
Z
Z
Z
Z
Z
Z
Z
Z
Z
Z
Z
Z
Z
Z
Z
Z
Z
Z
Z
Z
Z
Z
Z
Z
Z
Z
Z
Z
Z
Z
Z
Z
Z
Z
Z
Z
Z
Z
Z
Z
Z
Z
Z
Z
Z
Z
Z
Z
Z
Z
Z
Z
Z
Z
Z
Z
Z
Z
Z
Z
Z
Z
Z
Z
Z
Z
Z
Z
Z
Z
Z
Z
Z
Z
Z
Z
Z
Z
Z
Z
Z
Z
Z
Z
Z
Z
Z
Z
Z
Z
Z
Z
Z
Z
Z
Z
Z
Z
Z
Z
Z
Z
Z
Z
Z
Z
Z
Z
Z
Z
Z
Z
Z
Z
Z
Z
Z
Z
Z
Z
Z
Z
Z
Z
Z
Z
Z
Z
Z
Z
Z
Z
Z
Z
Z
Z
Z
Z
Z
Z
Z
Z
Z
Z
Z
Z
Z
Z
Z
Z
Z
Z
Z
Z
Z
Z
Z
Z
Z
Z
Z
Z
Z
Z
Z
Z
Z
Z
Z
Z
Z
Z
Z
Z
Z
Z
Z
Z
Z
Z
Z
Z
Z
Z
Z
Z
Z
Z
Z
Z
Z
Z
Z
Z
Z
Z
Z
Z
Z
Z
Z
Z
Z
Z
Z
Z
Z
Z
Z
Z
Z
Z
Z
Z
Z
Z
Z
Z
Z
Z
Z
Z
Z
Z
Z
Z
Z
Z
Z
Z
Z
Z
Z
Z
Z
Z
Z
Z
Z
Z
Z
Z
Z
Z
Z
Z
Z
Z
Z
Z
Z
Z
Z
Z
Z
Z
Z
Z
Z
Z
Z
Z
Z
Z
Z
Z
Z
Z
Z
Z
Z
Z
Z
Z
Z
Z
Z
Z
Z
Z
Z
Z
Z
Z
Z
Z
Z
Z
Z
Z
Z
Z
Z
Z
Z
Z
Z
Z
Z
Z
Z
Z
Z
Z
Z
Z
Z
Z
Z
Z
Z
Z
Z
Z
Z
Z
Z
Z
Z
Z
Z
Z
Z
Z
Z
Z
Z
Z
Z
Z
Z
Z
Z
Z
Z
Z
Z
Z
Z
Z
Z
Z
Z
Z
Z
Z
Z
Z
Z
Z
Z
Z
Z
Z
Z
Z
Z
Z
Z
Z
Z
Z
Z
Z
Z
Z
Z
Z
Z
Z
Z
Z
Z
Z
Z
Z
Z
Z
Z
Z
Z
Z
Z
Z
Z
Z
Z
Z
Z
Z
Z
Z
Z
Z
Z
Z
Z
Z
Z
Z
Z
Z
Z
Z
Z
Z
Z
Z
Z
Z
Z
Z
Z
Z
Z
Z
Z
Z
Z
Z
Z
Z
Z
Z
Z
Z
Z
Z
Z
Z
Z
Z
Z
Z
Z
Z
Z
Z
Z
Z
Z
Z
Z
Z
Z
Z
Z
Z
Z
Z
Z
Z
Z
Z
Z
Z
Z
Z
Z
Z
Z
Z
Z
Z
Z
Z
Z
Z
Z
Z
Z
Z
Z
Z
Z
Z
Z
Z
Z
Z
Z
Z
Z
Z
Z
Z
Z
Z
Z
Z
Z
Z
Z
Z
Z
Z
Z
Z
Z
Z
Z
Z
Z
Z
Z
Z
Z
Z
Z
Z
Z
Z
Z
Z
Z
Z
Z
Z
Z
Z
Z
Z
Z
Z
Z
Z
Z
Z
Z
Z
Z
Z
Z
Z
Z
Z
Z
Z
Z
Z
Z
Z
Z
Z
Z
Z
Z
Z
Z
Z
Z
Z
Z
Z
Z
Z
Z
Z
Z
Z
Z
Z
Z
Z
Z
Z
Z
Z
Z
Z
Z
Z
Z
Z
Z
Z
Z
Z
Z
Z
Z
Z
Z
Z
Z
Z
Z
Z
Z
Z
Z
Z
Z
Z
Z
Z
Z
Z
Z
Z
Z
Z
Z
Z
Z
Z
Z
Z
Z
Z
Z
Z
Z
Z
Z
Z
Z
Z
Z
Z
Z
Z
Z
Z
Z
Z
Z
Z
Z
Z
Z
Z
Z
Z
Z
Z
Z
Z
Z
Z
Z
Z
Z
Z
Z
Z
Z
Z
Z
Z
Z
Z
Z
Z
Z
Z
Z
Z
Z
Z
Z
Z
Z
Z
Z
Z
Z
Z
Z
Z
Z
Z
Z
Z
Z
Z
Z
Z
Z
Z
Z
Z
Z
Z
Z
Z
Z
Z
Z
Z
Z
Z
Z
Z
Z
Z
Z
Z
Z
Z
Z
Z
Z
Z
Z
Z
Z
Z
Z
Z
Z
Z
Z
Z
Z
Z
Z
Z
Z
Z
Z
Z
Z
Z
Z
Z
Z
Z
Z
Z
Z
Z
Z
Z
Z
Z
Z
Z
Z
Z
Z
Z
Z
Z
Z
Z
Z
Z
Z
Z
Z
Z
Z
Z
Z
Z
Z
Z
Z
Z
Z
Z
Z
Z
Z
Z
Z
Z
Z
Z
Z
Z
Z
Z
Z
Z
Z
Z
Z
Z
Z
Z
Z
Z
Z
Z
Z
Z
Z
Z
Z
Z
Z
Z
Z
Z
Z
Z
Z
Z
Z
Z
Z
Z
Z
Z
Z
Z
Z
Z
Z
Z
Z
Z
Z
Z
Z
Z
Z
Z
Z
Z
Z
Z
Z
Z
Z
Z
Z
Z
Z
Z
Z
Z
Z
Z
Z
Z
Z
Z
Z
Z
Z
Z
Z
Z
Z
Z
Z
Z
Z
Z
Z
Z
Z
Z
Z
Z
Z
Z
Z
Z
Z
Z
Z
Z
Z
Z
Z
Z
Z
Z
Z
Z
Z
Z
Z
Z
Z
Z
Z
Z
Z
Z
Z
Z
Z
Z
Z
Z
Z
Z
Z
Z
Z
Z
Z
Z
Z
Z
Z
Z
Z
Z
Z
Z
Z
Z
Z
Z
Z
Z
Z
Z
Z
Z
Z
Z
Z
Z
Z
Z
Z
Z
Z
Z
Z
Z
Z
Z
Z
Z
Z
Z
Z
Z
Z
Z
Z
Z
Z
Z
Z
Z
Z
Z
Z
Z
Z
Z
Z
Z
Z
Z
Z
Z
Z
Z
Z
Z
Z
Z
Z
Z
Z
Z
Z
Z
Z
Z
Z
Z
Z
Z
Z
Z
Z
Z
Z
Z
Z
Z
Z
Z
Z
Z
Z
Z
Z
Z
Z
Z
Z
Z
Z
Z
Z
Z
Z
Z
Z
Z
Z
Z
Z
Z
Z
Z
Z
Z
Z
Z
Z
Z
Z
Z
Z
Z
Z
Z
Z
Z
Z
Z
Z
Z
Z
Z
Z
Z
Z
Z
Z
Z
Z
Z
Z
Z
Z
Z
Z
Z
Z
Z
Z
Z
Z
Z
Z
Z
Z
Z
Z
Z
Z
Z
Z
Z
Z
Z
Z
Z
Z
Z
Z
Z
Z
Z
Z
Z
Z
Z
Z
Z
Z
Z
Z
Z
Z
Z
Z
Z
Z
Z
Z
Z
Z
Z
Z
Z
Z
Z
Z
Z
Z
Z
Z
Z
Z
Z
Z
Z
Z
Z
Z
Z
Z
Z
Z
Z
Z
Z
Z
Z
Z
Z
Z
Z
Z
Z
Z
Z
Z
Z
Z
Z
Z
Z
Z
Z
Z
Z
Z
Z
Z
Z
Z
Z
Z
Z
Z
Z
Z
Z
Z
Z
Z
Z
Z
Z
Z
Z
Z
Z
Z
Z
Z
Z
Z
Z
Z
Z
Z
Z
Z
Z
Z
Z
Z
Z
Z
Z
Z
Z
Z
Z
Z
Z
Z
Z
Z
Z
Z
Z
Z
Z
Z
Z
Z
Z
Z
Z
Z
Z
Z
Z
Z
Z
Z
Z
Z
Z
Z
Z
Z
Z
Z
Z
Z
Z
Z
Z
Z
Z
Z
Z
Z
Z
Z
Z
Z
Z
Z
Z
Z
Z
Z
Z
Z
Z
Z
Z
Z
Z
Z
Z
Z
Z
Z
Z
Z
Z
Z
Z
Z
Z
Z
Z
Z
Z
Z
Z
Z
Z
Z
Z
Z
Z
Z
Z
Z
Z
Z
Z
Z
Z
Z
Z
Z
Z
Z
Z
Z
Z
Z
Z
Z
Z
Z
Z
Z
Z
Z
Z
Z
Z
Z
Z
Z
Z
Z
Z
Z
Z
Z
Z
Z
Z
Z
Z
Z
Z
Z
Z
Z
Z
Z
Z
Z
Z
Z
Z
Z
Z
Z
Z
Z
Z
Z
Z
Z
Z
Z
Z
Z
Z
Z
Z
Z
Z
Z
Z
Z
Z
Z
Z
Z
Z
Z
Z
Z
Z
Z
Z
Z
Z
Z
Z
Z
Z
Z
Z
Z
Z
Z
Z
Z
Z
Z
Z
Z
Z
Z
Z
Z
Z
Z
Z
Z
Z
Z
Z
Z
Z
Z
Z
Z
Z
Z
Z
Z
Z
Z
Z
Z
Z
Z
Z
Z
Z
Z
Z
Z
Z
Z
Z
Z
Z
Z
Z
Z
Z
Z
Z
Z
Z
Z
Z
Z
Z
Z
Z
Z
Z
Z
Z
Z
Z
Z
Z
Z
Z
Z
Z
Z
Z
Z
Z
Z
Z
Z
Z
Z
Z
Z
Z
Z
Z
Z
Z
Z
Z
Z
Z
Z
Z
Z
Z
Z
Z
Z
Z
Z
Z
Z
Z
Z
Z
Z
Z
Z
Z
Z
Z
Z
Z
Z
Z
Z
Z
Z
Z
Z
Z
Z
Z
Z
Z
Z
Z
Z
Z
Z
Z
Z
Z
Z
Z
Z
Z
Z
Z
Z
Z
Z
Z
Z
Z
Z
Z
Z
Z
Z
Z
Z
Z
Z
Z
Z
Z
Z
Z
Z
Z
Z
Z
Z
Z
Z
Z
Z
Z
Z
Z
Z
Z
Z
Z
Z
Z
Z
Z
Z
Z
Z
Z
Z
Z
Z
Z
Z
Z
Z
Z
Z
Z
Z
Z
Z
Z
Z
Z
Z
Z
Z
Z
Z
Z
Z
Z
Z
Z
Z
Z
Z
Z
Z
Z
Z
Z
Z
Z
Z
Z
Z
Z
Z
Z
Z
Z
Z
Z
Z
Z
Z
Z
Z
Z
Z
Z
Z
Z
Z
Z
Z
Z
Z
Z
Z
Z
Z
Z
Z
Z
Z
Z
Z
Z
Z
Z
Z
Z
Z
Z
Z
Z
Z
Z
Z
Z
Z
Z
Z
Z
Z
Z
Z
Z
Z
Z
Z
Z
Z
Z
Z
Z
Z
Z
Z
Z
Z
Z
Z
Z
Z
Z
Z
Z
Z
Z
Z
Z
Z
Z
Z
Z
Z
Z
Z
Z
Z
Z
Z
Z
Z
Z
Z
Z
Z
Z
Z
Z
Z
Z
Z
Z
Z
Z
Z
Z
Z
Z
Z
Z
Z
Z
Z
Z
Z
Z
Z
Z
Z
Z
Z
Z
Z
Z
Z
Z
Z
Z
Z
Z
Z
Z
Z
Z
Z
Z
Z
Z
Z
Z
Z
Z
Z
Z
Z
Z
Z
Z
Z
Z
Z
Z
Z
Z
Z
Z
Z
Z
Z
Z
Z
Z
Z
Z
Z
Z
Z
Z
Z
Z
Z
Z
Z
Z
Z
Z
Z
Z
Z
Z
Z
Z
Z
Z
Z
Z
Z
Z
Z
Z
Z
Z
Z
Z
Z
Z
Z
Z
Z
Z
Z
Z
Z
Z
Z
Z
Z
Z
Z
Z
Z
Z
Z
Z
Z
Z
Z
Z
Z
Z
Z
Z
Z
Z
Z
Z
Z
Z
Z
Z
Z
Z
Z
Z
Z
Z
Z
Z
Z
Z
Z
Z
Z
Z
Z
Z
Z
Z
Z
Z
Z
Z
Z
Z
Z
Z
Z
Z
Z
Z
Z
Z
Z
Z
Z
Z
Z
Z
Z
Z
Z
Z
Z
Z
Z
Z
Z
Z
Z
Z
Z
Z
Z
Z
Z
Z
Z
Z
Z
Z
Z
Z
Z
Z
Z
Z
Z
Z
Z
Z
Z
Z
Z
Z
Z
Z
Z
Z
Z
Z
Z
Z
Z
Z
Z
Z
Z
Z
Z
Z
Z
Z
Z
Z
Z
Z
Z
Z
Z
Z
Z
Z
Z
Z
Z
Z
Z
Z
Z
Z
Z
Z
Z
Z
Z
Z
Z
Z
Z
Z
Z
Z
Z
Z
Z
Z
Z
Z
Z
Z
Z
Z
Z
Z
Z
Z
Z
Z
Z
Z
Z
Z
Z
Z
Z
Z
Z
Z
Z
Z
Z
Z
Z
Z
Z
Z
Z
Z
Z
Z
Z
Z
Z
Z
Z
Z
Z
Z
Z
Z
Z
Z
Z
Z
Z
Z
Z
Z
Z
Z
Z
Z
Z
Z
Z
Z
Z
Z
Z
Z
Z
Z
Z
Z
Z
Z
Z
Z
Z
Z
Z
Z
Z
Z
Z
Z
Z
Z
Z
Z
Z
Z
Z
Z
Z
Z
Z
Z
Z
Z
Z
Z
Z
Z
Z
Z
Z
Z
Z
Z
Z
Z
Z
Z
Z
Z
Z
Z
Z
Z
Z
Z
Z
Z
Z
Z
Z
Z
Z
Z
Z
Z
Z
Z
Z
Z
Z
Z
Z
Z
Z
Z
Z
Z
Z
Z
Z
Z
Z
Z
Z
Z
Z
Z
Z
Z
Z
Z
Z
Z
Z
Z
Z
Z
Z
Z
Z
Z
Z
Z
Z
Z
Z
Z
Z
Z
Z
Z
Z
Z
Z
Z
Z
Z
Z
Z
Z
Z
Z
Z
Z
Z
Z
Z
Z
Z
Z
Z
Z
Z
Z
Z
Z
Z
Z
Z
Z
Z
Z
Z
Z
Z
Z
Z
Z
Z
Z
Z
Z
Z
Z
Z
Z
Z
Z
Z
Z
Z
Z
Z
Z
Z
Z
Z
Z
Z
Z
Z
Z
Z
Z
Z
Z
Z
Z
Z
Z
Z
Z
Z
Z
Z
Z
Z
Z
Z
Z
Z
Z
Z
Z
Z
Z
Z
Z
Z
Z
Z
Z
Z
Z
Z
Z
Z
Z
Z
Z
Z
Z
Z
Z
Z
Z
Z
Z
Z
Z
Z
Z
Z
Z
Z
Z
Z
Z
Z
Z
Z
Z
Z
Z
Z
Z
Z
Z
Z
Z
Z
Z
Z
Z
Z
Z
Z
Z
Z
Z
Z
Z
Z
Z
Z
Z
Z
Z
Z
Z
Z
Z
Z
Z
Z
Z
Z
Z
Z
Z
Z
Z
Z
Z
Z
Z
Z
Z
Z
Z
Z
Z
Z
Z
Z
Z
Z
Z
Z
Z
Z
Z
Z
Z
Z
Z
Z
Z
Z
Z
Z
Z
Z
Z
Z
Z
Z
Z
Z
Z
Z
Z
Z
Z
Z
Z
Z
Z
Z
Z
Z
Z
Z
Z
Z
Z
Z
Z
Z
Z
Z
Z
Z
Z
Z
Z
Z
Z
Z
Z
Z
Z
Z
Z
Z
Z
Z
Z
Z
Z
Z
Z
Z
Z
Z
Z
Z
Z
Z
Z
Z
Z
Z
Z
Z
Z
Z
Z
Z
Z
Z
Z
Z
Z
Z
Z
Z
Z
Z
Z
Z
Z
Z
Z
Z
Z
Z
Z
Z
Z
Z
Z
Z
Z
Z
Z
Z
Z
Z
Z
Z
Z
Z
Z
Z
Z
Z
Z
Z
Z
Z
Z
Z
Z
Z
Z
Z
Z
Z
Z
Z
Z
Z
Z
Z
Z
Z
Z
Z
Z
Z
Z
Z
Z
Z
Z
Z
Z
Z
Z
Z
Z
Z
Z
Z
Z
Z
Z
Z
Z
Z
Z
Z
Z
Z
Z
Z
Z
Z
Z
Z
Z
Z
Z
Z
Z
Z
Z
Z
Z
Z
Z
Z
Z
Z
Z
Z
Z
Z
Z
Z
Z
Z
Z
Z
Z
Z
Z
Z
Z
Z
Z
Z
Z
Z
Z
Z
Z
Z
Z
Z
Z
Z
Z
Z
Z
Z
Z
Z
Z
Z
Z
Z
Z
Z
Z
Z
Z
Z
Z
Z
Z
Z
Z
Z
Z
Z
Z
Z
Z
Z
Z
Z
Z
Z
Z
Z
Z
Z
Z
Z
Z
Z
Z
Z
Z
Z
Z
Z
Z
Z
Z
Z
Z
Z
Z
Z
Z
Z
Z
Z
Z
Z
Z
Z
Z
Z
Z
Z
Z
Z
Z
Z
Z
Z
Z
Z
Z
Z
Z
Z
Z
Z
Z
Z
Z
Z
Z
Z
Z
Z
Z
Z
Z
Z
Z
Z
Z
Z
Z
Z
Z
Z
Z
Z
Z
Z
Z
Z
Z
Z
Z
Z
Z
Z
Z
Z
Z
Z
Z
Z
Z
Z
Z
Z
Z
Z
Z
Z
Z
Z
Z
Z
Z
Z
Z
Z
Z
Z
Z
Z
Z
Z
Z
Z
Z
Z
Z
Z
Z
Z
Z
Z
Z
Z
Z
Z
Z
Z
Z
Z
Z
Z
Z
Z
Z
Z
Z
Z
Z
Z
Z
Z
Z
Z
Z
Z
Z
Z
Z
Z
Z
Z
Z
Z
Z
Z
Z
Z
Z
Z
Z
Z
Z
Z
Z
Z
Z
Z
Z
Z
Z
Z
Z
Z
Z
Z
Z
Z
Z
Z
Z
Z
Z
Z
Z
Z
Z
Z
Z
Z
Z
Z
Z
Z
Z
Z
Z
Z
Z
Z
Z
Z
Z
Z
Z
Z
Z
Z
Z
Z
Z
Z
Z
Z
Z
Z
Z
Z
Z
Z
Z
Z
Z
Z
Z
Z
Z
Z
Z
Z
Z
Z
Z
Z
Z
Z
Z
Z
Z
Z
Z
Z
Z
Z
Z
Z
Z
Z
Z
Z
Z
Z
Z
Z
Z
Z
Z
Z
Z
Z
Z
Z
Z
Z
Z
Z
Z
Z
Z
Z
Z
Z
Z
Z
Z
Z
Z
Z
Z
Z
Z
Z
Z
Z
Z
Z
Z
Z
Z
Z
Z
Z
Z
Z
Z
Z
Z
Z
Z
Z
Z
Z
Z
Z
Z
Z
Z
Z
Z
Z
Z
Z
Z
Z
Z
Z
Z
Z
Z
Z
Z
Z
Z
Z
Z
Z
Z
Z
Z
Z
Z
Z
Z
Z
Z
Z
Z
Z
Z
Z
Z
Z
Z
Z
Z
Z
Z
Z
Z
Z
Z
Z
Z
Z
Z
Z
Z
Z
Z
Z
Z
Z
Z
Z
Z
Z
Z
Z
Z
Z
Z
Z
Z
Z
Z
Z
Z
Z
Z
Z
Z
Z
Z
Z
Z
Z
Z
Z
Z
Z
Z
Z
Z
Z
Z
Z
Z
Z
Z
Z
Z
Z
Z
Z
Z
Z
Z
Z
Z
Z
Z
Z
Z
Z
Z
Z
Z
Z
Z
Z
Z
Z
Z
Z
Z
Z
Z
Z
Z
Z
Z
Z
Z
Z
Z
Z
Z
Z
Z
Z
Z
Z
Z
Z
Z
Z
Z
Z
Z
Z
Z
Z
Z
Z
Z
Z
Z
Z
Z
Z
Z
Z
Z
Z
Z
Z
Z
Z
Z
Z
Z
Z
Z
Z
Z
Z
Z
Z
Z
Z
Z
Z
Z
Z
Z
Z
Z
Z
Z
Z
Z
Z
Z
Z
Z
Z
Z
Z
Z
Z
Z
Z
Z
Z
Z
Z
Z
Z
Z
Z
Z
Z
Z
Z
Z
Z
Z
Z
Z
Z
Z
Z
Z
Z
Z
Z
Z
Z
Z
Z
Z
Z
Z
Z
Z
Z
Z
Z
Z
Z
Z
Z
Z
Z
Z
Z
Z
Z
Z
Z
Z
Z
Z
Z
Z
Z
Z
Z
Z
Z
Z
Z
Z
Z
Z
Z
Z
Z
Z
Z
Z
Z
Z
Z
Z
Z
Z
Z
Z
Z
Z
Z
Z
Z
Z
Z
Z
Z
Z
Z
Z
Z
Z
Z
Z
Z
Z
Z
Z
Z
Z
Z
Z
Z
Z
Z
Z
Z
Z
Z
Z
Z
Z
Z
Z
Z
Z
Z
Z
Z
Z
Z
Z
Z
Z
Z
Z
Z
Z
Z
Z
Z
Z
Z
Z
Z
Z
Z
Z
Z
Z
Z
Z
Z
Z
Z
Z
Z
Z
Z
Z
Z
Z
Z
Z
Z
Z
Z
Z
Z
Z
Z
Z
Z
Z
Z
Z
Z
Z
Z
Z
Z
Z
Z
Z
Z
Z
Z
Z
Z
Z
Z
Z
Z
Z
Z
Z
Z
Z
Z
Z
Z
Z
Z
Z
Z
Z
Z
Z
Z
Z
Z
Z
Z
Z
Z
Z
Z
Z
Z
Z
Z
Z
Z
Z
Z
Z
Z
Z
Z
Z
Z
Z
Z
Z
Z
Z
Z
Z
Z
Z
Z
Z
Z
Z
Z
Z
Z
Z
Z
Z
Z
Z
Z
Z
Z
Z
Z
Z
Z
Z
Z
Z
Z
Z
Z
Z
Z
Z
Z
Z
Z
Z
Z
Z
Z
Z
Z
Z
Z
Z
Z
Z
Z
Z
Z
Z
Z
Z
Z
Z
Z
Z
Z
Z
Z
Z
Z
Z
Z
Z
Z
Z
Z
Z
Z
Z
Z
Z
Z
Z
Z
Z
Z
Z
Z
Z
Z
Z
Z
Z
Z
Z
Z
Z
Z
Z
Z
Z
Z
Z
Z
Z
Z
Z
Z
Z
Z
Z
Z
Z
Z
Z
Z
Z
Z
Z
Z
Z
Z
Z
Z
Z
Z
Z
Z
Z
Z
Z
Z
Z
Z
Z
Z
Z
Z
Z
Z
Z
Z
Z
Z
Z
Z
Z
Z
Z
Z
Z
Z
Z
Z
Z
Z
Z
Z
Z
Z
Z
Z
Z
Z
Z
Z
Z
Z
Z
Z
Z
Z
Z
Z
Z
Z
Z
Z
Z
Z
Z
Z
Z
Z
Z
Z
Z
Z
Z
Z
Z
Z
Z
Z
Z
Z
Z
Z
Z
Z
Z
Z
Z
Z
Z
Z
Z
Z
Z
Z
Z
Z
Z
Z
Z
Z
Z
Z
Z
Z
Z
Z
Z
Z
Z
Z
Z
Z
Z
Z
Z
Z
Z
Z
Z
Z
Z
Z
Z
Z
Z
Z
Z
Z
Z
Z
Z
Z
Z
Z
Z
Z
Z
Z
Z
Z
Z
Z
Z
Z
Z
Z
Z
Z
Z
Z
Z
Z
Z
Z
Z
Z
Z
Z
Z
Z
Z
Z
Z
Z
Z
Z
Z
Z
Z
Z
Z
Z
Z
Z
Z
Z
Z
Z
Z
Z
Z
Z
Z
Z
Z
Z
Z
Z
Z
Z
Z
Z
Z
Z
Z
Z
Z
Z
Z
Z
Z
Z
Z
Z
Z
Z
Z
Z
Z
Z
Z
Z
Z
Z
Z
Z
Z
Z
Z
Z
Z
Z
Z
Z
Z
Z
Z
Z
Z
Z
Z
Z
Z
Z
Z
Z
Z
Z
Z
Z
Z
Z
Z
Z
Z
Z
Z
Z
Z
Z
Z
Z
Z
Z
Z
Z
Z
Z
Z
Z
Z
Z
Z
Z
Z
Z
Z
Z
Z
Z
Z
Z
Z
Z
Z
Z
Z
Z
Z
Z
Z
Z
Z
Z
Z
Z
Z
Z
Z
Z
Z
Z
Z
Z
Z
Z
Z
Z
Z
Z
Z
Z
Z
Z
Z
Z
Z
Z
Z
Z
Z
Z
Z
Z
Z
Z
Z
Z
Z
Z
Z
Z
Z
Z
Z
Z
Z
Z
Z
Z
Z
Z
Z
Z
Z
Z
Z
Z
Z
Z
Z
Z
Z
Z
Z
Z
Z
Z
Z
Z
Z
Z
Z
Z
Z
Z
Z
Z
Z
Z
Z
Z
Z
Z
Z
Z
Z
Z
Z
Z
Z
Z
Z
Z
Z
Z
Z
Z
Z
Z
Z
Z
Z
Z
Z
Z
Z
Z
Z
Z
Z
Z
Z
Z
Z
Z
Z
Z
Z
Z
Z
Z
Z
Z
Z
Z
Z
Z
Z
Z
Z
Z
Z
Z
Z
Z
Z
Z
Z
Z
Z
Z
Z
Z
Z
Z
Z
Z
Z
Z
Z
Z
Z
Z
Z
Z
Z
Z
Z
Z
Z
Z
Z
Z
Z
Z
Z
Z
Z
Z
Z
Z
Z
Z
Z
Z
Z
Z
Z
Z
Z
Z
Z
Z
Z
Z
Z
Z
Z
Z
Z
Z
Z
Z
Z
Z
Z
Z
Z
Z
Z
Z
Z
Z
Z
Z
Z
Z
Z
Z
Z
Z
Z
Z
Z
Z
Z
Z
Z
Z
Z
Z
Z
Z
Z
Z
Z
Z
Z
Z
Z
Z
Z
Z
Z
Z
Z
Z
Z
Z
Z
Z
Z
Z
Z
Z
Z
Z
Z
Z
Z
Z
Z
Z
Z
Z
Z
Z
Z
Z
Z
Z
Z
Z
Z
Z
Z
Z
Z
Z
Z
Z
Z
Z
Z
Z
Z
Z
Z
Z
Z
Z
Z
Z
Z
Z
Z
Z
Z
Z
Z
Z
Z
Z
Z
Z
Z
Z
Z
Z
Z
Z
Z
Z
Z
Z
Z
Z
Z
Z
Z
Z
Z
Z
Z
Z
Z
Z
Z
Z
Z
Z
Z
Z
Z
Z
Z
Z
Z
Z
Z
Z
Z
Z
Z
Z
Z
Z
Z
Z
Z
Z
Z
Z
Z
Z
Z
Z
Z
Z
Z
Z
Z
Z
Z
Z
Z
Z
Z
Z
Z
Z
Z
Z
Z
Z
Z
Z
Z
Z
Z
Z
Z
Z
Z
Z
Z
Z
Z
Z
Z
Z
Z
Z
Z
Z
Z
Z
Z
Z
Z
Z
Z
Z
Z
Z
Z
Z
Z
Z
Z
Z
Z
Z
Z
Z
Z
Z
Z
Z
Z
Z
Z
Z
Z
Z
Z
Z
Z
Z
Z
Z
Z
Z
Z
Z
Z
Z
Z
Z
Z
Z
Z
Z
Z
Z
Z
Z
Z
Z
Z
Z
Z
Z
Z
Z
Z
Z
Z
Z
Z
Z
Z
Z
Z
Z
Z
Z
Z
Z
Z
Z
Z
Z
Z
Z
Z
Z
Z
Z
Z
Z
Z
Z
Z
Z
Z
Z
Z
Z
Z
Z
Z
Z
Z
Z
Z
Z
Z
Z
Z
Z
Z
Z
Z
Z
Z
Z
Z
Z
Z
Z
Z
Z
Z
Z
Z
Z
Z
Z
Z
Z
Z
Z
Z
Z
Z
Z
Z
Z
Z
Z
Z
Z
Z
Z
Z
Z
Z
Z
Z
Z
Z
Z
Z
Z
Z
Z
Z
Z
Z
Z
Z
Z
Z
Z
Z
Z
Z
Z
Z
Z
Z
Z
Z
Z
Z
Z
Z
Z
Z
Z
Z
Z
Z
Z
Z
Z
Z
Z
Z
Z
Z
Z
Z
Z
Z
Z
Z
Z
Z
Z
Z
Z
Z
Z
Z
Z
Z
Z
Z
Z
Z
Z
Z
Z
Z
Z
Z
Z
Z
Z
Z
Z
Z
Z
Z
Z
Z
Z
Z
Z
Z
Z
Z
Z
Z
Z
Z
Z
Z
Z
Z
Z
Z
Z
Z
Z
Z
Z
Z
Z
Z
Z
Z
Z
Z
Z
Z
Z
Z
Z
Z
Z
Z
Z
Z
Z
Z
Z
Z
Z
Z
Z
Z
Z
Z
Z
Z
Z
Z
Z
Z
Z
Z
Z
Z
Z
Z
Z
Z
Z
Z
Z
Z
Z
Z
Z
Z
Z
Z
Z
Z
Z
Z
Z
Z
Z
Z
Z
Z
Z
Z
Z
Z
Z
Z
Z
Z
Z
Z
Z
Z
Z
Z
Z
Z
Z
Z
Z
Z
Z
Z
Z
Z
Z
Z
Z
Z
Z
Z
Z
Z
Z
Z
Z
Z
Z
Z
Z
Z
Z
