5000 5000 5000
3674 3541
3489 4958
2500 3112
1504 1955
2793 4903
1175 3020
2193 1744
2458 1635
2787 1116
2590 4446
3757 3528
569 4146
1952 1673
4554 2255
1484 3308
2286 1751
2945 1813
1027 3347
1778 3402
545 3555
1710 3648
1329 3771
510 58
190 4933
3585 2236
3582 1041
2213 1946
1492 4834
2785 1041
4263 4741
2562 2422
4967 2326
4041 4971
3066 2889
2162 215
4876 2207
2851 4141
2303 3993
1123 1780
3182 1186
1137 4524
558 1968
877 1959
2568 4735
2697 3461
4698 2926
1401 4925
1695 2535
121 2464
2882 2161
3847 310
2889 1852
549 4804
1534 2062
2350 1218
1971 2112
2397 1767
738 4862
4365 646
2514 424
1594 3569
876 3231
344 4201
3192 1079
3736 279
1471 360
1940 2882
1305 1761
227 3676
2388 1080
4469 4304
4296 1312
3369 2187
4566 2694
900 3906
1509 3858
4134 1459
4348 1164
4773 2839
2629 2954
180 2253
520 2476
3399 718
820 1650
692 3499
2625 4750
645 2613
4512 4115
1708 3730
852 3598
4182 3287
2708 1433
3319 1797
561 343
3957 33
1416 353
2106 1025
1564 356
45 4066
4627 2326
2805 4977
4789 4444
1595 1187
1524 1136
129 895
1969 1321
855 4162
4014 734
1874 1987
1308 3455
514 3074
3189 1617
1582 1174
2609 50
4722 1525
2973 1599
2269 3170
1313 4961
3430 4275
3438 3281
884 218
2243 2412
4532 795
1041 3945
3450 2484
2627 1033
781 249
602 3138
1662 774
705 473
4757 2407
1716 4329
4090 2302
1570 781
223 2013
1053 3015
531 776
3598 152
4074 94
2825 2142
2725 4740
2116 4607
1033 1388
4637 3081
330 607
3614 1281
2070 2476
1288 1521
923 2402
4126 733
2497 1367
2143 4413
4376 4363
1806 3059
4598 3898
3777 111
1981 2391
4744 1730
2681 1019
2202 2675
29 4620
138 321
803 2898
2309 2911
3682 3985
4856 2725
4443 4380
2903 2093
2557 1243
4863 4488
1879 1185
627 951
941 2934
4537 91
2655 3998
2830 3801
4599 2229
1981 393
4392 3531
4043 2465
400 904
2611 4552
3091 3188
1148 2507
4474 4134
365 4410
1203 2026
4589 3248
4305 1653
1957 1909
3784 2842
1250 3991
602 3134
3120 1780
327 2933
4280 2346
1679 3512
1375 4807
2472 2275
4594 234
1519 108
3043 2468
350 1946
3091 1731
3601 1860
2845 25
210 3779
4587 3547
2568 2525
110 970
1801 265
3158 3562
3166 3912
2567 767
4165 2268
2644 3966
745 1359
1564 152
4359 798
993 4518
2217 2119
4549 2093
2927 3865
2281 429
2121 2995
107 3876
4558 1484
1017 858
1239 3576
3716 659
624 3187
4469 1641
1042 2896
4543 4425
631 3418
731 3560
2282 2350
710 1765
4044 2664
2256 3297
3355 1838
1547 3622
3137 2762
4471 984
609 1957
2216 954
1523 3175
4252 588
2125 4003
2819 2994
4273 1340
1267 935
803 1096
3671 670
1285 591
3732 3014
558 3874
381 899
4779 874
3283 3688
362 1975
2752 4619
1150 635
2192 3085
2061 410
1903 842
741 1585
1591 4257
2092 3914
3312 1480
437 242
1207 2492
1830 4029
1236 2770
1411 804
3976 4072
4185 3857
3767 4379
166 2116
3797 3550
2816 547
4099 2985
987 3920
664 433
917 2891
2866 2122
4621 2951
4369 270
2165 4267
1502 1093
532 4919
876 2069
811 3957
2061 3673
994 3721
2890 4571
467 3576
464 1046
1909 384
3826 2632
499 4628
1024 3306
1097 1684
1902 84
201 4237
4207 396
4036 4129
71 3510
1655 670
2814 3657
480 994
3282 1267
2730 1520
1949 2561
4907 1370
4180 2748
2363 4437
2648 2573
3574 3437
4395 4742
958 2164
28 3516
3782 1160
4143 2722
2760 4948
3163 4447
4668 2373
3015 4097
308 2680
55 399
1715 4418
2054 4489
232 1087
2604 1243
4160 2572
2108 4805
1931 586
1534 907
78 1189
2391 2171
3636 2307
4870 1143
3442 3506
4537 4228
3990 3630
26 2053
1168 2559
797 19
3944 85
394 3615
612 3889
3816 3361
2851 4615
3693 691
3899 961
2993 3442
4670 3687
3127 2634
4244 1142
1893 1289
3164 4864
113 459
836 3458
3170 4027
4713 3522
1191 2812
1234 855
3163 4246
2812 4554
2304 3694
1208 3386
32 867
4803 1343
2957 4625
141 4793
3218 578
683 4170
1964 920
3821 4616
3223 4045
3371 1439
1565 1083
535 1991
316 3500
3305 514
1915 4554
4079 1536
2434 2218
652 82
2655 703
573 1096
2519 1074
2417 1325
452 598
3425 82
487 953
3773 345
4484 2561
4174 4484
4991 4059
1584 4340
1964 737
3595 890
2780 1408
4872 1791
3494 2614
943 2310
4233 1800
1995 4611
1603 3868
1484 3504
195 1299
4913 963
3880 4879
4607 91
1457 4485
2592 4862
3625 2107
4804 4975
539 380
276 423
3082 4423
3474 4676
32 1254
3223 2559
4882 1002
3702 993
484 3733
2080 1503
4321 1055
1087 941
1584 341
4958 1720
2753 1782
4307 740
533 2548
2283 4249
2634 852
4763 1518
4194 660
2276 4425
1446 1787
581 1595
3527 4984
4819 685
3606 3407
4045 4205
3427 1070
4333 133
555 56
907 1389
4338 2990
378 4040
4046 247
987 2572
3646 168
1113 4597
3011 1241
2064 2798
2530 926
436 2258
430 2401
4815 2423
4885 3075
4760 2110
364 587
3950 974
703 4572
2175 2742
1943 665
2689 747
4568 3968
1082 880
85 2313
1137 1725
2596 2384
1041 4139
3651 1794
4853 3579
2472 302
3908 2330
4285 3562
2991 1706
2139 1552
1090 472
1504 3072
498 177
4567 3231
4648 3498
1450 266
4973 3412
4175 2644
3233 2906
3058 2
3736 2241
3429 1553
897 3116
714 1057
4622 3086
4863 2022
492 4834
47 498
1079 1307
4558 4840
4524 3270
1025 4849
2169 1846
3555 2390
1254 862
2696 4173
1870 1461
1623 3383
117 3515
3908 2115
4481 1445
308 3306
4052 983
2267 4819
3814 2938
2211 2
424 1977
4924 3594
52 456
1816 3558
4514 532
412 1248
2921 257
3977 1516
2277 2468
3894 3500
1906 3934
460 4668
2977 689
4102 3034
2469 2383
331 2959
802 1070
4048 538
12 2972
600 2414
638 1867
2659 673
2203 3616
532 2250
2371 1525
3217 4647
4513 2696
4121 2693
2894 3512
116 790
3033 2609
3993 3947
2707 3979
4419 1354
991 3125
1238 3871
579 2824
3235 1927
4545 918
3738 2499
812 3131
4794 2411
2054 2007
1873 3837
3553 2295
3829 1508
3550 4273
1895 598
1735 3531
1321 1653
927 2062
762 3809
3441 2505
3539 452
4864 4159
4415 4027
3428 345
4490 2339
1713 608
4976 216
517 3162
3734 3134
2412 4435
2858 2818
2725 3808
2468 3398
97 2042
2729 4860
4219 211
3962 3530
1156 3107
1634 2851
1637 1943
4474 1943
461 3579
3989 2023
890 2117
392 3048
2083 2205
1535 672
2303 1318
500 2064
3380 4594
2865 2819
4426 2782
4631 500
1209 4669
3210 699
3921 2857
4635 2497
3909 10
3494 3942
2510 619
2090 1003
1844 4681
733 1973
576 233
1643 414
2525 2737
399 3752
2692 1561
492 3683
1057 1271
4931 775
3031 2393
2665 1132
772 61
3023 3399
1004 4989
3747 3297
1872 2536
4911 3739
4530 1778
2055 4544
2613 2588
4254 4439
526 2480
3233 2389
2389 478
2289 4734
2019 4878
4933 2572
771 2437
1474 4900
2724 1207
2594 720
4044 3353
1774 1173
3542 710
3305 814
2094 2213
4222 2441
2530 2889
4077 3898
1469 2509
1486 69
4770 4129
4181 1470
1645 3035
3850 4660
909 209
291 1371
3886 194
562 1769
827 3606
3509 100
1491 1413
1653 1941
4222 1096
3945 222
3835 2237
608 3851
4694 629
1319 2484
1008 2675
4233 834
1354 3382
3397 203
1791 4920
2432 2068
3495 4213
1343 1352
4181 1551
106 1814
1723 1046
238 4657
4895 2397
3996 3520
1377 1820
1384 1676
1121 3361
4182 489
2798 3853
1577 4349
780 1281
1702 2881
3917 4305
4653 3618
2488 4418
3343 3497
4035 651
1688 3888
1034 1217
4832 4239
3253 3173
2870 3777
3537 788
2576 810
4442 2695
4395 757
2086 989
4500 206
1200 3043
2363 390
1231 336
2501 3147
3156 1354
2402 2218
4418 1267
1435 1165
1899 1875
4077 1256
1710 2434
1014 3478
3884 4263
4468 3718
1917 3192
1821 2187
983 4146
21 4282
3996 4411
3091 2806
4154 2676
733 2571
3001 4876
1475 3938
2262 4230
4257 4382
1971 3959
4692 2417
1835 3798
1219 736
4202 4521
1162 269
1954 397
1145 530
3864 1398
3514 3462
3159 3237
1682 288
1289 583
1127 42
49 3731
2808 2648
317 991
2387 2862
324 4341
3228 1720
3478 1967
808 3616
1119 1628
528 4963
2416 2363
1814 1197
3632 1453
157 4376
3292 380
1615 3715
2366 2186
312 926
106 2956
1952 3695
4916 487
470 4964
2647 4581
4447 127
4503 2588
3616 1235
3182 1910
4704 4039
1536 4450
2548 3690
721 2941
2087 3747
878 1054
617 2203
388 4544
863 186
4127 2079
3572 3026
902 3196
3019 3357
3354 530
4461 2757
3632 3006
504 1268
1619 3105
568 4710
3405 3647
1483 530
375 319
2672 1633
2523 2048
4574 3787
1025 360
4827 2721
1165 1862
3592 2600
2480 1836
2551 2245
829 274
3787 3420
43 4941
4761 512
565 4143
2605 3006
3251 60
3556 2661
2364 1373
4419 4788
3312 3609
3728 3496
397 1308
1059 549
327 3061
2844 2839
1226 1231
3922 881
3251 2435
684 414
220 952
32 2793
4318 2170
999 3044
1850 2084
2050 1214
572 3588
2335 2693
3305 2127
4893 4487
2406 41
3883 1653
2940 84
3501 534
1211 1249
3850 2353
3219 3157
206 3224
3692 3329
558 1519
576 2997
4349 4531
4842 1115
304 2559
301 1413
3803 911
2189 3604
3199 3195
702 2117
951 4087
3076 4366
4339 870
4140 4325
4272 610
3976 3871
4208 2052
310 872
1193 3449
3131 4201
422 679
3885 2928
2905 3107
1028 4980
1494 1778
355 1519
3634 2274
3745 577
1588 524
2172 3255
2873 3488
2176 1038
1283 3573
3994 4523
154 816
519 647
2481 1856
1840 4899
2598 4399
2728 4549
1437 474
1610 3025
3821 370
791 1894
3026 1082
3930 3951
3912 3786
1232 822
1254 1331
1838 1408
1978 1198
2911 4325
2376 2865
2537 1702
4649 3567
2920 145
400 2015
3965 3631
285 3521
1028 2306
655 1505
340 2347
4409 1558
1788 3338
3936 1658
3201 2401
1603 166
216 2200
1348 3395
995 4266
2324 3110
2475 4416
3208 430
2217 2570
1827 3230
107 4710
3680 487
2038 4698
1713 801
4361 1076
4045 663
2995 2318
1314 3114
2030 3933
3198 1843
649 988
4306 3961
2428 1638
455 3880
2264 2715
1510 1420
3578 2055
1486 3354
3706 3093
1650 4660
235 3014
2107 4300
4122 2680
3482 3717
1501 4228
816 1377
1357 3221
1132 1361
3218 1442
253 1864
2916 194
1331 3027
3920 2385
3858 35
983 2916
3464 54
1800 4042
2921 2215
398 2018
4558 2177
2455 4825
2633 4356
3280 3074
2801 2224
1056 4160
206 3919
1361 2947
659 1445
1382 3893
3132 543
3788 1987
3345 3766
2304 4324
4191 4407
2975 1432
1821 1931
2802 1960
1154 1373
3010 4364
3120 3191
2334 3806
1587 295
2192 553
3722 2923
4894 2752
4527 4308
37 2245
3682 1545
389 2025
506 4128
1996 3999
2635 432
3271 3920
1046 2645
2901 1254
1242 851
4652 3928
3003 1765
2983 2336
148 1646
4896 2733
2104 2299
1609 1201
2056 1823
2150 4662
2901 1106
1265 4798
4557 3134
1023 2747
4265 394
3199 2074
3820 4507
2234 1102
3761 1464
1635 1556
3304 4782
520 3100
4355 1962
3414 231
513 973
1497 2473
2812 639
2018 2257
4988 2978
2562 3834
2655 4387
3322 4968
4089 1638
4720 4863
2259 444
1194 3772
3495 1118
2437 3529
1965 1442
3467 3876
4241 1201
804 334
3156 4200
4935 2699
4786 2273
2735 1466
3947 1441
2074 4638
1344 3105
4328 1176
236 3864
3285 1832
3463 3749
3121 1284
4126 1078
4015 1214
3761 4849
2450 3941
3651 4884
1978 2106
3471 3440
1512 3885
755 1089
3493 74
1373 167
1348 3486
3971 2664
124 229
2464 2948
2596 4559
4420 1260
404 259
2402 1889
3062 3849
4166 1092
4074 3334
858 2829
425 3722
3682 1033
4942 1067
1392 1398
2450 4259
2505 2543
624 1928
3914 996
870 848
4350 3634
3774 1080
369 3108
4884 1908
1842 4673
1472 3511
3603 2515
3818 1904
1251 327
92 1698
3149 5000
1342 74
1589 1383
3718 4613
247 1203
4060 1456
3085 3196
558 4986
4137 147
3590 3078
2706 4932
1630 631
2855 4035
901 3881
1463 4997
3855 1478
1969 1746
653 3708
3405 4182
935 4690
419 3828
3891 67
4093 1430
4394 1398
3021 1794
2363 263
3580 937
3328 3749
1228 2895
2877 2127
3794 2151
1374 3822
1600 916
3536 3099
2275 1093
428 3063
3943 4849
1091 3626
2555 4262
1420 3530
804 1081
4085 4995
1784 2598
2391 4783
645 2029
1599 3816
52 4983
983 274
278 614
4860 766
4651 4865
347 3332
3499 679
1646 3696
2140 736
2051 1348
4922 675
4045 634
494 4501
485 1707
2643 3264
2466 880
2974 3617
1802 4866
4823 4609
3952 4195
2503 1939
4361 4889
247 4082
3206 4501
2188 4465
4185 3791
3807 1359
736 1925
3239 3234
4912 905
1815 2613
4961 2993
2181 2337
4734 3288
154 2758
899 3748
361 1505
2776 1187
1063 1876
2384 2679
332 4230
857 1263
1577 789
3018 1284
1279 4130
983 4057
4126 2049
3043 2648
697 4875
1916 1216
3874 2537
2789 1409
181 3984
4994 2422
2318 4264
1759 385
1459 1529
3006 1969
2683 1627
469 4511
3927 1808
951 3183
347 1449
575 349
1285 4410
1778 4152
2473 3924
1156 2825
193 1452
1913 4501
1414 731
341 581
4225 846
3950 4541
4697 1578
4586 3332
1094 2488
1929 800
1146 877
4870 1962
1400 1343
2416 2184
3406 1284
4116 2938
1239 3657
4487 1939
4058 4780
1022 4418
3288 1
1090 3234
2537 1221
1600 664
4388 3879
3969 75
2732 3684
4603 2311
852 3200
1075 411
1822 4634
3277 1615
1267 1629
4861 3510
4388 1357
3645 3666
4916 714
2892 4627
762 3619
1565 4061
1519 1145
2404 3169
3505 1925
450 2879
3490 2344
2530 2069
2516 4146
1375 14
4988 239
76 2717
186 3024
4068 4920
3677 3974
24 477
3826 990
2898 3504
3632 2239
267 3083
1634 3178
1198 3593
4651 3606
3591 1610
3959 3934
3901 2672
3007 4021
450 2559
1499 1059
701 4333
2558 3324
2418 2809
779 4863
1270 4488
2256 1190
4684 4702
1990 2771
4040 1912
2002 3456
2378 2819
626 3848
2412 4066
2532 3252
435 2995
2184 1101
458 3646
4473 820
3275 3394
3934 1334
758 997
3440 689
3991 3302
4274 1793
3233 741
3775 2852
2031 102
1188 397
3187 2036
1833 3541
2963 3676
3975 1104
1539 872
4794 724
1572 4060
4018 1883
793 2104
1339 2419
3108 4470
4901 2073
3118 3863
863 3642
1744 717
2939 2382
2986 3970
1180 3260
1990 4733
3282 3721
1054 2455
4772 842
4726 2087
3209 818
760 2724
129 317
1587 3587
4244 3946
4783 2866
1664 2567
125 2381
707 2037
4610 2411
2092 1826
2059 4557
3717 3140
680 1526
3895 2779
1553 2621
1776 2248
4232 1000
4929 4384
4479 1855
1861 3042
4776 148
3380 3441
3357 2772
290 2342
2285 2970
2310 1853
1307 4955
2139 2565
3794 2163
4216 998
2182 1631
1459 1253
1476 1081
2474 4620
1518 3422
1066 1430
197 4127
4709 3357
2174 1257
4743 3592
2704 4317
3637 3820
4018 2370
4854 1843
2184 4186
407 1889
2762 1876
2891 267
209 614
2812 246
1439 96
4548 2000
122 2223
2227 4559
845 1569
155 799
53 256
4251 2683
3797 1821
101 4433
4310 2748
2875 1552
2940 2730
4345 611
4276 3958
629 3606
4678 3370
4104 2221
977 2882
953 1661
1936 2593
1578 1830
3595 2933
3918 2891
4930 1815
3128 3570
3420 2973
304 4709
1405 1593
1848 647
4094 4948
603 3020
3601 4894
4999 3939
1460 4931
3684 3523
3079 2057
4443 2130
2497 4495
774 4982
1935 957
3894 1983
1484 3290
4804 1795
2841 616
1033 2226
3607 197
3826 1777
4906 2192
3706 2632
439 1894
4873 4787
3375 3854
2549 4757
3992 1493
2505 3292
4852 1200
3745 3639
1674 1359
4855 3943
3968 1827
2783 2476
4013 4518
3961 2280
1636 3657
754 3650
2579 3191
4082 1382
183 2175
3703 409
667 4716
3969 1247
4879 2835
612 3533
523 1128
2584 2525
4432 895
4701 2680
2588 940
2241 1922
127 3930
1366 3248
2422 2001
1928 1118
2689 2062
896 2805
2816 3398
1971 524
3855 715
2800 4756
4749 299
1095 964
1061 4272
4361 4666
561 628
4435 3318
3972 2256
3090 3167
3004 2054
3466 3031
4220 4534
3844 112
2203 4859
4943 3193
4572 3247
3141 724
3279 2400
797 18
1994 3145
2681 2385
3900 434
4096 153
1634 3336
399 2875
3736 623
609 93
1027 2529
2868 3534
2787 374
4186 4448
595 1375
1667 2824
3541 809
439 3887
2934 2090
1688 14
336 2669
689 1756
4871 4033
4081 1163
2453 3921
3179 2249
2220 1409
4827 1276
2688 936
756 3508
1200 931
2690 59
1883 787
1327 3504
2034 2021
710 895
2482 3040
1136 3861
2427 3588
2449 1241
4452 3580
1262 3172
3130 2959
2601 542
1985 3065
890 4920
2583 4013
378 2954
4003 3999
4009 1559
3010 160
3630 4943
2871 2718
2742 2028
2729 4180
4966 980
4058 4173
3193 2393
1683 1231
1527 2371
1622 4579
1960 1658
3873 2298
4620 64
2132 4190
1309 2381
523 4801
2119 1362
2745 2910
80 1271
1713 4759
3027 3950
2368 3516
3135 4247
1262 1447
1700 227
175 2553
1778 1497
1203 4149
1357 309
2588 1634
4521 1769
1576 3637
2059 3993
2388 2046
2840 4823
2485 1117
2137 1549
4786 4501
140 1223
3037 4762
1661 2797
3841 3516
12 3107
1039 2158
4909 1384
2717 2371
219 2354
1864 969
3515 2865
2878 18
4321 2526
3718 4473
3250 2808
2153 4471
3683 4960
4410 89
4145 3141
269 2050
4444 4723
2794 3581
2938 705
510 161
344 1739
4151 3592
3767 2571
4683 2080
3081 32
4778 133
2185 1296
2043 3347
1761 4688
2476 353
4488 3904
3971 135
2201 3332
654 214
2993 2721
4637 3024
1098 2326
1926 758
2830 2922
397 535
3891 2357
3300 868
566 4882
2590 1045
4468 1653
2601 1578
3704 1562
2652 689
110 4849
1464 574
1097 314
3462 610
4633 1159
1632 2394
3546 2055
229 1159
1463 2318
1126 533
347 2224
4880 4864
2495 1516
3802 690
1148 62
2657 3087
3238 1550
817 448
2841 1737
777 1701
933 1725
915 4670
4604 1350
2641 87
623 1547
1237 2025
1392 2897
3602 1107
1218 23
4146 707
2023 3630
655 4488
4101 769
1675 2874
1488 1052
4835 3681
2467 1228
3794 2347
822 4549
2183 1615
2025 3997
2573 3631
3023 4505
3267 76
3366 3520
4183 3007
4085 2593
1237 1885
4005 4043
178 4978
2049 4313
733 289
1743 1803
158 1065
3479 3291
4978 3462
1919 3770
297 4126
4139 2870
3426 1926
12 2686
2305 3570
1225 1454
4066 2218
1298 895
3106 1800
4144 4071
132 3548
685 3306
4900 668
813 4972
4202 4094
1847 4670
3642 2025
2122 852
3516 1453
2677 1893
2910 4761
2633 131
3100 3757
2114 1445
1921 2154
2017 3267
3717 2329
3493 528
3037 885
1432 1981
3501 850
1763 2503
4744 2343
1565 257
4060 4996
3687 4311
4270 1183
2831 2402
4196 1357
3583 3684
1991 3029
3031 672
2947 1740
4814 494
327 3013
4687 732
1816 2852
4800 4360
589 414
3477 790
812 2545
1086 3943
3363 669
4110 2077
3204 674
4046 4661
2343 3030
205 2664
2090 470
2737 4693
4815 3381
4223 69
3571 4884
4991 1102
1801 514
3486 2141
1538 4997
2637 1741
2233 4437
689 3109
3264 104
791 4502
4776 2537
4870 216
1776 758
176 3284
3043 4009
2294 542
1980 1501
3575 2882
71 1636
3242 3789
4492 3371
4078 898
4500 1554
4567 4053
3647 4612
4549 3463
1946 4478
4242 3608
1823 621
352 3986
2347 301
4625 1969
1405 3310
1314 533
2121 3799
4854 4264
707 4294
393 386
1300 4525
3220 1311
3894 4957
4517 2613
2412 4135
392 4869
2424 270
1290 567
172 4148
3785 4798
4533 3876
3052 2283
4181 816
603 1832
66 3015
4851 3176
639 4014
4800 4747
161 2083
2070 2376
2544 521
3439 29
1003 1671
4781 933
4083 816
1191 4268
1769 2861
2761 1804
4609 2015
3543 610
1395 2897
2811 3301
778 3171
35 2181
4996 2910
2201 556
2231 1626
1129 3187
807 2215
4963 4663
2235 1008
3 937
2017 2389
2790 32
2875 804
3619 406
3312 566
600 165
983 3529
304 3741
3916 3127
1073 2078
4841 4064
117 4348
3013 2671
3158 2668
340 4175
1111 3528
4976 2235
1928 3765
4754 1435
499 3023
2764 2472
1485 335
3418 2557
2931 1623
3111 4717
441 2887
2772 1090
2957 332
1369 417
1119 1235
840 2517
3709 4307
4112 4910
2376 594
3941 4455
369 1803
3989 4374
2430 1416
144 4653
4791 3758
4435 383
2633 636
1730 2424
1983 1462
594 1901
2113 4471
1387 441
3999 2853
1009 3236
2386 3314
278 384
111 4198
2623 570
4825 929
441 4228
1732 2358
2752 4031
3969 121
1497 4519
1020 1085
4117 2049
2594 603
1036 2430
1350 164
2053 3278
550 3312
1412 1104
1745 729
3639 4825
2896 4746
1415 44
3991 1596
1091 2323
834 3003
2198 495
1740 2447
2464 3158
3979 2551
3470 64
3696 3525
3409 1562
3330 2434
4200 3412
709 4799
3823 3472
1893 747
3229 1851
2862 4551
3133 1018
1746 4512
130 2829
2236 4869
2244 2013
2581 1245
4250 3692
312 2849
581 575
1198 2724
151 3512
3093 2552
2621 958
2608 3915
1574 843
3043 1141
4126 1705
4607 1602
2718 3069
759 1327
2681 4086
4409 1375
2184 4884
2785 4574
4318 1257
485 2366
2151 1158
3725 3832
1572 3431
5000 1581
3896 1959
1774 2634
4338 1512
767 1399
4263 138
1924 3555
1897 2842
673 3640
666 2003
4844 3334
4251 4132
3367 75
4963 227
4391 2844
55 3031
1883 95
3853 2334
640 4086
1524 798
4143 1941
1542 3458
3168 326
90 3104
1700 3864
4226 3342
1698 3034
2777 3465
1901 2913
2050 699
2197 2132
2986 3195
4724 2415
3377 352
3881 1490
1232 2160
4846 299
4190 3574
4814 1351
373 4269
1425 580
266 1345
3527 1189
1286 1944
4232 4619
924 524
1845 2330
4472 54
3370 3444
2521 838
1315 4618
2004 3927
3160 2516
1857 1762
1545 1843
4953 583
3418 3255
412 1582
4674 1028
691 2981
25 1685
3604 4716
774 4275
4356 2648
3210 170
102 3848
2150 2657
1215 2941
4268 3531
1434 512
669 1971
4286 3809
2127 3131
2853 4081
4424 328
1074 1906
3529 2706
1717 1237
1327 2457
1607 1116
2212 4600
1226 2090
2397 2846
2129 2581
1703 1535
4846 1962
4907 3976
3035 1872
2347 3915
2606 2081
1161 827
161 2865
4337 593
3344 3227
3778 4524
953 3622
1603 3121
4986 904
4730 929
438 3118
4604 4981
929 249
2303 404
4496 1388
2147 3552
1933 1131
450 4806
3724 2980
3416 885
4147 2422
4629 774
1954 128
1552 1581
4216 1205
4512 2152
4128 3459
1246 315
4620 4563
2084 656
2690 1546
3370 4861
3613 3681
959 4796
1369 881
2062 169
1713 3967
601 4745
1648 4286
4606 3477
390 4756
4525 2703
4488 1162
4693 4111
2056 1502
307 4681
1484 2915
1707 1064
2913 3931
1358 3283
2154 1904
145 744
4773 2920
3963 1193
1853 133
312 2889
3316 2710
3959 3467
4800 3745
2526 3355
1565 4027
3329 2847
3972 3821
1677 1108
1418 728
1661 2275
4289 3196
3042 1140
4187 4249
1389 1157
2092 1639
3580 2227
319 1728
609 3352
3643 3653
2329 3985
1648 1468
2003 4425
1373 1533
4708 2843
4220 3319
853 4181
4394 3186
4795 4012
4700 3316
4370 492
4426 2526
2035 366
814 1692
2716 664
3867 3829
292 3280
102 1
3783 4243
1059 3752
526 3975
3485 2444
2417 979
3896 2934
210 3135
238 526
2418 865
3419 4386
946 4197
160 547
1794 1580
4782 2637
662 554
790 900
710 528
4566 2433
2060 3688
1957 2824
776 3748
4642 3514
2661 2471
4586 888
586 631
2609 4614
175 3002
2239 4879
1337 2063
271 4723
3050 4158
1291 4597
1778 351
3554 4323
1174 2754
677 507
3372 4286
3246 3048
332 1109
2468 4876
1557 4223
1246 2143
4186 1147
2033 2321
1868 4363
4910 1107
2703 1255
85 1191
3547 352
404 1597
1927 1421
2288 227
3569 4960
2587 2285
4698 2932
4849 590
2128 4871
3653 4085
4952 4896
4516 3645
3030 641
4780 551
1190 4095
3509 4615
47 1133
4755 4551
2184 2848
4494 3614
3405 3833
804 2251
4707 3960
1847 1850
1215 3901
1549 3118
2516 4601
3391 167
2193 1536
2028 4375
380 1879
3397 204
3079 4767
890 609
1196 2187
2348 4037
3387 2848
4454 1945
2718 1043
1530 1182
2997 799
2359 2133
1866 1099
2466 4586
373 3753
1257 1039
4318 2786
1088 4956
2118 3015
775 3566
409 2933
1295 4655
997 1465
4851 2239
2260 644
2130 1706
3297 456
1693 4322
2403 3024
2082 959
3804 1462
1019 3752
939 230
3991 3975
3243 4254
1753 4916
340 3541
4312 668
3960 2782
874 4271
1502 1657
217 2183
3963 924
1810 1396
3869 4585
384 2385
2967 3010
882 4932
4128 2547
1504 3011
4901 2531
3787 1739
62 3723
4435 3268
3487 1259
4662 2665
2995 4672
3544 727
1069 499
4535 43
4231 3199
3827 4616
1295 358
4661 3636
1853 4953
3716 4365
4514 4720
2508 4871
3949 3041
4639 474
2198 910
3209 4013
3567 1087
4796 1636
131 3746
3220 1278
3494 3826
1686 4118
1788 1588
2069 3748
57 2555
2769 2915
530 4238
5 2787
1617 3440
3407 3587
4458 940
653 3003
3354 784
4776 2961
2814 4030
3036 1594
3206 3910
999 91
3203 4808
4692 1672
4383 4426
3094 2481
110 3893
3468 3737
3059 1594
55 2275
461 668
2436 3631
2174 1084
3540 4860
2699 972
3297 767
467 4755
1489 4326
588 3544
2570 1400
3181 3602
4787 3720
4481 1676
78 3835
4066 4593
4264 371
3918 4330
1685 296
4510 2271
4093 2741
3376 3211
3321 548
2888 4778
2083 4797
4120 2679
4062 185
2405 1219
1319 4338
3762 743
4650 3998
3077 4495
1086 1781
1571 1358
967 3840
3890 1786
3044 2776
4493 3440
2748 4211
3135 3136
748 4377
383 2635
3021 1992
2456 3172
4915 3006
604 4599
2593 1221
2002 2497
1430 2297
2145 4633
380 1240
3706 1926
361 3389
1813 3550
3013 2071
4676 2194
4379 3124
825 4562
2457 16
3933 4694
948 1417
4566 3078
3479 2853
4259 4796
122 1661
47 4954
3905 1723
4773 3235
4398 1741
4472 290
979 2120
1812 4838
4186 3615
3715 2872
2458 1127
4214 2625
526 1852
1254 1903
2828 1092
790 3740
679 1169
4838 1445
3568 476
3278 4686
2786 2169
3817 2659
963 749
1616 3355
1131 827
3440 3978
231 1407
941 1793
1095 3263
4150 2424
2728 3946
954 3967
1168 101
2312 4273
4279 1789
4951 4865
1443 1846
1133 3192
3021 2970
2521 1604
4344 4713
129 1078
4719 4215
3811 4633
2149 4835
1113 2822
1031 1768
2806 4036
1376 1180
4760 745
4568 4029
708 1185
2317 2892
3315 4642
1901 1601
4341 4574
587 1275
400 50
2851 163
2886 1394
3056 4227
3400 2656
2064 1223
3783 4519
4247 2971
1698 4435
4143 571
2025 1451
3335 2060
1907 1045
3686 343
4912 1286
3439 2996
2361 3960
3164 2231
121 238
889 4746
2142 2421
3781 4338
1241 1280
1214 2396
4246 2678
307 3540
1251 4343
3564 3262
2996 3940
4160 2549
3041 2799
2251 1117
2558 2669
1702 574
5000 2923
4001 1318
190 964
3330 812
3276 854
1991 2939
3802 4786
4740 1865
3138 491
3688 2387
4983 2042
3442 4257
1540 2392
1005 3071
743 2106
2922 1212
4880 3344
4589 3442
3265 3293
4432 730
1641 3921
28 1363
3488 1214
4194 1856
1893 145
3241 4337
2681 161
1809 2844
2635 4375
2353 1862
1109 1061
3599 4368
2051 715
2057 3174
4644 627
4608 550
4138 965
4521 1104
990 357
1360 1717
100 655
875 3137
1817 541
3149 2013
3035 2576
3473 507
2315 3157
2029 314
812 4879
2712 2847
3382 2916
143 3177
471 1330
1828 3291
178 165
3283 1366
702 1137
1900 2001
1056 4213
2552 3600
4024 4134
91 3330
3403 4675
3055 3340
492 1068
4451 2730
2135 3594
3782 1924
4442 1601
1651 4047
4194 2460
3978 3614
1682 1953
4018 488
3013 1142
721 3836
73 4906
1811 2972
1050 2947
1714 961
2360 4798
1651 3884
591 1773
327 1569
1395 3708
4508 2820
2581 3947
3599 3576
2194 3946
3923 802
3953 1565
4555 848
1295 4706
3778 737
3416 4131
1319 3873
427 1272
4303 3390
1608 532
998 4496
972 1777
2767 3845
2677 3946
2593 621
3241 4904
1635 4843
2187 3621
4317 1945
1399 3147
2739 38
839 496
4214 2724
1963 1681
3479 2195
1312 3804
2675 3834
3478 4979
3384 3644
2322 2017
2240 1557
499 2390
4489 2655
4035 2164
1004 4692
1813 2178
4448 697
4337 2405
2998 3766
1916 882
4910 3410
2039 936
1805 4327
1849 1116
1309 3608
238 953
3103 4990
4644 4275
731 4702
4215 708
596 77
3366 2120
1102 2956
3317 638
3845 815
2748 2079
2134 2371
790 911
686 3313
4764 238
4995 4193
723 1857
1602 2256
4558 2408
3803 1618
2154 2468
4680 3646
4580 2570
4620 2104
1312 2778
2836 4742
4616 1594
2892 3693
1591 4404
832 93
3811 2922
4419 770
3219 4573
1107 2819
2054 3806
3392 3640
999 4578
275 2152
4522 2486
1392 1955
167 1256
1638 101
1119 4710
857 3999
170 2846
1212 3212
3445 181
799 4593
1847 4305
3209 3252
2984 1748
3441 4801
2670 4916
4953 290
1789 3354
4787 511
2046 4208
3403 6
2017 4494
3175 4892
149 3355
1542 412
2896 2823
4635 4896
587 2181
972 2949
4102 1427
4777 902
91 3417
4289 1606
4031 4464
3334 1848
3065 2186
849 4904
4427 1710
3354 4936
102 3190
4942 327
430 4956
433 4242
3808 1354
1991 4440
1815 2954
1505 675
741 3836
3750 985
4265 4506
4424 3814
1479 1704
2452 1989
3995 4027
3685 3647
2905 3679
2539 1430
3008 1425
1967 3168
3583 4245
4316 2901
2575 577
545 1018
4796 1635
1190 3339
82 3354
693 862
3133 2206
2324 1360
2398 1269
1294 762
798 4418
3841 740
684 3658
192 3972
4169 1942
2393 3301
51 1593
641 240
337 3457
3913 4331
3588 668
1841 2129
73 4228
4133 4980
1513 4228
4060 955
1985 167
4284 782
1515 2753
603 408
2607 4979
3686 2187
3372 144
4365 4901
477 2801
2318 3835
1624 2406
3578 2567
2697 4934
574 2176
3811 2031
3516 2718
3911 508
2858 1017
284 2976
1514 4148
3975 3534
2005 1034
4577 964
1425 1473
2186 1401
2419 4960
1695 114
3490 3711
2812 675
1982 702
3606 2934
4256 3359
3549 1530
982 2476
4151 508
2416 2576
1477 1977
4441 2924
3788 3567
2018 4036
3429 3317
4223 14
3566 2336
1222 3409
1975 96
4315 2724
4858 3365
3647 4056
3936 2794
2034 1149
3626 1348
4127 1335
1152 3294
4278 4367
4313 1858
2293 1233
3372 3398
2508 2393
2955 1678
3085 4190
898 47
320 4700
4711 4711
1214 676
2963 440
2968 4970
2037 1006
4652 2988
4687 4080
1395 1529
288 3781
2089 3850
106 4702
1458 4209
3215 4812
1830 4087
926 3236
3590 1991
4624 3084
4051 2688
3079 3282
4629 1011
3007 4024
4275 2465
1885 531
1834 2934
3060 4552
2646 1934
3272 2829
3091 963
4849 4496
2376 3055
1168 1849
2269 3222
3413 3092
1547 4419
3570 4731
4313 2024
3150 4983
1632 1195
4063 4794
1481 2987
3705 2756
345 1113
915 4681
1901 760
3564 4375
2035 3449
272 3485
4207 3548
4153 1050
2223 1835
1817 425
1884 1587
3432 3291
1862 3117
1552 343
649 4136
3959 1099
4741 4269
1742 2846
1994 2264
2236 2740
3563 4652
4972 2354
1011 1473
2640 4679
2099 3572
1568 4674
1595 446
2384 4350
2738 3595
2892 742
1442 123
1025 3337
4653 2800
802 1166
2325 4968
3955 1612
4906 3251
385 1589
1375 1771
2621 3871
7 1790
4634 3617
194 2963
542 86
452 2628
4481 40
2725 4875
2570 1197
3923 2172
3581 3914
581 4691
1146 1414
1945 1163
978 2749
3472 3811
4615 741
2990 2141
4673 3392
2824 1362
1326 2310
2949 1625
1073 2839
2716 4743
277 3723
3787 2632
3470 3800
1639 2804
1401 312
4933 507
4690 4812
703 2024
1196 181
2530 4079
1063 181
3435 3881
4715 248
1059 2032
196 2815
2626 1130
3659 2210
3872 2297
4638 1233
4852 4106
391 4539
3770 2622
1344 950
4177 4510
3817 4965
2125 1772
3143 4711
1795 4765
4109 3628
1645 2090
1657 2325
2513 4156
4279 3189
172 3523
4698 1027
2644 2461
2408 1886
3283 178
2078 3292
2937 3558
3051 511
4343 2123
681 2318
429 2879
1574 3476
885 2620
3306 2292
2793 166
3113 2812
2145 4798
3862 4323
3289 2928
2040 1431
4793 2258
4160 3211
1536 4662
1376 244
4301 3899
1611 3817
143 4996
2259 4533
2097 4582
4802 102
4528 3636
2552 2254
3970 2932
820 2084
3011 14
2793 323
1180 942
1624 4702
1537 3730
1205 4728
2676 3415
475 4551
4724 1152
310 95
1057 343
4727 2376
2897 201
1256 3816
1219 2050
2060 569
2433 957
4663 603
923 20
3305 4746
3632 3650
3314 2394
4964 2853
489 3685
120 754
783 573
1824 1289
4302 52
4531 4522
3667 288
3382 2566
2993 1133
4831 3167
2961 3116
2897 1536
3014 3548
1331 1143
380 2042
2923 3557
3570 4719
3392 1433
4916 1293
4081 2504
2613 3144
884 4166
1256 5
801 469
2040 3397
58 3005
3976 4932
2024 1882
1585 1981
4607 866
579 3385
3519 976
4216 1149
3782 1463
1551 2918
3717 424
4613 4822
2255 2707
2253 287
2642 3701
4005 4111
216 3106
1284 300
3974 3606
4556 3824
339 2486
3246 1125
256 312
1109 2024
3882 94
1026 3847
4788 1861
4879 3175
3060 2207
4702 1562
1834 451
3808 3693
2417 1494
1263 4664
4769 466
2788 2171
3267 2209
1241 2924
137 1766
3450 3856
4857 4991
2472 1086
2035 3341
3190 4788
4590 3658
1078 301
3958 3148
8 1431
1318 4363
4556 3007
3731 2929
2763 3758
4457 3515
2026 1222
1700 110
1323 3884
3187 4160
3837 3893
878 55
1272 3722
3272 329
2008 2063
2776 2476
3929 3638
4718 3611
1185 2498
753 1082
3787 3623
3214 1501
4203 3008
2473 1133
522 411
1054 261
4376 3076
3140 1946
2376 753
3474 3931
3916 4114
2422 2718
2950 351
4328 722
2437 2888
3790 1008
1883 3444
3751 3284
1516 2178
3289 1730
4504 2912
3130 3211
902 2902
1416 4650
3101 1316
1191 929
4281 704
4926 3857
1401 1221
2786 3476
969 791
2826 4026
1216 3978
3234 2494
3489 1698
1834 2964
2594 4380
4381 4766
609 2257
4985 76
1179 1830
128 1004
3394 4760
3563 3935
2279 768
4066 2206
3511 1719
3731 4463
272 683
3244 4443
445 621
340 2082
1513 1593
4293 808
204 1365
4304 1245
3451 1872
357 2235
2393 4499
1912 675
1280 1030
4607 4150
2794 252
231 993
1821 3620
150 1224
2663 216
3114 1814
830 2974
1737 39
4476 4476
4941 3953
2128 1573
668 1329
1852 584
55 4003
2417 1868
1345 2510
4099 2379
4251 1150
505 128
2942 2312
4126 2608
2592 1391
3711 1748
762 1389
2480 1988
1864 1589
1776 852
4481 1185
2 3063
4831 2234
1427 3036
4199 4590
473 4774
1895 3883
30 1301
585 4094
2629 3980
2531 4823
3342 767
3505 2198
1476 2947
2161 3522
1798 2481
3930 92
871 2970
1382 4439
3875 1695
3108 3740
4957 3235
2600 4038
925 4003
4929 1296
2466 2091
4684 3504
3019 3439
4802 3775
4192 102
3237 4285
2719 314
1410 1373
607 2486
705 3980
1077 401
1963 4015
4381 802
3428 2860
4737 2661
102 4377
3835 1784
3317 1254
3884 4375
2229 3587
4342 3347
1302 539
2292 3876
3179 2614
1020 2406
3491 3298
1390 957
3720 3445
1023 1961
4425 3107
1441 45
95 3386
2972 2632
1137 2150
229 3262
623 522
755 627
4038 1050
2919 1134
3396 3601
1685 471
2315 1457
445 4146
168 4904
3589 3529
4743 1489
3677 3879
860 4697
2617 1024
1980 1418
1277 3081
4750 1793
3645 2304
4267 3709
1729 3447
1508 3537
1916 1645
460 2774
2057 255
3736 2827
2227 2807
147 973
864 1018
1287 4217
3918 4397
1541 712
1788 348
2959 1093
3814 3247
4120 116
897 3881
3792 2202
4112 477
3919 1591
2309 2678
4037 4564
4077 585
657 4280
2567 3510
1502 2918
1023 4035
483 421
1500 4568
2158 1650
4514 2164
3101 1701
3436 1817
2888 1548
1948 2105
100 1559
2984 901
997 4995
1268 3230
3273 336
2380 943
3845 854
1819 98
4628 1286
652 1865
1575 3909
184 386
523 567
4003 138
1095 1073
3744 834
2086 2097
2459 4175
4294 2183
656 2200
477 420
1314 4618
2616 1993
4918 3498
1687 2107
3019 4676
1088 2994
1931 3829
1713 1238
1994 3790
4989 3177
424 1412
4894 1683
3522 1397
3388 4221
1955 2475
776 3716
260 2871
1641 2431
2690 2400
4731 2591
4972 818
127 2906
3318 4363
2805 798
1449 256
355 4174
1354 2998
3428 4413
1792 4466
946 639
3114 7
3796 725
4177 3345
231 4777
2532 2208
3920 2746
4838 3695
3725 4746
3894 2979
1244 3112
1969 4265
1243 3937
4642 2331
2831 797
4262 3898
1601 3718
1759 1983
3740 4057
1076 4545
3614 3557
2538 3080
3864 573
575 1210
4799 2746
177 3211
1788 266
404 4911
4912 315
1773 2502
1071 3356
3961 3953
1055 1452
3521 1516
898 242
4873 1953
735 3502
1983 4762
3509 4053
4322 4797
420 3066
4598 709
3192 1402
4933 4365
3798 172
156 1300
4084 4814
1454 58
244 1000
1769 1176
3304 4409
4081 2652
801 2046
4666 927
3959 3316
231 4362
2704 2008
1934 1063
1278 4316
2462 3635
4808 1244
3736 2287
571 4544
2444 108
747 2010
1783 4277
4551 2009
4859 3378
1863 2953
4287 558
2312 3953
530 1249
2206 1992
4017 1540
4412 2821
1574 3921
808 448
3443 4623
1167 3496
2871 2059
4734 562
3858 4561
1905 462
3714 4545
3715 4984
656 4726
3734 2755
2042 1595
4286 4497
2611 2420
4236 4853
840 4404
2260 444
3384 1673
4222 3039
628 4344
2544 1365
2619 1227
4751 3850
4533 333
4136 4065
4620 3456
2892 4129
3282 4436
1350 2325
1098 1502
1730 3544
2445 3936
4264 4045
575 3740
472 529
1217 1444
1471 3768
4277 2121
2806 1790
2051 3064
106 3435
1478 1034
4236 749
750 1498
4426 904
3207 3734
1351 1859
2153 3372
2954 1191
4655 3482
1616 2022
1360 4373
3909 2070
4535 4004
3450 4942
4788 4180
4886 719
595 4775
3511 245
3284 1196
2846 3016
4127 1992
4014 2819
2406 1225
1798 1768
4352 2446
4033 1545
1928 1525
3621 130
3085 3330
2117 3044
3577 4473
2563 2741
4956 4528
3186 613
182 2341
2747 911
1228 4133
2044 3890
3737 4575
4284 1174
4008 2058
4269 3167
3875 4463
1641 2821
2477 950
3151 3398
2235 822
2394 1075
2183 4247
4894 4484
55 143
2766 1400
4273 264
1815 370
3771 1532
1530 4002
204 515
4487 2528
2201 1312
20 1469
3546 142
149 3734
4266 1586
4896 251
2417 2945
3945 1278
3440 1071
1298 2529
2658 2220
647 4089
4639 4436
1590 357
720 2586
3150 1516
2696 2133
3508 903
1492 3803
3477 3943
4630 118
631 1478
1201 4908
557 183
2169 527
3845 27
1954 2161
2428 3852
1605 1998
1869 2110
4635 4491
3740 2153
3010 4161
3385 1545
250 1848
624 2013
238 3240
2085 4291
275 175
538 2262
4776 2633
1839 876
1408 975
2521 141
2948 448
2256 2822
874 206
2110 2248
496 4537
1279 2163
2845 612
1831 991
2752 2167
3301 2731
4213 4853
2975 2750
2841 57
2634 2736
980 406
2032 3777
3644 3854
1782 4627
172 1611
936 2883
1773 3361
3623 678
2524 1869
2068 1993
885 819
1438 3957
2583 2676
4717 1515
3403 2091
3678 3907
545 1420
3938 3897
524 4638
1877 2552
1330 3096
1880 3976
456 3243
2288 1420
4050 4930
4838 1198
2535 352
733 2143
2918 1828
4351 391
1008 4929
1174 186
859 4221
2598 2937
3534 2902
3855 3337
1768 1716
1209 4207
822 2765
4912 1050
4290 2724
3545 688
3874 2668
2187 1158
3464 1960
2581 1602
1125 4020
4504 2263
2089 2165
4863 2627
697 767
4547 4711
431 754
3188 359
4979 80
4923 4467
4822 3511
3201 3821
2343 102
1342 2262
1894 3983
372 187
3811 36
168 2677
1918 3830
2819 3118
3237 516
2942 2172
2203 4997
4775 4338
121 2510
4605 879
1298 1885
1673 4058
4782 3942
1722 1646
2144 699
4425 2746
3743 306
3953 3334
1864 3909
4629 195
4846 4016
244 4812
264 1535
4649 3381
908 2677
446 605
4991 4152
1307 3254
2097 429
4191 4458
961 3202
1284 4169
4470 2774
4326 1489
2269 4313
85 3438
3736 460
982 2382
2062 4379
3221 2056
99 3803
1339 25
4134 4596
3542 3513
717 467
2338 695
4108 316
3656 1885
2152 4976
3941 118
2474 2562
2812 593
4289 73
4802 1790
3644 865
61 1688
761 4748
3413 2604
1234 4652
512 2312
1740 3053
721 935
2291 1174
3708 4809
3754 1284
1956 4120
775 2239
3043 549
3516 3616
2150 2183
3447 933
1064 515
4958 330
331 2079
660 4240
3781 2192
4742 3391
3416 2496
931 2243
1539 4380
2427 1280
3193 3890
320 4314
277 4610
981 1522
3198 419
1641 1410
3788 2530
4208 1974
973 647
2590 1283
74 37
3549 1363
4419 1125
2840 75
3729 3520
1229 4860
3144 1597
1296 267
2292 2540
2996 651
2107 2052
4467 3970
3598 1841
2419 3965
1977 3456
2966 4243
2430 594
1827 1714
547 455
884 4161
812 518
4238 3774
876 2916
3348 4914
4285 3315
1836 2288
4420 3866
1842 2359
2022 446
594 3241
1751 1703
1130 4754
2816 716
3760 45
3974 23
4 4997
3663 567
2860 3421
2866 4547
4251 1435
3316 2321
4653 1992
2241 1487
1986 4100
3770 4253
4862 270
25 1246
1626 1173
4921 3190
2111 3532
93 2076
1982 4860
1870 3578
1338 2631
3039 1496
4358 2754
3633 527
1129 3091
1100 3884
552 4310
1946 4688
84 4426
1966 3662
2 4401
4865 1200
4114 2568
4981 257
4919 750
749 4530
870 3779
2607 509
2089 4690
3892 3117
3227 429
2503 3206
3338 3739
4570 125
3462 4745
4704 699
4327 2039
746 227
3205 2976
3369 4995
3033 248
3689 1792
2993 150
829 4478
1787 3660
4353 1399
1216 3076
3646 3770
2748 4628
611 4280
1954 1885
139 4529
2574 4942
1411 4651
152 4562
1213 2884
2247 676
2032 915
3403 2665
1169 1147
2332 188
3426 2522
3346 782
2615 4068
4269 4914
2532 875
4313 1931
2735 1931
3076 3201
1750 1478
4215 2348
3429 40
1248 2089
3353 4305
3155 2558
2873 2311
3662 1869
4088 1667
4826 4271
2478 344
4292 952
923 1960
374 3208
4156 3932
810 136
3226 1385
2738 385
812 2676
1714 2135
1868 2621
3277 4572
2535 674
245 772
4735 3038
4021 533
2355 1536
4319 4794
4818 2663
1071 1766
3910 1321
2075 3721
1283 1965
1139 2670
1498 1978
1256 1865
1369 3328
4388 2811
3652 2257
2649 67
2118 3138
2180 3709
1716 4599
2548 3509
4223 3255
48 47
1503 3224
4605 1026
55 1604
2226 939
3651 1545
2167 3587
1282 3195
1526 1646
4759 4098
2143 1798
2049 4629
821 629
1806 2693
4963 491
1598 532
4932 1763
4433 3705
3270 416
64 3925
2778 3091
908 347
843 2307
3886 1743
2474 578
4595 4134
3806 3428
4299 4844
4434 3396
4126 3454
484 2310
3616 2011
630 2794
2988 298
1067 2824
4378 3152
3624 1299
2334 2579
1650 1499
3957 1716
2921 106
517 1243
20 3701
4219 2340
4958 3852
2847 2690
2793 2012
657 2586
4755 545
4228 4611
2908 2472
2514 3150
4188 3115
2676 1419
4070 3149
3426 757
1601 508
1327 4997
2001 4733
4817 2485
2317 3003
3208 3200
4343 2051
2485 4291
4665 3580
3474 100
4840 1289
1510 3598
706 3486
490 2294
1552 4007
1770 1897
4196 3825
4629 3869
1639 4783
2040 1261
109 2575
1161 2053
545 327
675 2601
368 816
2782 25
778 4224
4893 1821
131 1209
3946 3824
2192 1949
4899 3012
2848 3838
2626 3813
1849 1687
4673 219
1718 4489
1657 2203
1841 2833
4100 3140
3072 4246
4596 401
3495 4147
3737 270
4112 3456
1630 4536
2817 4479
2245 1925
461 1945
2731 4553
4521 4028
4012 93
1790 3373
711 2263
3325 4978
3969 4518
4516 781
4209 673
497 730
832 3268
2497 3869
2323 557
3167 727
3350 3326
841 729
3193 4611
95 4811
903 1283
3069 3020
2141 2857
1538 1085
4181 3141
3604 3909
4388 23
3474 967
4315 3682
2200 3978
4690 633
657 2629
3571 3273
4054 491
89 473
3817 1276
930 3502
4727 3667
2389 3556
879 4242
366 1690
614 3798
1720 3851
4645 4780
4364 306
643 4930
4600 3268
3070 3090
2230 4024
3142 4021
1302 2285
566 4003
1151 1058
1278 28
726 480
214 1382
1790 1727
3381 1507
1405 3074
1923 3838
4332 4521
3019 4596
691 1038
3473 3503
4444 237
4482 3505
3988 1119
3412 245
882 2339
3121 4973
2192 3112
3892 1520
1645 1435
3791 286
3065 2578
2752 4848
2190 4827
230 3270
1807 3827
4236 2507
51 2405
1291 3412
2361 142
83 2650
4305 4838
1917 3921
2046 4001
4985 2095
3316 3214
411 1432
1301 2800
3163 1704
4140 650
2740 2683
3976 1104
310 4994
2979 1843
4367 2646
2952 4870
805 4098
1280 4318
1982 432
3519 2354
3737 4612
3911 4257
137 825
706 4086
3926 344
1761 4886
3501 4660
2441 1129
41 2811
654 4583
4536 2952
1768 4847
707 1356
2130 2374
818 3759
187 2155
2032 2556
3103 917
4698 3959
804 932
76 3713
1848 1629
2261 1731
2559 2726
960 2636
1185 537
4849 1266
726 621
1928 2500
1876 991
1746 4262
3831 1799
3300 1128
1040 2030
1531 1253
2254 3701
2358 2078
486 855
223 2522
802 4127
2717 118
1160 889
1248 2357
931 699
2610 902
3337 786
1641 4760
890 561
543 3292
1773 318
786 2550
1632 3556
3205 4313
1529 236
290 1493
4029 2078
4283 1279
125 340
1964 1304
1590 2724
170 1087
804 386
1045 1732
2858 3689
4750 1798
3731 2894
4082 427
4122 4365
3380 4260
2371 1058
392 3973
3511 3318
2456 2970
1124 3518
4867 3652
802 2526
4647 3277
2886 3657
4406 2549
457 3823
3967 2180
98 3987
3478 4087
1985 2687
2094 4105
4677 2545
689 844
3656 4572
3412 1599
2794 2738
1083 317
1030 1046
3042 2630
4963 1882
1322 3780
792 1757
207 1750
1529 3320
3254 2519
408 2926
2041 1005
1423 886
313 3908
2179 790
2341 820
863 3935
16 641
3531 1183
3683 3516
2365 4540
2956 1440
1593 2590
3705 1071
3111 4111
1747 3859
2352 2540
3571 4113
2866 2303
1737 505
144 187
3319 4988
3416 1006
2476 698
382 1773
4611 4177
1181 1264
9 4792
1587 4672
4030 2812
1812 3958
3830 2223
4643 4185
1373 4689
1128 1324
799 4086
4254 478
2762 1834
2799 4161
209 2309
260 2263
662 1403
3646 1878
2382 892
1730 80
339 4021
750 4995
127 4575
1864 2053
553 337
1667 209
3217 2919
1176 3068
4892 83
2064 1558
4174 4668
70 2706
4195 1461
2574 2891
4177 820
2465 1890
4584 1004
901 876
3830 4778
1242 3190
491 4934
65 933
2619 4941
2025 2752
3201 4615
1035 554
1763 2761
635 3692
136 2968
1352 2053
555 1958
1670 3738
2038 3110
4005 2325
3162 3992
4504 3779
4453 1723
1566 3363
543 3973
1241 1101
4398 2886
3542 3356
1470 3778
2994 3551
2435 1240
1416 3211
802 1373
3900 3605
3499 1629
253 3891
1825 249
4285 3302
3558 289
1765 3805
2090 3996
2103 1098
102 985
810 3673
1259 4317
3360 4936
4916 4307
626 4381
3505 4667
2312 3300
423 1630
34 1520
119 258
2527 1042
3799 681
4676 1505
2733 4667
2954 3384
3740 116
4018 4143
513 22
4137 1183
2865 847
2749 2746
2209 4242
40 4247
494 4888
957 3192
4696 135
4926 20
799 2178
133 3478
4834 3503
3004 1779
185 1119
2424 4006
3890 1190
1471 2453
2764 2179
3077 3072
1889 2868
1473 454
2019 2795
966 1586
1595 3449
2727 99
883 2456
3592 3984
2296 2950
2569 1092
1425 1864
4770 2411
4637 3596
3627 1882
713 3082
3080 2866
1403 4235
4206 1693
3480 4204
95 4308
3534 136
2139 4027
1706 508
3864 2519
3730 2035
1723 2623
4285 1847
4975 1965
3474 3779
2792 754
3996 3950
1942 4388
4035 276
1942 2733
1804 885
3636 4894
341 3335
250 4856
2422 3236
1013 1937
2480 1765
1522 3816
62 4482
3267 1883
602 4478
2588 4119
3151 331
1435 322
1614 3332
1532 4163
863 3906
4490 2766
4272 3916
1794 864
1954 2366
1125 2687
273 1454
4384 1033
3233 1244
3256 1010
1136 215
1424 100
2947 3563
1106 3338
1584 4849
3064 2336
2478 2244
698 4078
4849 3873
125 3735
3028 4849
4151 4047
1043 321
1924 196
2816 4817
1542 2905
4151 434
65 184
1053 3687
4581 1965
1842 3975
4519 1533
106 384
2058 1164
932 367
3343 2413
2921 37
4145 4566
4653 1092
4528 4495
1691 2603
784 1097
944 101
924 4401
2660 639
4114 3351
852 1067
3602 4479
847 3793
2123 1797
4133 3368
31 1978
3449 4339
2716 4607
2694 652
3305 3838
4235 2766
3721 4401
2446 1922
4435 893
2940 882
4165 1744
3911 4699
2617 1100
1482 2566
1614 2701
2647 322
1712 3070
2760 4679
4263 3102
2819 4708
1487 2443
4592 4736
4994 3095
2845 4652
2762 2358
206 4864
1318 1596
3176 171
1053 3541
776 4142
82 2984
3840 4995
2844 4145
3484 2053
3491 2920
527 1221
3146 2850
2862 2696
4450 159
1548 2088
100 1315
4292 4825
1207 4971
4278 2287
908 2795
4912 2377
1552 943
630 2115
3757 384
724 223
2390 2440
3143 4006
243 1269
4719 2417
3050 3434
3104 3230
3428 2795
2417 996
3048 3043
4228 916
3905 4047
4123 4880
1719 4423
442 1459
900 2453
1696 2144
4701 2738
3877 2610
729 389
163 1624
1454 4268
1914 1146
1995 4169
4640 279
3681 2114
4350 4287
2862 2209
2846 3565
1388 3075
4903 5
2907 3794
4181 4815
2326 105
452 2869
3807 1876
1907 3995
3007 2513
452 527
1470 4552
3883 3442
1009 1799
1408 783
4047 148
4769 1225
1887 4400
1355 2810
4100 267
726 905
3874 706
1903 1490
1814 77
1273 1618
2021 1928
326 1166
897 4388
904 3880
495 744
4151 120
4989 816
3105 4605
2887 4447
1885 4285
623 2900
1827 420
4751 2210
1893 4180
3657 1794
1638 4279
4550 2505
4483 1044
4353 3555
3874 3344
3671 1222
4653 4883
4600 684
988 1289
4087 1939
3694 2237
3543 1009
2505 4923
1708 4680
4935 2981
4722 4383
586 4401
4045 2902
1558 1665
666 3368
4241 556
3705 2238
4072 1327
3198 3013
2380 197
156 59
4164 2797
2832 148
3541 4061
3267 456
4091 4950
1122 2925
2733 4835
1621 3873
4386 1758
4880 1447
983 4209
410 3028
2434 4247
4889 4299
131 2191
3586 1176
3021 1892
4166 3363
1822 297
4227 3598
826 2853
2039 4730
3786 4488
4036 4856
1550 648
745 2371
3195 2951
1037 928
1915 255
4056 2595
1364 4946
4295 2840
1501 2289
1068 165
2188 1113
2664 4761
159 4908
1180 478
888 3802
224 1172
3239 573
1858 2652
4270 52
1436 4178
683 2326
1951 3272
4262 851
347 2677
4858 4226
3038 966
3982 80
3151 138
2164 2590
3217 384
975 4825
2702 3391
3992 4482
335 526
1094 4651
4551 388
3818 575
285 2732
4600 1028
3428 371
3993 802
159 30
813 2564
1715 236
1406 247
1122 3493
3107 4508
3911 2866
2985 2733
2524 1828
1709 4419
1511 4754
3395 2297
2660 1773
1923 572
4362 1317
776 4823
805 902
4228 1269
3502 3036
3478 2700
4944 4178
850 449
3322 3462
4071 1214
3548 3278
83 4039
867 1264
282 20
2510 3448
2546 3472
3091 3153
4668 4771
2103 440
1659 4394
4258 2526
4745 1218
4096 2385
4633 357
3483 984
959 3890
682 4567
1566 1970
92 977
3530 752
2953 4556
3583 3101
4499 3871
764 3689
3099 4535
2120 3247
1247 902
234 264
117 4982
1566 3152
954 1503
4635 20
2217 3309
2095 1437
141 434
1404 3580
3857 3274
3842 406
2915 2202
2135 1995
1440 1086
828 3326
2899 1813
492 2405
2344 2995
1945 448
1555 1692
2580 3890
2536 4680
3817 19
1449 2203
3562 2672
1948 4784
3248 4475
1329 1450
1610 492
3929 3488
4166 4366
2983 2870
1987 1415
3421 3323
749 663
1332 186
1331 3115
4768 2804
3088 298
2351 1233
1600 912
1946 2194
1351 3024
4426 969
4034 4460
4648 272
3194 4079
3153 3108
2798 3588
4768 779
4389 2232
3041 3383
586 4368
700 2595
2572 3872
1754 916
3959 2519
4852 4421
2495 3165
202 1873
3228 1834
3439 1943
733 3356
1984 3119
211 4841
4842 4495
1853 2539
1947 1790
379 1166
2184 2410
1150 227
186 4483
1930 3414
455 2787
2514 3106
498 551
4025 1338
2997 3723
3467 3157
4727 1260
3428 3956
1265 3628
4285 2510
3444 2254
3409 3196
2186 4557
3702 953
969 4309
389 626
2383 2175
4947 1187
1455 1271
3376 678
4783 1694
1767 2626
578 2099
2756 1609
320 3251
175 2853
803 2457
3883 33
2435 2666
3841 464
2061 2118
1401 972
2660 602
2933 1304
2526 3575
4500 697
1836 1608
2880 2885
2182 4443
2793 2128
909 2671
3091 1660
3918 4242
1723 2372
2351 3491
4992 658
3950 3512
4797 1096
2757 1522
1852 2574
4103 970
600 3560
4023 4037
4104 955
1994 1056
3726 2857
3419 3179
321 1243
4664 1447
1909 1864
4792 4728
1161 3
3618 3963
3055 1362
4192 1713
4733 2920
931 3801
1398 658
145 4203
4395 4761
4873 383
1797 571
3899 2320
4674 3076
283 4773
927 1900
2857 1108
3938 3611
4475 2791
4906 3109
2728 4021
3454 2790
3604 260
1818 147
128 4184
2328 4141
2982 3
1239 4361
710 1690
3711 2550
1086 4471
1382 1647
2508 3452
1828 3932
2043 3204
268 4125
4857 4256
114 3322
4367 3968
610 4825
4160 1665
4409 3081
3929 3848
945 4386
4795 2695
2171 222
3113 2314
2663 2522
3833 4197
4160 4037
92 2660
4620 4414
4977 3890
2952 598
800 58
3723 3855
946 2304
1068 513
446 4456
4213 625
655 2180
4810 881
1252 2838
375 4264
3978 219
374 568
2619 3886
1086 4132
3380 630
793 1410
2686 149
3715 1530
2861 1725
590 2354
332 806
4509 2148
1555 2342
308 3796
3793 1518
356 3577
3464 2370
1290 4020
3243 4169
3296 2458
4552 2778
4135 523
4795 2578
1743 1474
4124 3742
1909 1900
3057 4045
2501 2202
3108 1530
4870 1939
1603 3296
4112 1493
1676 4101
2575 2666
2901 2547
2494 2076
242 3008
2340 4713
4609 1957
4837 3614
978 3880
3720 3311
2315 237
4053 2309
39 3027
1445 4421
4812 2818
3562 195
3148 3870
2360 2184
2364 589
2224 4265
3490 2339
2443 2457
775 4677
2913 2706
168 1062
3084 455
1241 4641
2227 115
2938 4955
1569 391
166 1489
3872 3701
3262 1337
3549 3114
2068 4612
1210 3220
2437 4756
3356 3970
3125 3971
3858 918
4295 4955
1031 2599
4592 2786
2950 1469
4042 1110
460 4162
2643 1057
3965 1346
4126 4722
3946 4637
1334 676
3708 3031
4276 1577
4352 3657
4140 2173
4359 227
4973 4082
2250 3253
3964 3898
4947 3597
3679 2750
2741 1552
3914 4588
552 2055
1034 2644
4141 4592
2940 2955
1065 3472
1841 1540
3879 1541
3738 432
1265 1616
1411 1110
2065 2612
2523 4744
1323 666
3105 4482
1197 3352
2523 3778
4231 1642
1051 1043
280 3486
1581 4034
3776 4175
2453 1596
3441 202
53 3025
2554 546
884 22
4885 1148
2834 3848
3452 476
655 1954
1176 3840
4930 3689
2203 1807
4135 4485
2589 3318
4196 2403
1159 1781
3759 714
4293 1811
4904 1320
3089 2208
1876 3693
1035 2995
4708 851
2583 1052
S
Y
I
N
J
P
Z
M
W
H
B
K
M
U
O
B
K
L
X
N
T
E
T
T
A
G
K
O
I
D
C
L
N
O
G
M
N
R
Y
P
M
R
Y
T
B
A
O
O
N
A
I
R
H
F
M
M
R
U
X
E
S
T
V
A
Q
U
H
U
Y
L
B
E
S
C
O
P
B
A
A
L
D
Q
U
A
R
X
U
T
Y
Q
A
X
J
E
N
V
K
U
L
E
S
Q
F
Q
L
R
S
V
A
K
Y
S
Z
V
P
G
Q
D
Y
T
C
F
V
R
Z
A
F
C
L
Z
A
Q
V
V
H
Y
C
G
K
M
C
H
D
C
X
W
W
Z
N
A
W
L
L
R
X
C
X
L
C
K
E
Z
I
O
M
C
S
J
H
C
B
N
R
C
P
V
S
U
J
N
J
W
R
S
U
Y
R
N
J
L
S
Z
W
Z
V
R
H
T
O
W
Q
J
B
S
J
Y
G
Z
Y
O
A
W
E
B
F
T
P
B
V
D
E
X
P
O
P
X
N
J
X
A
W
F
O
A
R
T
B
C
C
M
I
V
T
E
P
X
Y
Z
K
K
K
D
T
T
E
A
U
K
E
R
K
G
N
K
N
W
E
G
W
G
F
X
J
H
D
P
N
I
M
Y
A
R
C
S
M
Q
Z
Q
G
P
P
I
D
J
I
P
J
O
S
V
X
A
E
B
L
V
K
T
V
E
P
M
G
P
U
G
D
R
E
P
G
R
U
V
X
Z
T
N
H
K
B
G
C
T
W
S
I
J
O
O
Q
J
H
G
T
Z
Y
T
C
B
J
W
C
S
I
P
S
M
D
C
G
H
V
G
U
L
A
I
P
G
R
Y
H
Y
M
R
Y
F
A
C
K
N
E
N
O
A
T
P
B
V
N
U
T
M
F
Q
C
T
Q
S
X
O
G
X
X
Y
K
I
Y
Y
O
A
U
A
N
K
D
T
C
G
T
W
Y
U
B
Y
G
N
L
L
G
Q
Q
T
K
O
L
A
N
F
N
K
P
X
L
O
H
I
I
F
Y
K
D
Z
F
N
R
Y
P
J
H
X
Z
Z
X
I
C
H
Q
V
S
F
L
G
R
N
F
Z
G
Z
C
O
N
W
Z
T
Q
L
Q
D
L
J
M
L
P
Z
N
Z
N
O
L
Y
A
G
R
I
R
R
I
J
E
V
R
L
X
V
V
K
O
V
R
B
V
D
D
J
C
V
H
F
W
A
G
C
O
V
E
L
J
W
W
O
I
E
A
G
I
N
P
S
N
V
G
I
O
A
J
S
H
R
R
N
X
Z
J
E
I
N
N
C
R
R
K
L
C
P
W
Q
S
I
J
I
R
M
H
S
X
L
A
Z
J
G
T
N
W
Q
U
K
Z
V
T
H
S
V
M
V
C
U
W
G
M
R
T
S
V
X
N
M
Y
G
Y
E
X
C
Z
G
X
S
X
A
M
I
I
D
D
Y
I
C
I
F
D
R
M
H
I
K
U
O
R
V
R
Q
A
Y
X
H
T
I
C
T
V
E
P
V
H
E
Y
F
N
Y
S
A
P
E
Z
H
F
D
H
C
C
L
Y
N
Q
T
G
G
D
U
E
V
C
H
I
N
M
B
H
Q
Q
R
B
J
K
K
W
G
E
E
S
C
B
D
L
B
D
G
E
C
N
U
L
T
G
C
M
K
D
I
C
C
C
O
C
C
F
N
A
H
X
T
O
U
B
I
W
L
R
V
E
O
H
C
O
J
O
J
E
M
E
J
A
S
H
K
R
A
C
I
J
T
F
D
A
S
C
K
I
B
V
P
K
J
O
L
A
S
V
E
J
U
K
R
U
T
X
K
U
J
C
H
W
F
S
C
G
Y
O
C
R
V
P
O
O
J
V
Q
S
M
T
Z
W
N
X
F
S
U
E
P
C
U
P
Z
P
C
U
C
D
V
I
H
U
N
S
O
U
V
W
I
D
X
M
V
O
L
E
F
N
H
A
A
S
A
Y
F
A
A
H
I
B
K
C
H
D
S
S
S
C
G
V
T
J
O
P
N
H
F
G
L
W
W
T
R
Z
K
H
T
M
I
U
A
P
Z
L
X
T
K
J
W
O
H
D
F
I
M
V
L
U
G
C
Q
V
K
I
Q
C
J
C
M
L
N
K
C
L
H
G
X
D
L
S
N
M
Y
M
H
T
U
V
E
J
C
E
K
Y
D
H
Z
Y
L
M
P
G
B
Y
B
M
G
A
T
T
Y
G
L
O
Q
V
S
E
B
B
Y
T
L
G
C
A
L
F
B
M
K
E
D
M
A
X
E
K
U
P
S
T
D
W
M
G
J
O
W
T
Q
V
I
C
A
H
F
T
Y
Q
L
U
Y
Q
W
B
T
J
K
J
Z
Z
Y
R
X
Z
I
M
N
L
C
M
X
X
N
G
O
U
R
L
J
K
N
P
N
Y
I
S
P
S
E
Y
K
V
I
O
D
Z
U
L
D
B
H
X
L
E
X
J
L
K
H
V
M
F
T
R
H
B
Y
T
Q
X
M
I
A
I
T
K
K
X
J
G
V
Y
J
H
W
F
Q
H
R
A
X
Z
S
Z
L
V
I
R
Q
P
P
M
N
M
C
V
S
C
C
K
V
W
J
D
I
H
F
E
B
L
Y
U
R
Y
O
G
Z
O
S
Q
Y
A
C
D
A
U
A
W
X
B
E
S
Q
Y
F
H
M
I
X
B
T
Z
P
F
B
D
D
K
Y
I
E
Z
Q
C
X
S
K
R
R
W
R
J
M
Q
Y
O
H
Q
P
P
M
E
L
E
C
Z
B
F
J
O
D
E
Q
W
U
W
X
K
Q
F
H
Q
V
N
T
E
W
K
Z
W
M
O
M
K
A
Q
Z
J
W
S
U
G
E
W
L
C
O
Q
P
Q
Q
K
N
S
H
Q
D
X
K
N
W
K
H
I
N
G
P
V
G
D
Z
A
Z
U
O
B
H
T
L
Q
J
R
I
V
O
R
M
A
S
P
X
O
Q
J
C
L
Z
H
H
M
Y
R
V
K
D
R
R
W
U
W
J
A
L
R
B
W
C
B
Y
P
S
Q
X
Z
E
R
V
R
L
J
C
K
A
E
Z
A
S
W
L
X
R
K
R
F
E
E
T
C
A
U
A
V
A
M
R
I
F
Q
Z
F
R
F
J
F
A
L
F
R
X
V
G
K
G
T
X
D
T
C
A
Y
L
R
I
I
X
J
R
F
W
D
F
X
X
L
D
T
D
B
P
D
M
U
V
P
R
W
U
X
X
O
S
K
R
C
N
H
O
A
J
O
F
O
C
K
S
F
F
I
C
G
A
L
A
H
F
W
N
E
Z
M
I
B
Z
K
L
R
W
I
F
K
B
E
B
S
G
H
X
Y
E
A
A
D
V
S
W
M
Q
B
K
R
E
Q
X
B
D
O
J
L
U
X
M
T
K
G
X
F
B
M
I
Q
G
U
V
F
A
U
R
T
A
B
J
Y
H
C
Q
R
K
S
R
U
I
W
O
M
Z
T
K
L
Q
K
J
P
D
R
H
H
N
O
H
G
E
L
E
L
C
W
E
X
N
E
W
A
H
G
E
L
R
N
Z
T
U
Y
A
Y
O
Y
A
I
V
E
W
F
D
U
U
L
C
R
W
S
T
Z
F
W
R
G
U
L
C
T
H
B
S
W
D
E
I
M
Q
E
X
T
H
Q
E
K
Q
E
P
Y
O
H
K
W
V
N
M
F
Q
A
P
R
M
D
Q
W
Y
T
C
B
T
S
Y
B
F
J
O
V
X
Z
E
Y
W
V
U
L
A
C
F
E
P
J
U
U
H
P
S
Y
F
A
Y
Q
L
J
M
Z
M
I
F
M
D
H
B
Y
Z
Y
B
D
D
M
N
M
G
I
A
S
A
D
X
F
Q
U
C
W
D
B
I
R
X
O
M
R
C
S
G
V
O
U
H
X
U
K
N
N
J
A
C
R
Y
U
Y
N
K
D
C
N
E
W
M
Q
L
M
G
U
I
G
L
C
U
Y
X
L
D
O
M
G
Q
A
I
S
E
Q
M
N
Z
I
V
P
J
U
F
Z
F
M
X
Z
O
A
Y
C
G
H
B
F
F
G
V
R
T
A
Z
Y
N
C
L
F
G
X
V
B
U
Q
F
U
Z
C
L
U
L
M
M
J
B
H
A
A
V
F
M
N
Y
J
M
Z
N
D
N
N
A
B
N
F
J
W
S
Z
P
C
P
S
I
M
V
Q
X
D
S
P
W
E
D
S
F
O
M
S
D
D
S
V
F
O
T
N
G
U
I
Z
V
F
Q
C
Y
U
Y
E
E
E
Y
J
F
R
T
A
Y
C
U
D
U
G
O
I
Z
O
V
B
L
R
Y
G
K
O
R
T
P
L
W
S
E
A
Q
S
V
X
N
P
Z
B
Q
C
R
J
Z
N
Q
B
H
U
O
N
Q
O
W
F
G
M
Y
O
Z
Z
E
S
V
C
N
A
P
S
M
V
C
P
L
F
A
C
R
G
Q
B
M
L
R
K
B
Z
Y
Y
H
J
N
K
G
D
T
S
B
T
E
N
B
M
L
W
G
A
Y
J
V
P
U
O
A
W
T
D
W
U
M
N
S
K
R
I
Z
N
W
E
Z
Q
Z
R
E
N
G
S
N
J
E
N
K
O
S
I
L
W
J
P
X
G
E
L
P
Z
A
M
F
J
I
I
Q
Z
E
P
T
Z
F
F
T
J
T
P
G
X
G
N
G
U
H
Y
F
V
W
W
X
K
M
H
O
T
C
T
F
H
Z
S
S
G
P
C
C
Q
O
O
K
V
V
R
M
B
N
J
B
V
Z
X
T
M
Y
E
F
Y
H
G
R
L
S
N
T
L
O
Y
L
O
H
N
U
V
Z
S
E
N
C
C
F
X
S
Z
N
J
R
P
C
O
W
N
Z
S
S
B
L
X
V
I
Q
H
X
U
G
N
W
Z
Z
E
J
G
S
D
E
K
Y
J
E
W
T
O
M
F
J
K
Q
M
W
G
C
K
K
W
X
L
T
F
Z
Z
I
O
V
V
F
B
S
N
U
E
J
Q
R
B
G
M
R
E
M
P
M
R
E
P
Y
J
V
I
Q
B
W
G
J
B
G
X
U
V
M
N
X
G
M
X
V
J
D
A
S
W
Q
M
F
T
E
O
D
D
A
F
G
U
D
V
Q
X
C
Q
F
X
D
Z
C
G
D
J
J
M
L
B
H
F
G
S
X
C
O
W
Y
B
P
D
I
N
X
Q
U
O
M
E
I
L
I
O
H
E
A
X
Q
F
X
I
I
I
I
L
N
D
D
H
J
Y
D
P
X
K
J
G
G
M
M
B
N
A
K
B
I
L
T
I
M
M
J
O
N
N
Q
C
E
A
V
W
J
U
X
X
V
T
M
J
P
A
G
K
F
Y
M
D
X
Q
U
K
Z
D
I
S
X
A
I
O
Y
T
R
I
T
J
C
V
T
D
T
J
C
V
P
J
A
D
Q
K
S
T
J
K
C
O
R
F
A
G
X
T
X
O
Q
K
Y
B
W
V
X
E
D
P
N
N
M
W
Q
O
N
V
V
U
G
R
S
D
A
C
V
N
K
X
G
E
G
L
D
N
I
T
Z
R
D
M
A
O
D
X
P
P
K
O
I
F
P
Q
Q
Q
N
R
W
C
H
P
Z
W
N
F
W
W
E
P
N
I
T
L
X
L
R
Z
V
V
P
T
Q
I
Q
J
J
N
C
G
J
G
L
D
K
A
S
B
D
E
U
E
F
I
L
K
Y
G
L
E
F
U
H
A
O
Y
B
H
A
B
I
N
K
U
M
Q
Z
L
M
T
F
D
V
P
W
Z
W
F
L
Q
X
V
E
B
K
U
P
P
H
R
V
R
I
B
I
W
Z
V
Z
W
U
P
M
A
K
R
P
D
Q
I
Z
K
B
J
X
K
X
G
I
A
N
K
M
L
T
G
P
M
N
T
X
E
H
H
O
S
K
F
D
L
N
F
G
L
Q
G
P
G
T
T
E
Y
W
L
D
G
L
T
X
D
W
Y
E
I
L
M
O
F
J
R
N
Q
V
S
Y
H
I
P
E
W
F
L
N
F
G
U
N
S
C
A
T
O
K
P
U
H
H
S
R
O
U
F
V
B
L
C
N
U
D
I
D
C
G
C
A
E
B
M
V
U
X
C
T
E
V
N
L
H
M
W
L
H
J
R
I
Y
E
G
L
E
U
R
J
K
D
M
K
V
D
V
B
L
G
A
U
C
Z
L
K
O
Q
X
X
A
G
Y
W
H
N
Z
Q
E
E
I
U
Q
O
Z
K
F
I
R
P
J
T
B
S
W
E
F
N
B
X
M
W
U
X
B
A
T
V
R
N
D
D
R
N
Z
J
K
N
P
F
D
M
M
Y
F
Q
R
O
L
Q
W
C
E
K
M
Z
U
P
Z
L
H
T
P
L
P
V
U
W
E
Z
N
A
B
T
L
I
D
C
B
A
K
N
R
K
B
L
Q
Y
F
Y
G
H
U
U
N
X
L
G
B
P
N
N
B
D
K
L
V
B
D
O
H
B
Z
T
I
T
M
P
J
I
P
R
J
S
Y
H
D
D
I
Y
O
D
X
L
M
M
X
I
H
D
S
Y
S
V
M
K
W
C
W
U
H
S
N
K
F
V
K
H
G
T
I
J
R
P
D
T
I
F
I
G
G
U
T
F
G
E
E
F
N
V
L
X
P
G
R
J
E
D
U
B
S
L
D
Y
A
H
L
O
F
N
P
C
W
S
T
M
N
H
V
V
U
U
M
T
J
D
I
I
E
G
G
H
K
K
T
B
X
K
S
H
B
C
X
I
Y
E
J
P
A
Z
W
Z
Y
U
J
F
V
P
B
J
A
M
K
L
G
O
E
Y
Q
H
Y
T
G
C
O
B
R
L
N
H
S
W
V
R
M
K
A
U
H
S
F
R
H
S
Z
C
I
H
J
I
N
S
I
O
V
L
N
V
N
E
F
Y
Z
G
G
O
I
S
Y
K
M
M
S
T
Y
S
M
S
J
F
R
A
R
G
H
E
P
B
T
U
T
H
W
D
A
T
V
N
P
D
H
X
I
D
Q
B
D
R
H
B
L
T
E
X
T
U
Z
C
Q
M
C
Z
B
E
A
D
F
S
Q
N
U
L
D
M
Q
P
W
X
U
P
V
I
Q
O
H
S
E
V
L
N
E
W
D
G
V
P
M
K
Y
E
I
O
H
H
D
G
V
N
I
A
B
T
K
M
T
C
J
Q
Z
H
I
S
Q
J
P
I
A
L
G
S
R
U
K
C
X
I
D
S
S
J
B
F
G
G
U
O
W
E
J
Z
K
K
A
H
N
I
O
I
Z
C
K
F
O
W
F
C
L
E
Y
G
A
M
T
F
M
A
R
W
S
U
X
X
Q
M
P
V
M
X
D
Y
M
Z
V
F
D
E
T
Y
U
U
M
F
R
K
N
R
R
S
S
I
Z
B
H
H
L
T
P
H
H
E
N
R
H
F
O
P
K
N
H
A
S
X
Q
J
S
E
U
I
W
G
A
A
G
X
M
G
O
C
I
R
A
V
X
C
T
R
Z
V
M
S
A
E
I
I
K
C
P
S
S
K
Y
V
Q
S
E
X
A
D
I
X
J
I
K
Y
I
D
R
C
B
H
F
P
M
H
I
N
D
K
X
L
J
R
D
W
Z
Q
A
D
Z
Z
J
L
R
U
I
O
I
N
F
Q
C
P
T
P
C
N
B
O
V
C
O
D
L
U
N
R
Z
V
E
A
H
A
A
Z
N
O
Z
L
R
C
T
S
A
E
U
V
N
G
C
N
H
A
U
S
O
Z
Y
J
Q
K
K
M
S
H
M
W
A
A
A
B
F
F
L
O
D
E
D
H
R
Q
H
Z
K
M
T
O
T
J
A
F
E
S
Y
M
Y
L
D
A
I
S
U
K
A
Q
R
K
J
U
Z
O
E
U
U
M
F
T
B
Z
A
J
O
D
J
N
J
W
P
V
J
S
Y
H
U
N
O
I
Q
R
H
A
R
F
F
P
C
B
V
Y
X
W
T
Y
O
D
E
G
F
U
Q
E
S
K
H
J
W
Y
O
Z
L
P
O
C
H
W
C
F
T
R
C
Z
Z
L
G
G
L
L
T
N
Y
O
U
X
D
I
M
V
F
H
A
L
B
F
F
K
E
U
X
Q
A
D
A
S
N
L
W
A
P
V
S
M
B
Y
J
E
S
U
V
S
D
S
T
N
U
F
H
S
O
V
T
O
Q
G
I
Z
V
Z
P
O
L
P
L
U
T
J
I
S
A
B
Z
B
U
C
E
S
R
T
Z
S
M
E
N
U
G
N
D
F
E
K
J
C
C
I
E
C
J
S
G
V
U
Z
K
O
R
T
W
I
J
Z
P
H
G
D
A
L
T
I
G
A
V
W
P
J
D
L
I
P
N
B
D
O
Q
Z
Z
R
Z
V
G
S
C
J
B
Q
O
Y
W
R
A
B
Y
D
Z
R
F
K
G
V
H
D
R
H
M
E
M
X
X
H
O
A
B
N
N
P
G
M
F
G
D
O
G
J
F
J
E
W
J
I
Y
N
S
S
L
O
X
M
Q
X
X
F
C
U
O
H
O
J
H
J
J
O
O
W
F
W
P
G
Q
W
C
W
W
M
C
W
Q
E
E
I
U
J
B
R
E
R
V
V
I
G
U
T
H
Y
R
S
N
R
S
N
B
H
O
O
T
L
I
Q
R
W
F
M
H
E
I
X
C
K
W
B
R
J
S
K
H
S
B
R
A
T
M
U
D
Y
X
M
P
I
E
I
Z
S
V
L
Z
P
M
F
I
D
V
Q
L
B
L
K
C
F
Q
Y
K
S
D
S
A
C
Z
A
R
B
R
J
X
N
W
A
K
M
X
Q
J
F
X
G
G
N
T
B
L
D
R
K
T
A
C
S
K
U
G
D
S
Y
F
G
F
H
N
T
K
L
Z
O
F
N
Z
K
H
I
U
W
L
V
W
Q
B
J
V
X
I
T
C
P
M
D
Z
J
E
I
X
I
P
L
L
G
V
E
X
K
A
V
N
I
I
C
D
R
M
G
L
U
N
I
Y
U
Z
S
D
J
B
X
V
W
B
J
I
A
B
Z
N
N
G
R
N
J
Z
T
Q
T
O
R
I
A
B
O
D
L
Z
H
F
W
U
X
Q
C
L
Z
Z
V
Q
N
C
U
B
U
G
R
V
O
D
C
B
L
E
L
S
W
S
M
E
J
Q
N
G
T
G
Q
X
F
W
K
R
W
N
Y
X
O
Z
Q
C
R
X
J
E
Q
L
L
V
F
W
W
I
A
I
X
X
J
S
H
S
K
P
G
T
M
C
V
B
M
A
F
S
T
R
P
E
M
S
L
U
A
X
O
C
E
K
N
Q
T
A
D
E
K
U
S
Y
S
I
G
G
S
C
L
R
P
L
K
V
O
U
Q
G
V
Q
C
W
W
U
P
K
O
I
T
V
B
W
V
V
D
E
P
M
C
E
Q
T
Q
M
Z
X
U
B
V
E
C
A
Z
D
L
W
J
I
A
M
E
X
M
M
E
Q
C
I
O
K
J
Z
Y
W
Y
O
S
I
M
P
Y
B
H
J
D
D
Y
X
Q
R
I
N
J
N
R
B
L
C
F
B
J
N
N
X
S
K
C
A
Z
R
O
F
O
X
N
I
K
H
H
P
B
P
Y
D
E
D
Y
Y
S
J
Y
P
P
Z
J
P
W
U
L
E
O
T
Z
I
U
Y
K
E
X
G
D
E
Y
Z
Y
E
G
N
P
P
B
T
P
W
N
B
B
R
N
U
P
C
P
J
K
F
S
S
X
L
Y
J
N
L
W
N
M
O
L
V
Z
A
P
D
L
W
E
C
F
G
S
A
Z
W
D
D
A
W
H
P
N
X
S
V
L
G
B
C
Z
I
U
G
I
E
M
E
O
B
L
T
V
B
T
E
W
Q
Y
B
I
K
C
B
Z
C
W
R
J
D
K
Y
A
O
N
B
C
C
O
V
P
Z
U
D
L
N
I
K
L
U
F
H
Q
D
F
K
E
G
S
E
T
W
B
U
A
J
H
H
A
P
V
X
L
A
X
S
Q
E
H
J
I
I
K
W
F
O
K
C
U
W
Q
B
W
V
M
F
E
L
D
G
V
W
Z
R
S
H
P
W
T
L
U
Q
M
O
E
E
I
R
J
A
N
U
Z
R
J
U
S
H
E
G
X
E
G
B
W
V
L
V
N
A
H
X
S
L
M
M
P
A
M
H
C
N
N
V
Q
Y
I
V
L
W
L
O
D
B
F
I
O
J
T
Q
F
E
R
P
Q
T
A
P
L
D
P
Z
N
B
I
A
F
A
A
Q
B
T
W
H
T
H
Y
J
G
C
N
Q
Y
K
X
W
M
T
T
K
T
W
E
I
Y
Q
C
U
T
X
J
R
U
H
R
A
O
E
F
G
G
T
K
U
Q
X
N
O
E
U
B
C
G
J
I
T
Q
L
F
Y
K
Z
K
R
V
N
M
N
P
Q
T
M
Y
E
K
J
X
B
O
K
N
U
D
D
X
T
W
E
Q
O
P
X
Q
I
F
B
Q
N
S
U
Y
T
L
V
Y
I
G
U
W
C
L
J
K
M
L
S
P
X
E
B
N
E
T
J
C
D
A
P
M
K
W
S
E
L
I
R
D
T
F
Y
N
F
M
K
I
N
F
F
S
O
W
S
T
M
Y
B
X
I
Y
Q
L
Z
H
K
K
M
B
M
V
A
G
D
C
O
T
B
W
H
X
S
E
K
Z
I
N
C
O
O
S
A
A
K
H
D
F
S
H
R
B
U
V
L
H
H
O
G
V
O
K
S
G
T
Z
Z
E
U
B
Z
N
Z
K
H
Y
L
J
V
N
Z
S
M
W
V
U
J
E
X
R
B
M
R
I
E
S
X
V
R
P
M
L
Z
Q
A
S
I
V
N
M
Y
H
N
K
U
D
F
L
Y
K
A
Z
J
S
C
B
K
S
W
Y
Z
T
I
D
A
E
S
G
B
Z
T
O
W
T
U
K
N
C
K
Q
M
T
R
R
I
J
R
B
P
Z
C
G
I
V
I
O
J
I
O
X
H
I
I
F
Z
L
A
B
U
F
F
U
T
Y
Y
K
L
V
M
M
Y
W
R
K
M
C
K
N
X
T
M
E
L
X
O
S
Q
V
I
D
Z
M
Q
N
Z
F
N
V
A
Y
V
C
T
O
L
T
F
A
I
D
X
N
D
E
V
Y
R
K
O
A
G
A
I
N
G
N
H
V
D
J
T
I
P
N
U
A
P
Y
L
Z
V
V
S
Y
K
G
X
X
D
K
X
N
N
T
F
Q
D
D
E
T
K
V
F
U
G
T
Q
Q
E
U
O
N
E
D
T
E
U
V
T
O
Q
H
K
N
W
K
E
S
M
C
V
D
G
M
Z
W
P
Z
P
V
V
K
C
T
N
S
E
N
G
A
B
V
L
I
T
Q
M
E
F
X
B
T
O
W
C
C
I
R
W
O
U
O
S
O
I
W
H
R
I
M
W
C
X
Z
Z
A
M
T
I
T
Y
W
E
Y
U
F
Z
Y
G
H
H
B
