5000 5000 5000
541 3
4691 3
1509 4
2133 3
3815 4
867 3
708 3
4791 3
2276 4
4730 4
4629 4
3113 3
3425 3
35 3
3944 4
249 3
241 4
4374 3
1391 3
613 4
2006 4
3604 3
954 4
3496 4
2486 4
1910 4
1597 3
1309 3
2943 4
4165 4
1148 4
3284 3
2478 3
226 4
1405 3
4220 4
3084 4
3618 4
4935 4
3078 3
4711 4
835 3
1423 4
4860 3
2184 3
4858 3
862 3
327 3
4566 4
4325 3
3612 4
4183 3
2689 4
3642 3
4950 4
47 4
3190 4
3912 4
1116 4
2664 4
899 4
4322 3
4636 3
3082 4
4091 4
2922 3
1156 3
4848 3
4558 3
1560 3
2037 3
3962 4
2285 4
2845 4
3331 3
100 3
3288 3
4398 3
412 4
4343 4
4126 4
2189 3
1743 4
1208 3
1510 4
4272 3
2270 3
3103 3
4646 3
3719 3
3343 3
1415 4
1269 3
2123 4
1650 3
123 4
1428 3
371 4
226 4
1769 4
581 4
1306 4
2846 3
2184 4
4939 4
468 4
342 4
2782 4
545 3
3414 3
4853 3
1066 4
1144 4
4954 4
4438 4
1026 3
1090 4
4495 3
141 3
4202 4
710 3
963 3
4841 4
2250 4
2197 3
1391 3
675 3
904 4
1290 4
1229 4
3629 3
2795 4
731 4
1768 4
1890 3
3721 4
3783 4
933 4
572 3
4760 4
4565 3
1452 4
1130 4
1038 4
4931 3
2638 4
659 3
3821 3
259 4
4398 3
4029 3
2410 4
2667 3
2079 3
432 3
2547 4
2158 3
4717 3
2795 4
2998 3
2273 4
428 4
3011 3
1181 3
439 4
3179 4
3554 3
4976 4
1502 4
2188 3
69 3
623 3
1210 4
4102 4
1942 4
1655 4
4873 4
1016 4
2770 3
2506 4
2665 3
1090 3
4348 3
371 3
4880 3
1392 3
2854 3
4450 3
3204 4
3506 3
61 3
1368 3
3160 4
2488 3
4881 3
2121 3
3838 3
2082 3
865 4
3232 4
1555 3
3582 3
2724 3
3102 3
2012 3
4207 3
2599 3
4540 4
3399 4
4879 4
4847 4
3022 4
1570 4
3274 3
1047 4
298 3
2775 3
1625 3
2569 3
1056 4
104 4
3650 3
370 3
92 3
3504 3
1216 3
3114 4
2884 3
3370 3
1455 3
3375 4
1091 4
481 4
318 3
2523 4
2811 3
1475 4
294 3
388 3
221 4
800 4
2461 4
4331 3
3302 3
3961 4
4959 4
4826 4
1891 4
2318 4
4208 3
4173 3
1630 3
3257 4
2889 4
2813 3
2276 3
211 3
2017 3
4701 3
1231 3
4128 3
1854 4
2447 3
3639 4
4214 3
4417 4
1372 3
3255 4
2103 3
4787 4
1924 4
1623 3
779 4
3844 4
4062 4
4469 4
4228 3
2191 3
1062 4
38 3
2898 3
979 4
950 4
3336 4
2512 3
3095 4
604 4
2747 4
3873 3
2628 4
22 4
1738 4
3521 3
666 4
563 4
962 4
802 3
4200 3
410 3
3219 3
3409 3
1286 4
23 3
4701 3
3155 4
1928 4
3351 4
3241 4
2551 3
2313 4
1470 4
723 4
4187 3
3758 4
174 3
4469 3
4083 4
4795 3
4730 3
520 3
3964 4
709 3
1403 4
4775 4
3102 4
3942 4
3243 4
4487 3
2622 4
4293 4
1170 4
819 3
782 4
1625 3
1282 4
3280 4
2662 3
109 3
1377 4
3730 3
4433 3
4549 4
3450 4
2092 4
3068 3
4142 4
4041 3
3188 3
325 4
3430 3
1366 4
3124 3
401 3
422 3
2728 4
2140 4
1839 4
3850 4
1959 3
3381 4
647 4
3608 3
1891 4
3230 3
396 4
4220 4
749 3
2381 3
1276 3
4224 4
3668 3
1668 3
465 4
1644 3
1950 3
1521 4
634 4
864 4
4982 3
1789 3
2672 4
4474 4
1078 4
646 3
1466 3
1333 3
4344 4
1667 3
4060 3
4086 3
4043 4
257 3
3366 3
213 4
2111 4
2943 4
609 3
601 4
4311 3
3406 3
3995 3
3451 3
2474 3
923 4
350 4
669 3
4516 4
4953 4
4138 3
621 3
473 3
1397 3
4179 3
2752 4
4579 4
215 4
4986 4
4221 3
4507 4
3396 3
3257 3
3169 4
144 4
4 3
1380 3
811 3
2546 3
1888 3
4173 3
1533 4
4894 3
2015 3
1802 3
4163 3
3869 3
4095 3
433 4
3009 3
3047 3
1824 3
3350 4
1350 4
2544 3
3023 3
2329 4
4296 4
4989 4
1374 3
1572 4
3982 4
873 4
2335 4
217 3
513 4
3044 3
2440 3
1271 3
992 3
1542 3
2574 4
1022 4
2017 4
1421 3
642 4
864 4
1842 4
3400 3
4822 3
1959 3
2066 3
1654 4
4850 4
3856 3
1327 3
1700 3
751 3
1377 3
270 3
4212 3
1654 4
4233 3
1385 3
3465 3
4155 4
1241 3
3298 4
2925 3
1984 3
2425 3
853 4
1418 4
573 4
4017 3
655 4
966 3
419 4
4538 4
3285 3
3725 4
874 3
1305 4
2278 3
3799 4
196 4
227 3
3547 3
831 4
2882 4
179 3
3109 4
2768 3
4115 4
1072 4
1755 3
4595 4
3861 3
4832 3
4907 3
1162 4
1366 4
2955 4
3221 4
4427 4
2358 3
902 3
3318 4
1773 4
3366 3
4330 4
1398 4
4077 3
2853 4
1282 4
3481 4
2525 4
4120 3
1896 3
213 4
472 3
1210 3
1003 4
1343 3
3696 3
3894 3
475 3
1059 4
2279 3
4833 4
4550 4
1172 3
3937 4
2187 3
2983 4
209 4
341 4
2339 3
398 4
935 3
541 4
1065 3
3114 4
3130 4
583 4
4594 4
4107 3
3335 4
1307 3
1056 3
805 3
2035 4
375 4
3732 4
2252 4
2624 3
2812 4
2237 4
1493 3
186 4
2515 4
4338 4
309 4
2606 4
2968 4
2487 3
1066 4
2898 4
3220 3
387 4
159 3
1862 3
4662 3
3014 4
4394 3
4142 4
3654 4
2823 3
4590 3
104 3
4635 4
2516 4
250 4
2819 4
1200 4
4196 3
1126 3
1542 4
3248 4
2661 3
1126 3
4826 3
4067 3
1292 3
739 4
2205 4
444 4
3454 4
4741 3
1526 3
1765 3
600 4
3277 3
4242 4
3386 4
3640 4
2605 3
3240 3
4746 3
3929 3
411 3
2171 3
1659 4
1069 3
2631 3
284 3
2699 4
1004 4
4836 4
4645 3
3906 3
4023 3
811 3
4610 3
3921 3
4505 4
1474 4
259 4
884 4
4457 3
1155 3
2704 4
368 3
2077 3
3592 4
4631 3
3454 4
33 3
3526 4
4009 4
287 4
4665 4
3269 3
414 4
2842 3
4421 4
4393 3
1683 3
192 4
42 4
2932 3
1003 4
487 3
4440 3
3001 3
1215 4
1843 4
1603 4
2100 4
3221 3
2329 4
1771 4
3536 3
4654 4
2382 3
4983 3
4785 4
4911 3
1189 4
453 4
952 3
4566 4
2697 4
2486 3
663 4
2027 3
1942 4
3851 3
1110 3
1595 3
2959 4
2255 4
3387 4
3472 3
838 3
374 4
4873 4
898 3
2643 4
652 4
842 3
1925 4
1615 3
3102 3
2429 3
259 4
4457 4
2914 3
262 3
207 3
4167 3
4057 3
2991 4
85 4
2395 4
4026 4
3720 4
3222 4
1551 3
1223 4
3470 4
2672 4
1317 3
2501 4
1385 4
998 3
4707 3
1309 4
1185 3
2784 3
4561 3
232 3
1381 3
3618 3
4493 4
3642 3
2873 3
339 4
3531 4
3499 3
2001 3
309 3
1422 3
3545 3
1192 4
1023 3
199 4
2617 3
1280 4
1596 4
4798 4
4614 3
4992 4
4300 3
3438 3
4989 3
1522 4
4247 3
3433 4
1327 4
766 4
199 4
213 3
175 4
86 3
36 4
3681 4
676 3
4442 3
1234 4
922 4
4905 3
3149 3
4059 3
262 4
199 3
3480 4
315 3
2981 3
2171 3
2395 4
2355 3
3196 3
1063 3
3310 4
1225 3
4963 3
4111 4
1204 3
1989 4
1097 3
2817 3
4397 4
4157 4
3595 4
278 4
1399 3
2293 4
201 4
2725 4
1553 3
111 3
180 3
450 4
1802 4
1690 3
2911 3
2152 3
4133 3
86 4
1895 3
4392 3
1852 4
3909 4
3299 4
2938 3
1198 3
4088 3
3928 3
3826 4
2994 3
3560 4
845 3
2894 3
2263 4
3075 3
4730 3
2457 3
1125 3
698 4
3045 3
268 3
3833 4
2276 3
1382 4
943 3
4819 4
2455 3
2728 4
4843 4
4092 3
549 3
1342 3
3049 3
2529 3
3891 3
3825 3
4956 3
13 4
1562 3
3347 4
1433 3
353 4
1248 3
516 3
1580 3
1458 3
3056 3
1594 3
3742 3
630 4
3731 3
1576 3
3961 4
1718 4
3258 4
4558 4
1960 4
2448 3
1287 3
2345 4
782 4
2321 4
1925 3
2757 3
474 3
6 4
2076 4
4232 4
4019 3
2450 3
2794 3
3990 3
1652 4
4059 3
1945 3
758 4
4875 4
309 3
3317 4
3410 4
1150 4
900 3
3320 4
570 3
515 4
4563 3
4445 4
1111 4
3315 4
2445 3
3166 4
4045 3
3537 4
1193 4
4959 4
2078 3
4259 3
4991 3
1846 4
1365 3
460 3
4973 4
3742 3
944 3
1367 3
1067 3
3 4
2316 3
1444 3
2427 3
4852 3
4205 4
479 4
1966 3
342 3
3852 3
4956 3
2814 4
536 4
2008 3
4481 4
3856 3
1272 3
4886 3
2618 3
1245 4
2200 3
2295 3
4098 3
4678 3
2189 4
3409 3
3668 4
1455 4
2649 3
289 4
136 4
1516 3
2105 3
3166 3
3108 3
1897 4
1679 4
3871 4
4736 4
2727 3
942 4
2583 4
463 4
4744 3
1195 3
2421 3
4546 3
2380 4
3860 3
2998 3
3510 3
3940 4
880 4
3026 3
1753 4
1753 3
1202 4
3975 4
937 4
1959 3
1052 3
2126 3
15 4
2559 3
3101 4
3556 4
1916 3
4298 4
1523 4
4234 3
3033 4
4552 3
1608 3
2298 4
2329 4
4618 4
4334 3
4424 4
153 3
126 3
453 3
233 4
4957 3
3219 4
2994 4
4871 4
3681 3
453 4
2013 4
855 4
2529 3
3921 4
771 3
87 3
4139 3
2241 3
746 4
800 4
3912 4
4611 4
2037 3
2612 3
1262 4
1006 3
4757 4
3120 3
3209 4
3791 3
4141 4
3837 3
1102 4
1222 3
2029 3
2910 3
269 4
3064 3
804 3
3108 4
4984 3
356 3
2932 3
2942 3
3388 3
2304 3
3702 3
2809 3
1264 4
88 3
4675 3
3318 3
3930 4
3498 3
388 4
2218 3
3612 3
898 3
2994 3
22 3
2244 3
3638 3
4925 4
2494 4
2377 4
3459 4
3244 4
4700 3
341 4
4494 3
3629 4
4033 4
4443 4
4148 4
3195 3
236 4
1302 4
2855 4
3032 4
1134 3
228 3
43 4
3395 4
4160 3
655 3
2243 3
4372 4
3489 3
4356 4
4816 4
2008 3
3811 4
2048 4
4032 4
5000 4
1374 3
2786 4
4520 3
2667 3
230 3
3837 3
168 4
3627 4
3252 3
378 4
3644 4
4100 4
881 4
3511 4
1399 4
894 3
2103 4
1548 4
913 4
3748 4
1842 4
4238 3
2006 4
3350 4
1980 3
2703 4
4793 4
3412 4
3659 3
3962 3
1124 4
75 3
4509 3
592 4
1646 4
1170 4
1311 3
2453 4
775 4
3733 4
2839 4
4910 3
4377 3
1846 3
3667 4
3006 4
551 3
163 3
4227 4
4383 4
122 4
1008 4
3499 4
2877 3
1193 4
844 3
2646 4
3812 4
1377 3
4732 4
2784 3
2948 4
4717 4
2352 4
3064 4
3586 3
872 4
4181 3
3191 4
4440 4
2998 4
4468 4
919 4
4961 4
174 3
3664 4
1644 4
4575 3
4307 4
3508 3
4488 4
2234 4
2 3
3872 3
2904 3
1112 4
51 4
3091 3
1643 4
3696 4
3090 3
1451 4
3999 3
4843 4
1816 4
609 4
1594 3
4619 3
569 3
947 3
246 3
1442 4
115 4
2319 4
762 4
4472 4
4372 4
3646 3
4637 4
1259 3
1599 3
1253 3
241 3
1265 3
2579 4
2368 3
2188 3
1667 3
3186 4
2810 3
1178 4
4996 4
721 4
1721 3
4218 4
3845 3
628 4
103 3
573 3
4463 4
1697 3
2154 3
1211 4
4262 3
1565 4
2017 3
611 4
2545 3
3376 3
4257 3
1931 4
4938 4
3622 3
477 4
1950 4
4173 4
3775 4
4570 4
41 3
1248 4
4281 3
4669 3
1332 4
2195 4
4153 3
4009 4
4655 4
2170 3
3213 3
4558 3
2226 3
180 3
4586 4
2755 3
177 4
3055 4
3554 3
4106 4
679 3
513 4
3550 3
4999 3
3418 3
4337 3
2900 3
364 4
140 3
2974 4
4585 4
3556 3
3001 3
3601 4
616 3
3875 3
4370 3
4464 3
395 3
392 3
2308 4
3636 3
4455 4
280 4
185 4
2938 4
2214 4
3084 4
3181 4
3276 4
4395 3
4498 4
3501 4
2746 3
705 4
1947 4
2795 3
3325 4
2321 3
4836 3
109 3
83 4
3757 3
1633 3
2755 4
801 3
4025 4
841 4
822 3
4334 4
736 4
367 4
3357 4
1740 4
2107 3
2853 3
1535 4
4826 3
181 4
3768 4
45 3
1142 4
1599 3
1600 3
3034 4
2408 3
731 4
1455 3
1949 3
4849 4
4139 3
2280 4
2107 4
2411 4
4854 4
3394 3
1450 4
275 3
3249 3
165 4
3387 3
3060 3
423 4
4929 4
2672 4
3190 4
3631 4
2548 3
142 3
427 4
4311 4
880 3
118 3
4010 4
3285 4
3823 3
592 4
3607 3
1738 4
2141 4
3343 4
470 4
847 3
1311 3
1597 4
2866 4
4192 3
53 3
4738 3
4859 3
464 4
4758 3
3354 4
4509 4
4857 3
1935 3
4249 3
954 4
2974 4
3867 4
34 3
1548 4
2493 4
448 3
4997 4
3940 3
1869 3
2708 4
1510 3
2902 4
98 3
594 3
4136 3
1057 3
1547 3
2011 4
3941 4
4590 4
3015 3
396 3
3798 4
4689 3
4145 3
2050 3
2026 3
911 3
3538 3
2914 4
805 3
1123 3
4785 4
422 3
460 3
2700 3
404 4
2520 3
3677 4
1865 3
2018 4
4064 4
385 3
956 3
4189 3
744 3
4470 4
3819 3
1477 3
231 4
1068 3
2207 3
3953 3
4851 3
2522 4
1832 4
1978 3
700 3
203 3
608 3
246 4
4860 3
2193 3
226 3
4030 3
4940 4
1940 3
3622 4
716 4
4007 4
2191 3
2871 4
1805 4
3126 4
1216 4
3419 4
1917 3
1960 4
4018 4
2523 3
441 3
3461 4
3180 3
2581 4
105 3
4279 4
4357 4
4890 3
4860 4
2537 3
4417 3
1943 4
1593 4
3990 3
951 4
93 3
4823 4
1261 3
1742 4
4821 3
377 4
450 3
1490 3
1395 3
1085 3
5 4
2271 3
1911 3
1119 3
1980 3
2534 4
3588 3
3753 4
2997 4
4710 4
958 3
4037 4
3396 3
1182 3
2582 3
2090 4
260 4
3096 4
904 4
3201 3
179 3
4899 3
2005 4
3156 4
102 3
3279 4
3803 4
833 3
451 4
255 4
4174 4
60 3
3557 4
3044 3
1715 3
2960 4
2105 4
4398 3
692 4
632 3
4314 3
4187 3
916 3
3304 4
1036 3
3972 3
1311 4
3891 3
4923 3
2007 4
2480 3
3820 3
812 4
4588 4
4858 4
636 4
2006 3
3738 3
2522 4
367 4
609 4
730 4
3450 3
4074 4
768 3
3020 3
1957 4
2827 3
1356 3
2306 3
824 4
2987 4
3468 3
4366 3
3700 3
2035 3
2241 4
148 3
3349 3
736 3
752 3
425 3
4609 4
682 3
4082 3
1186 4
2277 3
1330 3
3037 3
1269 4
4450 3
1136 4
3190 3
368 4
2452 3
3335 3
3073 4
4815 4
3707 4
4708 4
1213 4
1716 3
3606 3
350 3
619 3
2288 3
3901 3
2740 4
1187 3
3151 3
4772 3
4405 4
4478 3
1824 3
1331 4
88 3
2746 3
4075 3
1298 3
1303 4
4844 4
4467 4
3426 4
1605 4
4370 3
4706 4
2447 3
3117 4
2231 3
2368 4
340 3
1224 3
3483 4
192 3
1630 4
3965 3
2141 4
2014 3
2541 4
3548 3
948 3
2262 4
3538 4
221 4
1703 4
3295 4
3907 3
3293 3
3031 4
2205 3
3195 4
913 4
4671 3
553 3
4905 3
4687 4
2038 4
3134 4
956 4
3967 4
2353 4
3378 4
2731 3
2349 3
1799 3
1025 4
3328 3
4186 4
2418 4
90 4
4143 3
4479 4
809 4
311 4
2022 3
339 4
254 3
2578 3
3036 4
2791 3
643 3
4877 4
1242 3
2116 3
3880 4
4438 4
1062 4
354 3
2870 4
3699 3
541 4
2849 4
1082 4
210 3
1149 3
847 4
1184 4
2949 4
4452 4
1502 4
2698 3
2022 4
4785 3
4446 4
2635 4
1260 4
3097 4
796 3
1093 3
3611 3
3219 4
2577 3
2954 3
2949 3
1958 4
3182 3
2683 4
2347 3
844 3
3546 4
980 3
3728 4
3020 3
3270 3
4890 4
4921 4
71 4
1849 3
552 4
3166 3
226 3
3220 4
1045 4
2054 3
485 4
1236 4
1065 3
2509 4
4410 4
2528 3
4254 4
200 3
4103 4
1756 3
1155 3
3149 3
3346 4
4838 4
2626 3
3856 4
4327 4
4230 3
2079 3
3873 4
1408 4
2925 3
3587 3
1237 3
3866 3
2657 3
720 3
528 4
4336 4
1984 4
1285 3
4836 4
1268 4
2930 3
3463 3
1659 4
1599 3
4377 4
2847 3
2539 4
2245 3
2423 3
1008 4
1770 4
2109 4
97 3
3687 3
2351 3
246 4
954 3
3398 3
779 3
1977 3
974 3
3193 3
1971 3
450 3
3162 4
4077 3
309 3
4810 4
3459 4
1867 3
4168 4
4006 4
3265 4
1113 4
171 4
701 4
3394 4
131 3
4511 3
4772 3
3157 4
2279 3
3325 3
2426 4
2435 3
2849 3
147 4
1620 3
4006 4
2636 4
3210 4
1134 3
4722 4
426 3
801 4
3508 4
954 4
1067 4
709 4
3316 4
4541 4
4144 4
2105 4
1970 3
1781 4
1148 3
776 3
473 3
2863 4
4695 4
2860 4
4086 3
3792 4
2662 3
90 4
322 4
2891 4
1913 3
3206 3
4449 3
943 4
4855 4
3528 3
1520 4
3255 4
2009 3
3427 4
4955 4
3116 4
2176 3
2655 3
2423 4
1658 4
4358 4
3652 4
462 4
2381 4
459 3
3897 4
3275 4
1921 3
3653 4
564 4
433 3
1107 3
548 4
4569 3
4915 3
2333 3
2099 3
497 3
3663 4
1679 4
278 4
2687 4
2216 3
3453 4
3562 4
1860 3
1868 3
2442 3
3379 4
4299 4
997 3
1144 3
1078 3
2039 4
3695 3
892 3
1483 3
2763 3
4312 3
3811 4
3615 4
4450 3
4782 3
4259 3
4619 4
3867 4
774 3
4500 4
3020 4
3582 3
4808 4
4662 3
3434 4
2776 3
3863 4
2425 3
4964 3
734 4
3485 3
2913 4
4979 3
2781 3
1362 4
4489 4
2215 3
714 3
131 3
1284 4
2704 3
207 4
4573 3
2555 4
602 4
1212 4
1755 4
3973 4
638 4
61 3
909 4
1382 3
1896 4
2643 4
4086 4
1461 3
4481 4
3700 4
2896 4
4248 4
404 4
4149 3
268 4
1829 3
1957 4
1146 4
1507 4
628 3
961 4
1106 3
1366 4
3019 3
715 3
3004 4
1039 3
2654 4
4865 3
1401 4
425 3
4848 3
3479 4
1788 4
631 3
2530 3
4017 4
3828 4
3637 4
34 4
1984 4
2611 4
970 3
922 3
3350 3
3373 3
1013 3
4493 4
2678 3
2847 4
2307 3
4095 4
4015 4
4441 3
2865 3
1780 4
4278 4
4319 3
3805 4
2809 3
4744 4
2212 4
2444 4
3160 3
2810 4
4418 3
343 3
3678 3
4661 3
4931 3
3 4
3710 4
1814 3
162 3
2173 3
580 4
298 3
3250 3
1356 4
4413 3
2908 4
2772 4
1515 4
3536 4
3704 3
211 4
1543 4
4471 3
3136 4
820 4
1245 4
715 3
823 3
2184 3
4835 4
566 4
1207 3
1102 4
240 4
3181 4
130 3
4871 3
1189 4
409 4
2390 4
1572 4
3149 3
2610 4
1445 3
939 4
4511 3
3310 3
1320 4
4496 3
711 4
367 4
1554 4
3524 3
1115 3
2775 3
1832 4
2581 3
4606 3
3616 3
2963 3
3647 3
1766 4
1787 3
3958 3
4736 4
4424 3
105 4
626 3
2563 4
32 4
54 4
729 3
1771 3
3414 4
759 4
3745 3
3302 3
1523 3
4298 3
2099 4
305 4
1158 3
3361 3
3817 4
4794 3
1670 3
3123 3
3927 4
60 4
207 3
63 4
4793 4
4947 4
2939 4
1693 3
1781 3
1748 4
2887 4
987 4
2908 4
3654 3
2094 3
1683 3
3027 3
4733 4
2370 4
640 4
2105 3
4710 4
3846 4
2211 4
2847 4
752 4
2516 3
1824 3
2204 3
1365 4
1975 3
535 4
28 4
4218 4
2068 3
3313 4
1852 3
4059 3
1416 3
1921 3
2805 3
3437 3
2413 4
2825 4
3918 4
1636 4
4374 4
3759 3
1224 3
3890 3
3509 3
3295 4
4710 3
3439 4
2351 4
1135 3
2703 3
224 3
3205 4
283 3
815 3
215 3
395 3
1120 4
3624 4
3264 3
1116 3
2747 4
4817 4
2110 4
1258 3
921 4
4976 3
4788 4
4817 3
3721 3
1396 4
978 3
3903 4
3158 3
3898 4
1146 4
1635 4
3214 4
2635 3
56 4
3296 4
1174 3
1538 3
989 4
933 4
4113 4
2115 3
1262 3
788 3
250 3
2012 4
134 4
2168 4
3381 4
4232 4
1573 4
4932 3
856 3
1810 3
1452 3
3496 4
3604 3
999 3
2490 4
1464 4
3832 3
1300 4
3177 3
2874 4
800 3
930 3
4754 3
1507 4
4880 4
2031 4
2425 3
663 4
3945 3
4696 3
1100 3
3011 3
2883 4
4219 3
2976 3
1209 3
2520 3
2201 4
1519 3
4925 4
988 3
2040 4
1119 4
1007 4
2384 3
2647 3
3276 4
605 3
3285 3
2088 4
1093 4
4654 4
308 3
2379 3
1769 4
1385 3
2176 3
3519 3
3307 3
547 4
1711 3
2149 3
4982 3
3946 3
21 3
202 4
172 3
2083 3
3488 4
2867 3
4348 4
4208 3
3777 4
1134 3
1781 4
4647 4
1153 3
2531 3
4258 4
418 3
1968 3
2040 4
3398 3
1979 3
1014 3
4479 4
4025 3
3348 4
466 3
4151 3
2314 4
4851 3
155 4
4280 3
4601 4
1754 4
4373 3
3771 4
1307 4
3008 4
4105 4
2883 4
2179 4
3891 3
4793 4
1715 4
3648 3
3741 4
742 4
1206 4
4719 4
123 4
1080 4
56 3
1329 3
4529 3
3256 3
4332 3
146 4
4259 4
2424 3
4177 4
4034 4
4114 4
2408 3
4215 3
4606 3
819 4
1573 3
1675 3
4978 4
3637 3
2970 3
2219 4
3573 3
2899 4
203 3
2268 4
1366 3
1492 3
2256 3
2380 3
1272 4
954 4
4755 4
2044 3
2009 4
128 3
1265 3
340 3
33 4
4203 4
303 3
2729 4
2197 3
3416 3
1829 4
2525 3
1514 3
4898 4
3747 4
1946 3
205 4
3998 3
1204 4
1034 4
3109 4
4758 4
349 4
3606 3
4987 3
253 3
3526 3
644 3
1829 4
1007 3
4188 4
2916 3
4696 4
36 4
3360 4
3925 3
2606 4
1623 4
2145 3
4831 3
3085 3
3464 3
3266 3
4758 4
2142 4
2883 3
4022 3
3880 3
421 3
2532 4
328 3
16 3
4763 4
760 4
4255 4
2296 4
974 4
3848 4
2448 3
1908 3
2450 3
2353 3
1049 4
3199 4
3997 3
547 3
17 3
4594 3
4296 4
912 3
4989 4
3253 3
424 4
3871 4
1385 4
2135 4
969 4
616 3
599 4
1605 3
874 4
4765 4
1916 3
51 4
3500 4
1566 4
3751 3
4912 4
1865 4
3291 4
71 4
3266 4
2393 3
4328 4
4230 3
3723 3
2780 4
922 4
1428 4
2250 3
4007 4
2030 4
4331 4
2665 3
1131 4
2625 3
4523 3
2923 4
1570 3
4995 4
1147 4
4434 4
3034 3
4308 4
711 3
2413 3
3320 4
4149 3
1387 4
1086 3
3408 3
459 4
965 4
4994 3
3068 3
2043 4
3117 3
1833 4
3791 4
2201 4
2352 3
2398 4
3253 3
881 4
3441 3
3236 3
3641 3
16 4
1934 4
3851 4
3637 3
3961 3
96 3
761 4
4695 4
3393 3
3738 3
1743 4
3308 3
854 4
304 4
4768 4
82 4
3805 4
2923 4
2677 3
473 3
832 3
1954 3
271 4
299 3
3880 3
1054 4
3872 4
4001 3
3677 3
4063 3
826 4
4541 3
2498 4
3194 3
4365 3
2084 3
4541 4
3084 4
12 4
4485 3
2452 3
4508 4
938 3
606 3
3328 4
295 3
1487 4
588 4
2269 4
1305 3
4815 4
2739 3
1390 3
2194 3
733 3
698 4
1095 3
4259 3
3551 4
1088 3
4392 4
2105 4
2391 4
3245 3
2678 4
2715 4
3751 4
3648 3
1307 4
4843 4
1384 4
4285 3
2080 3
18 4
4646 3
4074 3
1859 4
1972 3
2623 4
745 3
1271 3
2059 3
2352 3
4757 4
2145 3
2162 3
3537 3
2107 3
641 3
1722 3
4209 4
4496 4
1907 3
1927 3
1018 4
2982 3
2143 4
4720 3
4138 3
790 3
609 3
320 3
2464 4
938 3
3655 4
2478 4
4467 4
910 4
1640 4
1210 4
4680 4
2150 3
3938 3
28 4
1996 4
4978 3
4373 3
1282 4
1823 3
2062 3
4051 3
2855 4
2290 3
2525 3
4905 4
1682 4
4717 4
719 3
1721 3
2750 4
57 3
1260 3
4852 3
3774 3
1742 4
1726 4
668 4
483 4
1176 4
1361 4
791 3
242 4
1280 4
3646 3
3665 3
2823 4
2647 3
346 4
2505 3
4075 4
3405 4
4761 3
2008 4
3210 4
3883 3
4013 4
456 4
2193 4
4209 3
2568 4
2357 4
1320 3
3973 3
2516 3
3298 3
4542 3
1974 3
2781 4
4136 3
585 4
4636 3
3113 4
4539 3
4594 4
1345 3
2197 4
1032 4
3120 3
3750 4
268 3
901 4
3576 4
831 3
21 4
3706 4
4786 4
4595 4
456 3
1827 4
1697 4
1730 3
2492 3
64 4
1185 3
4277 4
1978 4
4546 4
245 4
1526 3
1620 4
2256 3
4678 3
3590 4
2998 3
3686 3
4676 3
1328 3
3207 4
212 4
4250 3
1575 4
3565 4
340 3
3592 4
4447 3
2476 3
787 4
2003 3
1340 4
1501 3
1079 3
4633 3
2135 3
1493 3
2900 3
352 4
4228 4
2540 4
2874 4
490 4
2110 4
2428 3
923 3
3684 4
366 3
905 3
1390 4
3807 4
1724 4
137 4
1854 3
4007 3
4357 4
815 3
3788 3
1837 3
2908 3
2602 4
4207 3
1892 4
3796 4
3116 4
3089 4
350 4
119 4
1257 3
2445 3
940 3
2477 3
2578 4
1309 3
130 3
1671 4
218 4
4811 3
3544 3
485 4
910 3
2057 4
3069 4
4007 4
3988 3
3291 4
3811 4
220 3
4808 3
3401 3
2207 3
2938 3
533 3
970 4
2593 4
4178 3
581 3
4366 4
2472 4
1301 4
1081 4
1390 4
3404 3
3025 3
4407 4
3382 4
3526 4
297 4
3290 3
3804 3
3267 3
2838 3
1229 3
921 3
920 3
4317 4
1976 3
2826 3
1120 3
3777 3
954 4
4471 3
1587 3
2347 3
2292 4
2966 3
571 4
2841 3
3449 4
4747 4
2781 3
3228 3
3826 4
1290 3
3917 4
1196 3
2692 3
1543 3
2017 3
3013 3
2790 4
4798 4
1573 3
3654 4
2974 4
3989 3
4439 4
4417 4
2816 4
4829 4
2811 3
2279 3
3620 4
4774 3
2011 4
3457 3
1476 4
2689 3
4613 4
2946 3
880 4
1067 3
4928 4
2879 4
3795 4
2156 4
1741 4
464 4
1103 3
2538 3
1808 4
1839 3
4720 4
2621 4
1992 3
4520 3
3582 3
577 3
2351 4
3524 4
653 3
930 4
1154 3
1499 3
2914 3
3961 3
3877 3
2649 3
2046 4
3105 3
4465 3
305 3
745 3
3767 3
1019 4
1014 3
1418 3
4144 4
93 4
442 3
3949 4
2231 4
548 3
1821 3
654 3
2293 3
432 4
1148 4
4668 4
4993 3
2381 4
726 3
1926 3
642 3
1385 4
1203 4
4559 4
2380 4
1579 4
1768 4
1437 4
1083 4
2422 4
4391 4
4759 4
1420 3
253 4
4377 3
276 3
368 3
2690 4
1672 3
3855 4
4952 3
4005 3
2589 3
1326 4
2062 4
3432 3
1845 4
492 3
3374 3
180 3
458 4
966 4
3625 3
3278 3
4452 4
4178 3
935 3
2121 4
1993 4
2544 4
2129 4
2190 4
4196 3
4493 3
3785 4
4164 3
2374 4
2300 4
4289 4
2378 4
1820 3
2407 4
3482 4
2224 4
1945 4
498 3
1746 4
969 3
247 4
4734 4
1835 3
4431 4
308 4
1420 4
1755 3
3790 4
1411 4
3417 4
1799 3
1783 3
2003 4
4361 4
2709 4
2014 3
4136 4
262 3
1108 3
1890 3
2343 3
2025 3
2374 4
3719 3
3262 4
1421 4
1995 4
3693 4
1103 3
1690 3
2546 4
967 3
4424 4
95 3
376 4
2260 4
3206 4
96 3
4374 4
235 4
495 3
455 4
1904 3
2452 4
4305 3
4032 4
3212 3
430 3
1981 3
1162 4
1415 3
28 4
634 4
1541 4
4988 3
3078 4
1779 3
1981 3
4340 4
849 4
2683 3
4612 4
3839 3
2060 4
4607 3
2930 3
1516 4
3736 3
931 3
1840 3
4400 3
780 4
469 4
3465 4
3814 4
3962 4
4003 3
4964 4
551 4
3348 3
1717 3
3483 3
1927 4
4105 3
4283 4
3833 4
4545 3
833 3
1497 4
214 4
4788 4
3909 3
4989 3
293 3
4513 3
2553 4
814 4
2758 4
4620 4
772 3
2311 3
1892 3
720 3
1369 3
1275 3
437 3
1427 4
393 3
4293 3
3821 4
2316 4
3967 3
1671 4
363 3
4611 3
1935 4
4262 4
3654 4
2746 3
2027 4
4673 3
3256 3
1611 3
2997 3
2130 4
3858 4
1177 3
119 4
97 3
3986 4
2293 4
1664 4
950 3
1593 3
2821 4
1776 4
3428 3
572 3
3200 3
3791 3
1510 3
847 3
4059 3
4405 4
4610 3
4093 3
3742 4
3010 3
4308 4
4082 3
4971 3
2771 3
3203 4
3703 4
2986 3
3789 4
4766 3
3546 3
2914 3
517 4
3921 3
4257 4
4349 3
2585 3
30 3
4031 4
2144 3
255 4
3398 4
1212 4
4041 4
2861 4
2993 4
3343 4
882 4
1903 3
2993 4
979 3
2003 3
4175 4
736 3
321 3
4186 4
4221 3
4221 3
1613 4
937 3
4658 4
3347 3
1126 3
1176 3
2483 4
2124 4
4583 4
4809 3
2461 4
4339 4
2491 4
4283 4
651 4
3184 3
2232 3
150 4
4458 4
3353 3
1750 4
4029 4
1024 4
4831 3
1510 3
813 3
4112 4
3352 3
4495 3
4196 3
800 3
861 4
4186 4
2625 4
4240 3
1161 4
3140 4
2857 3
3069 4
4421 3
3009 3
4395 4
4847 3
4993 3
3818 4
1872 4
250 3
2295 4
598 3
3354 3
1978 4
432 3
3748 3
1941 3
4648 4
4897 3
4962 4
2949 4
2509 3
2264 4
4876 4
2386 3
1399 3
3672 3
4440 4
1197 4
2863 3
2106 3
986 3
638 3
3851 4
1018 4
2270 3
4109 3
4076 4
1548 3
1542 3
4769 3
4966 3
3389 4
4275 4
424 3
390 3
1451 3
2460 3
2479 4
2099 4
4603 3
4896 4
1758 3
2330 4
4221 3
3150 4
3028 4
93 4
435 4
1933 3
904 4
864 4
96 3
226 4
871 3
1027 4
991 3
1334 4
3837 3
307 3
3752 4
3787 4
4723 4
2897 3
4842 3
2822 3
1662 4
213 3
3384 3
255 3
1413 3
1930 4
4843 4
3432 3
4650 3
192 4
656 4
879 4
1887 3
792 3
342 3
2909 3
509 4
3492 4
190 4
2549 3
4023 4
2646 3
4793 3
4174 3
104 3
1578 3
4689 3
1659 4
2018 3
3847 4
1922 4
4878 3
3830 4
1129 4
4899 4
1661 3
300 3
2556 4
3282 4
2792 4
4087 3
2564 3
2838 4
2818 3
2432 4
3887 4
786 4
4166 4
4944 4
4727 4
397 3
3450 3
916 4
1916 3
1226 3
1525 4
4700 4
2011 4
2898 4
823 4
1198 4
4212 3
3775 4
4205 3
4012 3
2258 4
4085 3
4246 3
3810 4
189 3
2145 4
291 3
4308 3
4076 3
1592 4
1443 3
1833 4
2922 3
4097 4
1851 3
1630 4
4100 4
3232 3
2633 4
1185 4
4384 4
2187 4
4266 3
2590 3
4917 4
4687 3
1674 3
3931 4
3932 4
4936 4
2565 3
1767 4
946 4
2087 4
3804 4
240 3
2402 4
1112 3
922 3
4029 4
3649 3
3676 4
4937 3
1459 4
2180 4
4877 3
436 3
4268 3
4021 3
3077 3
3741 4
2736 3
4268 3
1507 3
1370 3
210 4
1046 3
2027 3
2977 3
3157 4
4755 3
3840 4
6 4
3744 3
2190 4
1801 3
4153 3
3435 3
2699 4
1394 3
548 4
1238 4
4284 4
2001 3
4294 4
2374 3
3478 3
4563 4
2864 3
1341 3
376 3
744 3
874 3
3320 3
349 3
2624 4
2405 4
1555 4
2480 3
1501 4
2578 3
768 3
2769 4
4110 3
2156 3
353 4
942 3
4265 4
1535 4
1333 4
3723 4
483 3
1881 3
778 4
1037 3
876 3
2 3
4866 3
4698 4
4662 3
4807 4
952 3
2028 4
4998 3
4993 3
3822 4
4215 3
4373 4
1763 3
731 4
4087 4
2317 4
3322 3
1587 3
2775 4
3922 4
2832 4
589 4
4936 3
4956 4
2669 4
2688 3
841 3
2836 3
1285 4
959 3
2811 4
515 4
199 4
1221 4
3149 3
1210 4
3243 3
4530 3
125 3
4295 4
3934 3
1901 4
2378 4
98 3
2283 3
2673 4
2608 4
2304 3
2094 3
3978 3
4611 3
1732 4
3893 3
2517 3
4487 3
1511 3
1945 4
1548 4
3299 4
1523 4
2153 4
1470 4
2217 3
1738 4
1055 4
782 4
1955 3
762 4
1688 3
892 4
4093 3
1856 3
4979 3
3571 4
1347 4
4803 4
997 4
4839 3
414 3
104 3
393 4
4668 3
1809 3
1702 3
1823 4
2705 3
3493 3
2233 3
1681 4
3691 3
698 3
647 3
3462 4
612 3
3215 4
1153 4
102 3
289 3
462 4
2991 4
3620 4
478 3
2270 4
369 3
3628 3
2700 4
667 4
1088 3
2445 4
704 3
2932 4
8 3
3768 4
3694 4
3497 3
1219 4
543 4
2956 4
899 4
4706 4
1079 4
3575 3
2514 3
1189 4
2128 3
3552 4
545 3
2802 3
3364 3
2133 3
2141 4
3158 4
2690 3
2460 3
4643 3
886 4
4433 4
1417 3
2851 4
4988 4
3450 4
4577 4
1996 3
2174 3
4669 3
2136 4
2976 4
939 3
2671 4
4726 4
77 3
299 3
1458 4
1173 4
3532 4
1101 4
1897 3
75 3
4759 3
3280 3
345 4
3376 3
3905 4
2871 4
4409 3
3439 4
652 3
1130 3
184 4
4907 3
1367 4
3843 3
4659 4
2025 4
3940 3
853 3
4458 4
216 4
4617 3
2078 3
1493 3
3623 4
2425 4
4680 4
1921 3
3150 4
2554 3
951 3
3037 3
95 3
4903 3
2569 4
2494 3
3446 4
4571 3
1206 3
4507 3
1822 4
1194 3
3607 4
4308 4
1489 3
1403 3
1322 4
454 3
2062 3
1541 3
2627 3
3338 3
2511 3
1122 3
2978 4
3093 3
4785 4
541 3
4915 4
1462 3
1370 4
3672 4
2528 3
703 3
4802 3
546 4
25 3
4863 3
2296 3
2775 3
4239 3
517 4
4172 3
2999 3
1689 3
3807 4
1683 3
1833 3
3022 3
489 4
4353 3
688 4
1988 3
1751 3
445 3
4033 3
2602 4
51 3
1706 3
4183 3
2369 3
2811 3
2181 3
712 4
2313 3
2841 3
4291 4
2486 4
846 4
1524 3
113 3
1359 3
4858 4
1211 4
3215 3
4227 3
387 4
112 3
99 4
2809 4
2 3
161 4
2354 4
3528 4
3264 3
4359 4
3418 3
2812 3
1946 3
278 4
3384 4
2082 3
4035 4
1978 3
2465 3
188 3
2438 4
1041 3
2313 3
4493 4
3252 3
2900 3
3710 3
3032 3
4924 3
4638 4
23 3
3582 3
3139 3
219 4
4794 3
2943 3
2296 4
4327 4
3834 4
2127 4
2438 4
3859 3
3689 3
937 3
1171 3
3415 4
1287 3
4408 3
4863 3
4537 4
3414 3
801 4
3294 4
4326 3
1510 4
2933 3
1527 3
401 3
604 3
1143 4
4961 4
2626 3
2564 3
3560 3
4035 4
1279 3
2413 3
3725 3
3187 3
2398 3
3931 4
4787 3
2878 4
3567 3
4653 4
1324 3
1039 4
3758 4
4821 4
4237 3
4970 3
1174 4
4058 4
965 4
1470 4
56 3
3354 4
1334 3
4206 3
4104 4
3851 3
3773 3
2341 3
1877 4
2466 3
2777 4
818 3
3660 4
4514 4
3861 3
3919 4
3530 3
3854 4
22 4
4015 3
251 3
740 3
747 4
595 3
3540 4
155 3
716 4
811 4
3914 4
1851 4
3272 4
450 4
357 4
2190 3
3899 3
944 4
787 3
257 3
3152 3
2505 3
785 4
1043 4
4074 3
3588 4
2890 3
4915 3
1840 4
1291 4
4444 4
4816 4
2872 3
53 3
3621 4
3350 3
1901 3
4748 4
2173 3
1244 3
4189 3
778 3
1632 3
3723 4
798 4
2434 3
1411 3
2552 3
4448 3
3101 3
3697 4
3066 4
4856 3
3023 4
2173 4
2491 4
3130 3
744 4
478 4
4170 4
1284 3
3017 3
4702 4
3506 3
265 3
2044 3
4579 4
691 3
293 3
4753 3
3809 4
1021 4
153 3
209 4
285 3
223 3
2048 3
3371 3
2655 4
1732 3
3901 3
3335 4
2248 4
2735 3
704 4
1706 3
472 4
4327 4
1187 3
2590 3
2980 3
538 3
2043 4
4075 3
4421 3
1307 3
426 3
1737 3
1246 3
3743 3
4235 4
2441 3
1838 4
1968 3
2053 4
662 3
3695 3
1974 4
3746 4
3088 3
3002 3
2040 3
3127 3
4894 4
3816 3
4807 4
1561 4
2589 4
314 3
4892 3
4237 3
1714 3
1634 4
1916 4
1943 3
4334 4
1492 3
223 4
3536 3
3603 3
1626 3
2393 3
241 3
1135 3
4602 3
786 4
57 4
3329 4
4614 4
315 3
1325 4
2479 3
3391 3
4632 3
2095 4
4128 3
1030 3
935 4
2765 3
140 4
930 3
4081 4
4732 4
2729 4
1194 3
1552 4
512 4
800 4
1626 4
758 4
1093 4
2894 4
4033 3
1459 3
513 4
1673 4
1799 3
4113 4
1306 4
4522 4
2624 4
96 3
3200 3
4225 3
1817 3
1793 3
3427 3
917 4
638 3
2561 4
4909 4
3343 4
207 4
2057 4
2502 4
2274 4
1624 3
2661 4
1761 4
4592 4
364 4
4193 4
3426 4
4976 4
4818 3
35 4
3040 3
1693 4
1936 4
2389 4
4902 4
1590 3
393 4
3145 4
2023 3
2546 3
4626 4
4593 3
2144 3
4014 3
4737 4
4894 4
1326 4
4976 4
1722 3
3683 4
1547 4
3825 4
3065 4
1352 4
3675 3
4621 3
740 3
297 3
2975 4
4420 3
4117 4
4406 3
1700 4
2528 3
2796 3
3615 3
4820 3
1748 3
414 3
669 4
4113 3
3880 4
871 4
4623 3
515 4
3633 4
3233 4
3774 3
3581 4
2482 4
3564 3
1588 3
1907 4
701 4
4476 3
1659 4
224 4
4555 4
2707 3
3094 3
1528 3
2937 4
4491 4
4517 3
4557 3
15 4
907 4
3017 3
465 3
3753 4
2033 3
2202 4
460 4
4063 4
427 3
2224 4
530 4
802 4
2746 4
4555 4
4454 3
3466 4
4494 3
4266 4
873 4
1605 4
1751 4
102 4
1269 4
2744 3
1751 3
3697 4
4165 4
3254 3
1415 4
2693 4
1691 3
540 4
4002 4
4606 4
4915 3
1658 4
2689 4
3524 4
1808 4
1226 3
3596 3
796 4
2183 3
3958 3
2629 3
2643 4
22 4
4025 4
3393 4
4433 4
4113 4
4178 3
3185 3
1192 3
75 4
2813 4
4592 3
3367 3
1252 3
3558 4
2229 4
4586 3
3834 3
1624 4
4026 4
4313 3
2280 4
3727 3
21 3
3141 3
2233 3
2171 4
1086 4
1101 3
2237 4
1831 4
2780 4
2934 3
2828 4
3855 4
4998 3
866 4
416 4
4340 4
4188 3
765 4
1286 3
173 4
14 3
1473 3
2541 3
3128 4
604 3
2470 4
515 4
903 3
4431 4
526 3
2589 4
99 4
1869 4
3807 3
1857 3
231 4
4987 3
4306 3
676 4
3483 3
1727 3
3922 3
1907 3
1768 4
1510 4
4103 4
70 3
3895 4
1769 3
1503 4
2371 3
3066 3
906 3
760 3
389 3
4371 3
1103 4
3235 3
2455 4
4681 3
306 3
2666 4
1381 3
351 4
3608 4
4807 4
2397 4
1969 4
1194 3
4831 4
379 4
3151 3
1593 3
4075 4
1037 4
2993 3
180 4
2167 3
3504 4
2849 4
3645 4
1775 4
780 3
3364 4
4076 4
2790 4
4945 3
969 4
385 4
4011 4
2657 4
2537 3
4028 4
3924 4
4506 3
116 4
2287 4
4532 3
273 3
4875 4
1535 3
4607 4
4796 3
4513 4
4629 4
4707 3
4621 3
1042 4
436 4
1604 3
1664 3
3705 3
3857 4
4120 3
1021 4
4571 4
2854 4
3779 3
3281 4
4575 4
2967 4
3424 4
687 4
194 3
2908 3
3870 4
2278 3
1131 4
2066 4
2820 4
1500 4
4091 4
1635 3
2468 4
2895 4
1603 4
4521 3
8 4
2703 4
1753 4
351 4
407 4
1792 3
1315 3
3480 3
4324 4
4736 4
4954 3
2317 3
1792 4
787 3
1549 4
937 3
1155 4
1507 4
716 3
3867 3
399 3
4220 3
1451 3
3600 3
1740 4
2820 4
3932 3
3181 4
4061 4
2846 3
260 4
3101 4
145 4
3498 4
3423 4
2340 3
961 3
2382 4
1846 4
4217 4
1216 4
242 4
2433 4
325 3
3652 3
3405 3
1446 4
2361 4
2790 3
3590 4
4691 3
145 4
3410 4
2200 4
2229 4
2052 3
1293 4
4018 3
2106 3
2680 4
1227 4
1050 3
762 3
3213 3
4962 3
4431 3
1526 3
3303 3
1359 3
3493 4
514 3
521 3
4627 3
1032 4
2410 4
2728 3
1832 3
642 4
712 3
1328 3
591 3
2684 3
4905 3
3431 3
2179 3
485 4
948 3
1041 4
423 4
4029 4
3886 3
1252 4
1069 3
975 4
3826 3
868 3
3895 4
4790 4
3008 4
1411 4
171 3
747 3
4168 3
3608 3
3749 4
3409 3
4228 3
1153 3
2380 4
938 3
4692 4
938 4
4618 4
405 3
586 3
3264 3
763 3
4715 4
2877 3
995 4
3453 4
1995 4
4355 4
4390 3
866 4
4905 3
4357 3
2756 3
1645 3
1209 4
2397 4
4582 3
50 3
1874 4
4883 4
1870 3
3919 3
4761 3
2270 3
3074 4
1081 3
4773 4
1752 3
1409 3
1012 4
1577 4
2841 3
3866 3
3133 4
3876 4
739 3
1392 3
1300 4
4109 3
3402 3
65 3
4329 3
4697 4
4866 4
4298 3
145 4
1136 4
2831 4
1076 3
142 3
4065 4
3304 3
2286 4
420 3
1008 3
2425 3
2215 4
2990 3
1508 3
3619 4
2392 4
4787 4
4469 4
2007 3
1141 4
4149 4
1956 3
2089 3
3922 3
2837 4
397 4
1971 4
2959 3
383 3
3605 4
3990 4
935 4
3968 3
204 3
1803 3
4228 4
4692 3
1954 4
1447 3
876 4
758 4
3143 4
3648 3
1656 4
78 4
1238 4
2942 3
4263 4
596 3
688 4
1982 3
1088 3
2555 4
2519 3
1945 4
1390 4
142 3
4267 3
1203 4
2487 3
546 4
1666 4
2260 4
3168 4
138 3
3606 4
89 3
742 3
2849 4
1069 4
4297 3
1693 3
3308 3
3827 4
1182 4
511 3
2136 3
1075 3
1898 3
928 4
4581 3
1486 4
4535 3
4514 3
3565 4
4049 4
4707 4
3349 3
3142 4
4490 3
2489 4
1791 3
3990 4
720 4
3611 3
2013 4
1163 4
335 3
1279 4
3683 4
677 3
3277 3
3793 4
3259 4
503 3
1420 4
1699 3
281 3
1728 4
1381 4
1485 4
694 4
2020 4
3786 4
440 4
687 4
3667 3
205 3
3618 3
322 4
2400 4
4218 3
2005 3
3203 3
3076 3
3899 4
4998 4
830 4
587 3
1226 4
4845 4
3951 3
111 4
522 4
335 4
4922 4
1277 4
3084 4
1360 3
1708 4
2954 3
37 4
743 4
529 4
65 4
135 3
4934 3
4552 3
2559 4
464 3
3185 3
3708 3
2 4
2893 3
896 3
4192 3
3933 3
2146 4
4432 3
1411 4
360 3
1834 4
3692 4
599 4
884 4
4467 3
1483 4
2570 4
63 3
4785 3
1179 4
4277 3
3896 4
4247 4
642 4
2658 4
670 4
735 4
3953 3
3983 3
2841 3
909 4
1698 3
2642 4
1246 3
644 3
417 3
2299 3
2612 4
524 3
2555 3
685 4
2838 4
3934 3
1219 3
1036 3
1489 4
3949 3
4547 3
2960 4
1 4
4638 4
62 4
188 4
1083 3
3714 3
4350 3
3054 4
4607 4
1301 3
337 3
303 4
654 4
2339 4
3758 4
3389 4
2574 4
2481 4
3915 4
3825 4
3229 4
2997 4
2052 4
1333 3
4660 3
269 4
700 3
4669 4
3172 3
982 4
4617 4
1703 3
903 3
3125 3
863 4
1224 3
2333 4
2467 4
2529 3
802 4
2555 3
734 4
723 3
3892 4
4541 3
1902 4
143 3
121 4
4240 4
2979 3
1446 3
914 3
732 4
459 3
84 3
4871 4
3141 4
494 3
922 3
173 3
1815 4
3363 3
1985 4
745 3
880 4
1927 4
3033 4
3387 4
3508 3
1015 3
81 4
4160 4
3158 4
823 4
2338 4
2227 3
1640 3
1936 3
983 3
4755 3
4351 4
2143 4
325 3
3242 4
4711 4
4545 4
1963 3
738 3
2455 4
1385 3
691 4
2537 4
415 4
4049 3
4065 3
3125 3
4123 4
1121 4
1151 4
4477 4
1489 3
2894 4
618 3
1297 4
4918 4
465 4
381 4
1173 4
4157 4
2353 3
3500 4
2811 4
2372 3
1029 4
2807 4
3682 3
253 4
4840 3
782 4
1431 4
1836 4
4183 3
3632 3
1572 3
4968 3
4693 3
3851 3
4978 3
3505 4
1367 4
6 4
3689 4
417 4
4310 3
1630 3
979 3
4653 3
2756 4
1049 4
878 4
421 4
1447 3
2805 4
1108 4
1898 3
311 4
1548 4
2244 4
2736 3
2267 3
4416 3
3897 3
3813 4
2872 3
2680 3
718 4
363 3
4746 3
2697 3
4627 3
1031 3
1335 3
2451 3
265 4
1461 3
2370 4
1651 4
1341 4
220 4
4910 4
88 3
66 3
4771 3
3806 4
4930 3
906 3
4534 3
4307 4
3038 3
1699 4
4009 3
3791 4
1823 4
937 4
1468 3
1210 3
1592 3
2771 3
2615 4
2667 3
1080 4
1365 3
2076 4
4427 4
791 3
4846 4
2519 3
3567 4
1892 4
4183 4
577 4
4211 3
1642 3
3672 4
3380 3
2730 4
3802 4
2300 3
1060 4
796 3
2477 4
3064 3
1418 3
1786 3
2170 3
313 4
3317 3
15 3
3345 3
4833 4
1355 3
4479 3
2285 4
1928 3
4778 4
382 3
3590 4
4783 4
1139 3
2569 3
2916 3
27 4
1284 4
175 4
4314 3
1757 4
3643 4
2052 3
1390 4
3828 3
3012 3
4554 4
3702 4
2437 4
3729 4
1649 4
2672 4
3585 4
2278 3
542 4
2363 4
2192 3
1896 4
3924 3
2712 3
4026 3
4850 4
3109 4
197 3
2825 3
4694 4
2137 4
625 4
3669 3
2539 3
48 4
1253 4
174 4
2298 4
4278 4
2075 4
1064 4
62 4
4986 3
1218 3
4653 3
4855 4
3663 3
2131 4
3897 4
4137 4
2833 3
823 4
626 3
3085 4
118 3
3598 3
4186 4
746 3
4405 4
3228 3
2652 3
825 4
4098 4
3301 4
4228 3
2591 4
1453 4
2188 4
4141 4
4217 3
3935 3
2810 4
3022 3
869 4
2194 4
2445 3
3633 3
2528 4
1010 4
4691 3
1681 3
4837 4
1836 4
1575 3
3890 3
2072 3
1710 3
3871 4
1148 3
2425 4
4500 4
3498 3
1423 4
678 4
4280 3
1020 3
4759 3
2534 3
2430 3
1814 4
209 3
968 3
3950 4
2920 3
3229 4
3587 3
2645 3
2309 3
929 3
1230 4
3551 4
4990 4
4499 4
3869 4
619 4
1482 4
2143 3
1531 3
4108 3
3167 4
147 3
4970 4
572 3
3390 4
4155 4
3721 3
4306 3
4523 4
2958 4
1987 4
4703 4
2143 4
1713 3
4731 4
3952 4
2106 4
4772 3
961 3
3174 4
2268 4
1877 4
4477 3
398 3
1839 3
1580 4
2216 3
2417 3
1636 4
3482 3
4947 4
3528 3
4274 3
1503 3
1381 3
4511 4
1038 3
3218 4
1145 4
836 4
3699 4
1660 3
3587 4
2944 4
4597 3
109 4
542 3
645 4
3305 3
3297 3
4549 3
833 4
678 3
4808 3
1543 3
1938 3
4117 3
330 3
2220 3
1530 3
4549 4
4908 4
197 3
3446 4
2599 4
3490 3
4095 3
2746 3
944 3
2912 4
2649 3
3540 4
3688 3
2024 3
3439 4
F
R
C
A
F
Y
D
A
F
P
A
Q
F
I
S
B
Z
J
P
A
B
T
T
W
V
Z
X
N
I
G
O
J
J
Y
T
I
N
I
F
N
C
N
C
G
H
G
J
Y
I
O
C
F
W
W
R
H
A
S
R
N
O
R
N
R
K
G
W
D
F
L
E
J
B
E
V
X
A
B
U
O
E
G
K
U
B
M
T
G
K
Q
Q
A
U
O
W
C
K
W
E
Q
L
R
L
Q
I
Z
H
I
I
U
W
U
U
V
E
G
N
I
J
K
H
L
S
B
M
L
K
R
E
T
M
T
O
T
C
C
G
K
V
V
Y
M
N
R
V
W
V
W
Q
R
W
R
W
E
G
L
J
D
T
N
B
Q
C
Y
I
X
F
S
K
M
Z
D
J
N
L
E
L
R
J
T
X
D
T
S
S
T
W
I
N
Q
S
U
F
D
K
V
F
A
V
I
D
Y
Z
M
R
E
U
C
Q
K
Q
I
V
U
B
Y
A
Y
R
R
X
R
Q
B
X
D
C
B
F
X
E
D
G
M
T
A
R
A
T
O
X
V
H
M
X
M
I
I
I
M
M
R
A
F
N
W
M
P
P
L
A
G
F
W
C
Z
C
K
O
I
R
P
M
N
F
H
V
Y
J
Y
S
Q
S
K
P
X
B
L
P
Q
X
G
I
S
L
B
T
B
Z
R
I
N
A
E
K
W
K
E
Y
T
I
W
C
J
K
I
R
T
G
V
L
Q
S
Z
O
J
X
W
J
D
R
X
X
E
L
F
L
O
A
R
M
W
I
P
B
Y
C
D
P
T
S
G
A
X
E
M
W
M
L
T
J
U
R
D
Y
Z
E
I
R
G
H
M
C
R
S
R
G
F
H
M
C
R
S
D
V
R
M
B
I
M
E
M
V
K
H
N
I
C
L
J
Z
R
K
H
R
H
H
T
E
Y
C
M
I
I
B
S
X
O
P
S
Q
X
S
S
R
D
N
J
V
K
A
O
W
S
L
K
S
Q
E
A
A
S
T
F
S
R
A
D
P
T
J
F
M
Z
F
V
U
M
Z
A
Q
E
P
X
Q
F
M
N
S
F
N
J
W
K
C
W
Y
L
Z
F
W
B
O
C
O
L
H
K
Q
V
A
A
F
S
H
J
V
M
L
A
N
E
Q
T
A
K
O
C
W
D
N
O
T
I
H
K
D
Y
Q
R
D
Y
B
V
J
R
S
B
B
I
N
Y
Q
N
I
O
P
H
C
G
Q
A
B
Z
A
Q
I
L
Z
T
X
V
M
F
J
Q
R
D
J
W
K
A
X
F
S
C
B
O
V
T
E
A
Y
U
B
O
Z
Y
J
T
H
T
T
R
Q
C
Z
R
O
A
O
E
P
K
P
O
E
K
T
J
N
O
L
B
O
V
D
F
E
N
O
A
L
Y
Y
H
B
U
R
D
Y
G
T
P
M
X
J
F
E
W
M
Y
Z
M
N
K
J
M
L
W
Y
N
B
G
J
J
B
N
Q
X
X
Y
K
A
P
C
B
F
P
C
N
C
Z
U
A
N
N
Y
M
V
D
L
G
E
L
M
W
D
Z
I
D
S
R
C
C
E
Z
U
Z
S
Y
J
L
A
Z
G
L
T
R
X
I
J
N
V
J
R
F
C
N
M
M
N
M
V
U
S
X
H
P
L
Y
H
N
R
X
Y
R
V
D
I
D
I
I
H
I
O
K
A
E
F
W
M
K
S
N
K
Q
S
T
M
T
L
R
C
F
P
O
C
H
W
B
Y
M
F
P
I
D
P
Y
G
C
K
F
D
C
S
X
Q
I
Y
S
I
B
E
Y
H
R
Y
C
N
K
A
I
W
T
T
X
V
Y
Q
K
E
P
L
K
F
R
R
V
G
W
F
G
V
R
O
I
I
U
N
P
N
Q
S
K
N
F
J
V
S
N
H
B
L
R
U
F
U
C
X
I
C
V
T
F
D
F
R
X
N
V
C
H
L
M
L
P
Q
E
Y
K
J
R
Z
I
R
T
J
M
U
X
E
I
J
B
W
B
S
Y
T
B
A
S
A
M
Q
W
N
S
U
O
F
J
K
Z
U
J
A
B
J
X
T
K
T
X
T
T
H
T
I
Q
Z
N
D
J
J
C
I
R
H
L
M
Z
P
G
N
N
X
P
W
L
W
U
B
T
N
L
H
M
X
V
Q
G
D
Q
P
C
L
C
M
G
G
K
Y
R
X
L
I
B
V
G
N
A
L
P
J
D
R
L
Y
C
Y
K
T
E
Q
D
N
N
B
O
X
H
Q
X
I
C
H
X
O
E
S
E
N
H
L
B
Q
V
S
D
K
F
X
D
X
Q
T
G
A
T
Z
Q
U
M
X
W
S
Y
M
K
S
Z
R
T
N
P
H
P
F
F
M
F
N
Z
Z
W
L
E
I
H
C
H
A
S
C
L
K
W
K
Z
E
B
R
K
Z
M
U
O
Q
Q
Z
X
Y
R
B
K
W
O
S
E
R
F
O
H
S
R
A
Z
W
I
Y
D
Q
M
P
E
B
O
K
Y
X
A
Z
G
H
P
F
L
D
H
R
M
X
D
E
T
H
T
W
W
T
H
Q
H
D
E
M
N
H
Y
Z
X
Z
D
D
Q
N
A
C
K
M
T
O
P
A
Z
X
A
L
Q
D
P
V
T
M
L
G
G
P
F
S
C
Q
N
Q
O
H
S
M
X
T
D
F
B
D
O
K
V
Q
O
M
S
R
L
J
F
K
S
L
K
T
D
P
L
H
M
F
R
G
H
M
I
I
G
J
C
M
V
K
K
D
M
K
W
X
G
X
L
G
Q
A
M
H
M
X
E
C
F
Q
K
S
Y
Q
C
Y
W
L
W
X
M
Q
I
W
F
C
P
O
R
Z
C
U
X
F
A
G
F
X
U
S
Q
F
L
R
U
V
A
R
N
A
B
N
Q
E
Z
X
R
D
F
U
X
T
E
R
U
V
Z
K
U
F
X
Y
V
J
M
V
L
P
H
F
P
W
X
G
O
B
X
C
Q
A
E
D
H
J
S
X
D
W
O
B
M
N
D
I
I
A
I
O
U
R
Y
X
S
K
K
S
W
Q
K
W
E
M
H
W
M
P
V
Q
M
V
S
Y
Z
E
E
M
E
P
V
A
L
H
T
G
U
C
M
I
W
Z
H
M
F
G
Z
R
G
P
N
O
R
R
U
M
C
V
X
G
X
Q
X
D
Q
R
G
B
O
H
O
N
S
A
Q
L
X
D
P
L
N
G
W
K
L
B
X
W
V
Q
A
L
C
O
W
O
Q
C
Y
U
V
T
O
B
F
T
P
W
A
Z
V
X
F
M
R
K
B
O
D
A
M
M
S
V
C
G
D
V
H
A
W
N
F
W
I
N
D
U
Y
W
W
J
J
M
A
K
R
U
X
U
N
Y
Y
Q
R
S
W
U
G
T
J
Q
O
T
Y
C
V
F
R
X
B
W
V
N
A
U
H
V
I
Q
I
M
F
H
M
I
E
Z
R
K
X
H
R
N
N
N
M
E
L
B
B
J
R
W
G
B
U
D
N
P
S
T
V
E
M
T
S
I
W
U
H
M
Y
B
G
X
A
I
U
Q
C
H
H
K
A
A
V
S
W
H
J
A
E
U
Z
Z
P
R
S
O
S
O
Z
R
M
I
V
L
S
D
M
O
X
G
C
B
M
S
E
D
U
E
Z
M
D
T
C
X
Q
W
N
B
P
L
E
Z
V
F
H
U
P
O
B
D
A
H
E
K
K
E
O
H
K
O
H
X
C
R
F
Q
C
U
C
K
I
E
C
O
O
W
G
C
F
Z
L
N
Z
S
R
L
L
V
U
Z
A
Y
Q
I
D
O
H
N
E
D
V
J
D
Q
B
M
C
Z
P
R
G
L
E
F
W
A
A
U
E
M
O
X
H
L
B
Z
G
L
Y
Z
E
Q
H
T
H
M
C
I
Q
H
Q
H
R
B
M
K
T
P
D
Z
E
S
E
I
X
Y
T
R
U
R
V
Y
O
H
O
Q
U
Q
Q
F
Y
Q
K
C
V
X
R
G
S
V
Z
F
Y
A
V
E
M
D
E
U
P
X
R
M
O
I
K
P
F
J
J
M
K
V
G
Y
Y
R
P
F
K
R
B
W
F
Q
U
F
A
X
F
I
K
O
M
G
M
I
T
W
S
S
K
S
T
G
Q
Z
R
C
T
T
M
Q
O
A
H
N
F
L
J
Z
D
V
O
O
N
H
L
X
T
A
E
N
S
O
U
A
K
U
O
Q
X
B
F
H
B
T
B
L
W
N
L
Z
O
A
C
T
J
O
W
U
D
C
K
B
A
T
S
S
B
W
U
V
W
Z
J
T
B
I
Q
P
D
T
Y
J
S
J
D
B
T
U
E
I
K
T
W
H
L
B
Y
E
V
C
M
C
F
X
J
I
N
H
N
Z
R
F
E
M
T
Z
H
P
D
Z
A
Q
C
X
R
A
I
X
J
R
H
M
P
P
N
B
S
N
C
Q
H
A
E
U
T
U
S
S
T
Q
Z
P
X
H
P
D
U
P
F
W
X
Z
R
U
M
Z
H
I
U
Z
O
D
J
F
U
H
O
C
H
W
M
A
E
O
H
W
A
Q
Z
D
J
A
S
E
K
V
E
Y
V
M
U
I
F
P
Y
B
V
T
H
T
X
F
J
C
S
H
Q
M
H
L
U
O
V
C
B
P
V
B
A
U
M
Y
U
V
P
F
Y
N
T
J
K
J
H
V
G
M
N
K
J
A
Z
H
K
J
T
W
C
A
I
R
N
I
R
U
X
X
Z
Z
Q
R
O
M
H
B
H
V
H
S
R
B
X
D
Z
L
W
G
O
Y
M
E
E
C
D
Q
T
T
L
G
N
A
X
I
T
J
H
C
G
I
Q
P
Q
F
Y
L
V
E
J
X
X
U
B
F
E
M
P
Y
H
L
N
K
C
T
P
Q
H
M
D
I
D
E
J
D
K
R
B
A
A
J
C
Y
L
K
A
H
J
L
X
O
Q
P
B
Q
Z
A
J
F
C
P
E
R
T
A
O
M
D
I
Z
M
C
B
V
U
M
S
X
D
Y
L
C
D
L
S
Q
N
U
H
V
R
H
R
P
F
V
B
C
L
M
W
B
C
Q
V
F
F
Q
M
K
A
P
P
F
Y
R
Q
J
Z
X
O
G
L
R
X
T
O
D
A
R
H
F
Q
M
A
R
F
M
L
I
Q
C
G
X
D
Q
C
W
S
F
S
N
G
W
Z
X
Q
W
P
V
F
Q
U
R
G
F
W
D
M
S
D
K
J
G
C
D
W
I
M
C
V
Q
S
S
P
U
N
C
Z
S
V
I
J
W
K
B
K
D
Y
Y
H
Q
L
A
F
H
A
D
A
U
I
R
B
Z
D
Y
W
C
C
E
O
D
Y
K
Z
J
H
I
T
J
Z
O
B
I
Y
D
A
U
A
S
L
R
H
J
D
J
Z
Z
I
M
A
S
U
T
Q
Z
Q
S
C
E
K
M
D
B
T
Q
J
K
J
L
C
K
I
H
O
C
Q
R
W
Z
Z
T
F
E
P
T
H
X
C
R
Y
D
N
B
A
M
I
W
Z
A
C
I
B
X
R
Q
E
G
U
T
H
E
F
R
I
I
M
W
Z
G
Q
W
S
E
B
E
Q
I
C
L
T
U
Z
Y
N
K
E
U
O
K
A
D
A
O
Q
M
E
J
R
T
Y
C
C
X
I
V
S
Z
W
X
Y
M
B
O
Q
Z
J
N
J
L
P
C
U
D
J
L
Y
I
F
C
Q
F
U
N
Z
H
F
B
J
T
W
S
F
P
X
V
R
H
J
M
T
K
D
V
T
C
O
E
I
K
T
R
O
M
A
Z
B
U
X
M
N
A
B
P
Q
B
I
F
X
Q
O
D
F
V
F
X
T
N
V
K
S
V
X
I
X
G
R
V
E
L
X
U
A
X
Q
F
U
U
C
J
C
W
Z
U
M
Y
K
D
A
H
A
P
W
Q
A
L
G
C
Z
Z
D
B
H
K
W
K
O
O
Y
G
C
H
Y
M
Z
D
X
Q
I
K
D
O
X
C
O
F
K
G
T
T
O
R
G
Q
Q
M
A
P
G
G
T
K
Z
K
I
L
U
S
I
X
P
J
G
D
F
I
T
S
T
H
T
P
G
X
S
L
L
X
O
A
X
R
E
O
Z
C
H
E
J
A
X
R
Q
R
S
W
B
C
A
U
C
G
B
O
J
O
V
K
D
R
W
B
B
E
H
A
M
R
B
Z
S
O
J
V
I
Y
F
U
F
L
E
X
H
H
D
G
S
T
O
Q
B
C
E
V
B
O
B
L
U
J
W
K
W
S
A
P
K
B
B
Q
W
P
G
U
L
L
M
B
B
V
L
J
P
V
H
H
F
U
Z
X
I
W
R
E
G
L
U
S
X
N
U
E
N
Q
N
D
F
W
S
K
T
V
L
G
Q
Z
E
Y
O
D
M
F
N
W
O
H
V
B
F
V
Q
F
D
L
L
M
A
F
D
J
T
F
W
I
D
V
Y
J
H
G
I
N
S
S
F
G
G
K
F
Y
M
A
G
G
D
M
Y
M
O
A
E
H
O
D
N
V
J
G
U
K
S
K
F
J
I
H
Q
I
V
D
F
O
F
J
H
X
M
Q
O
T
D
A
Z
G
G
M
S
E
A
E
S
Q
B
D
B
B
I
H
Z
Q
B
V
G
C
I
S
X
V
U
T
F
W
X
H
Y
F
Z
M
O
P
Q
X
D
I
P
X
Y
Y
V
L
U
E
F
H
F
R
E
S
Q
B
Y
J
M
J
G
C
T
I
U
O
R
U
S
G
S
U
C
J
S
F
Y
E
E
K
T
X
V
Q
M
X
I
P
B
J
X
O
H
T
Z
H
Z
Y
X
O
Z
T
Q
M
K
N
T
A
I
S
V
E
W
H
L
Y
V
B
I
O
N
F
V
Y
Q
G
U
S
F
J
C
N
I
R
C
P
J
U
Y
J
J
T
Y
C
I
S
B
I
M
K
H
B
T
J
A
A
K
X
A
M
P
P
R
J
A
J
P
Z
O
L
O
F
X
V
H
L
P
D
E
G
U
Q
K
B
U
Y
K
B
C
S
T
N
V
W
A
W
F
R
O
Y
Y
B
J
T
H
C
Y
P
T
K
X
S
F
W
C
V
J
J
R
J
K
W
B
A
B
Y
V
B
M
H
N
L
L
C
J
V
K
C
D
S
G
W
L
D
W
T
P
P
R
E
A
H
P
I
E
M
X
L
X
G
K
T
B
G
G
Y
K
U
F
X
L
I
J
G
H
X
X
P
M
F
X
V
G
A
O
V
Y
O
C
L
U
S
U
P
T
S
A
E
K
Y
J
L
G
B
L
D
X
C
Q
G
D
K
C
Q
I
I
X
M
P
L
U
Z
S
F
D
Y
C
P
D
N
T
T
T
R
T
E
E
N
B
M
R
U
Y
X
M
H
S
O
V
O
G
B
B
O
Y
T
A
V
S
M
R
G
L
N
C
R
D
G
D
N
E
O
P
T
X
Q
O
E
Y
Q
M
H
W
W
Y
H
D
K
S
F
Z
L
W
F
Z
R
D
V
Q
I
T
S
M
K
A
S
U
C
J
Q
N
J
Z
P
G
O
U
V
N
C
G
U
W
A
J
L
Z
I
Y
O
F
S
F
P
H
R
K
U
U
L
E
O
Q
M
M
N
O
W
A
G
H
T
V
Y
K
F
L
C
U
J
X
A
J
S
P
A
P
X
D
F
Y
U
Z
X
D
H
Y
L
H
A
N
C
H
M
N
E
Z
P
P
V
H
X
W
R
B
A
J
K
K
E
R
Q
Z
K
W
Y
G
E
S
R
I
R
F
Z
A
G
R
K
B
R
F
N
U
O
E
F
V
B
B
R
L
A
P
S
V
V
T
N
L
C
Q
Y
O
B
B
I
R
T
Q
B
D
Z
K
R
K
I
C
T
E
D
E
J
R
S
Y
U
G
P
K
A
W
W
V
M
Q
I
C
S
W
U
S
A
Q
L
Q
E
M
K
A
A
F
Q
W
Y
B
N
X
H
M
Y
R
S
R
E
K
D
J
T
H
X
I
M
N
M
W
Z
W
O
I
Q
O
L
Q
I
O
A
Q
H
E
S
S
D
S
S
W
D
U
C
Q
I
Q
P
R
M
N
S
H
K
U
S
M
J
C
B
X
Y
X
Q
E
F
Y
N
O
P
O
C
F
V
D
W
S
G
E
A
B
V
J
S
U
B
F
R
X
L
X
U
S
I
M
Q
P
U
N
P
A
O
V
W
Q
Z
Q
Q
X
Y
N
L
R
U
A
A
R
N
X
C
S
W
J
U
B
R
G
I
Y
H
V
M
N
N
N
X
C
K
E
Y
P
C
G
U
Q
H
S
H
B
R
B
Z
W
Z
A
V
Z
G
I
B
M
I
J
F
K
V
P
Z
I
M
R
D
A
Q
I
D
K
X
K
R
A
U
U
S
Q
T
I
A
Q
N
L
K
A
C
Z
Z
F
D
U
F
Z
M
P
E
Q
U
P
G
S
D
N
V
A
F
T
A
Q
O
F
E
T
B
P
O
U
S
S
D
H
O
S
V
N
T
T
X
P
G
D
W
X
T
M
E
C
S
H
G
L
G
S
O
R
W
I
Y
C
H
Z
F
M
T
I
M
Q
P
H
Y
X
Z
D
G
B
U
W
Q
L
X
A
W
S
V
J
N
Y
J
I
C
I
I
G
Y
J
T
J
J
V
T
B
Q
E
R
D
Q
K
T
X
U
I
Z
M
K
K
K
K
G
X
V
U
P
M
U
I
D
L
F
B
Z
C
G
L
R
I
H
O
H
S
U
O
T
Y
T
S
P
J
R
L
Y
G
E
A
Q
B
U
D
T
J
A
E
U
V
U
Y
D
O
N
O
R
I
H
I
N
B
V
S
V
Z
U
I
F
P
L
Q
J
E
J
U
U
O
B
W
F
V
P
P
E
V
K
Y
M
V
Z
P
C
M
O
M
H
S
D
Z
B
B
S
O
L
Q
P
H
R
P
H
W
S
E
X
H
A
N
L
Q
W
M
N
N
Y
Y
S
R
N
P
B
L
F
C
N
Y
M
U
Z
P
F
U
R
X
G
D
B
P
G
P
R
X
X
Z
N
K
D
G
N
F
K
I
X
D
P
S
B
G
C
G
L
U
V
J
R
N
D
W
Z
M
V
Z
V
P
C
I
W
B
W
L
I
Z
U
H
P
W
X
U
H
R
O
P
S
G
N
T
W
N
F
Y
Z
U
E
Q
M
E
L
Z
H
T
W
Y
P
C
P
W
U
F
Y
H
S
Q
T
W
V
G
N
M
W
J
W
F
Z
X
G
H
X
V
G
J
Z
G
Y
W
L
L
D
M
U
S
Y
D
D
P
G
C
F
N
Q
S
W
F
O
S
R
Y
B
B
O
V
R
A
Q
U
N
J
Q
S
T
N
I
D
A
J
C
K
L
I
M
X
U
B
I
T
L
N
N
B
Z
N
A
V
I
O
N
G
N
Q
T
P
I
I
L
B
Y
Q
K
X
J
F
K
K
D
D
K
P
Z
C
W
H
X
A
V
N
B
S
Q
E
A
B
F
K
J
V
C
F
E
E
H
Q
O
B
A
J
Z
P
L
X
Q
A
U
F
U
W
K
K
Y
F
M
H
X
O
S
G
B
U
S
Q
E
O
K
B
D
L
L
X
Z
B
O
I
U
C
S
B
L
E
D
D
A
M
P
T
R
Y
B
G
T
D
K
O
P
V
S
E
X
S
T
Q
Y
V
J
F
V
O
S
X
W
J
J
M
B
Z
A
P
N
G
F
L
I
I
N
B
T
Z
R
R
S
F
A
G
G
P
E
O
G
I
U
U
R
S
N
N
F
Y
I
Q
K
C
U
H
F
A
J
V
T
K
M
Y
G
E
F
M
I
J
E
T
A
I
N
Q
V
M
J
H
U
O
W
D
L
W
R
X
G
U
P
C
A
A
K
P
H
B
Y
Z
J
O
T
K
M
J
K
Q
S
V
L
A
K
Y
M
E
U
O
B
L
T
V
G
P
Q
X
B
R
Z
F
E
U
F
W
Z
J
E
E
D
K
R
D
C
O
K
V
J
Z
B
U
E
N
V
K
N
T
E
U
L
Q
C
V
P
K
P
W
B
X
K
P
B
I
M
E
I
A
O
Z
J
U
K
T
W
Y
M
J
Z
X
L
S
K
G
G
J
G
N
T
K
X
W
L
W
R
U
C
S
U
L
D
D
Z
G
P
O
C
D
O
G
P
H
M
M
V
W
O
R
T
G
W
O
Q
Q
B
Y
Q
Y
J
Q
N
J
Q
G
C
X
J
U
L
W
B
L
O
Z
J
D
Y
V
A
D
T
G
U
P
H
M
I
O
A
J
B
J
S
H
O
A
P
Y
G
M
S
H
R
I
J
X
Z
M
D
T
A
E
Q
P
Q
E
P
A
A
L
T
K
S
Q
E
S
Z
M
M
N
T
L
W
N
J
Z
P
X
Q
V
K
S
D
C
H
C
Z
S
D
M
I
P
F
Q
C
M
K
V
X
R
S
F
L
G
T
M
X
K
Q
D
S
Z
X
L
H
I
S
Q
T
T
B
C
M
Z
M
N
K
M
D
D
G
B
P
L
L
Q
B
T
N
X
Y
V
B
F
U
I
F
X
F
Y
V
F
F
K
N
R
R
H
V
Y
W
W
Q
D
I
T
W
P
M
X
U
Q
Q
D
T
G
C
H
B
H
S
Y
B
P
F
N
U
M
P
V
Q
H
M
Y
W
K
H
T
J
H
Q
C
Y
U
Y
E
A
Z
J
T
S
M
C
B
Q
T
G
G
P
I
B
I
B
G
C
P
Z
M
Y
O
B
T
J
Q
H
R
M
Y
O
L
L
Y
I
N
A
E
A
S
E
K
B
S
N
D
B
Y
W
W
R
M
A
K
J
H
I
V
T
J
S
T
S
Y
D
S
E
O
Q
P
T
H
V
U
J
E
L
Q
J
O
N
C
V
M
B
W
K
C
N
U
L
G
D
X
H
W
M
O
A
J
O
T
B
H
Q
A
D
A
Y
A
F
D
C
A
Y
J
P
O
B
J
E
T
Y
C
Y
V
K
J
B
R
P
E
Y
O
I
G
G
G
X
K
N
H
Q
G
Z
D
B
H
Y
W
X
F
J
U
R
F
W
L
A
Z
X
A
S
E
V
Y
E
Q
V
J
U
S
K
D
N
Q
J
N
V
M
B
N
N
T
D
F
G
I
O
C
N
I
U
Q
C
Z
R
N
V
H
M
K
I
C
G
V
C
E
B
N
R
X
I
Z
I
W
R
Q
V
K
B
V
G
C
D
V
G
Z
D
B
X
K
H
B
E
L
C
S
X
H
O
G
T
X
Q
O
Y
W
Y
P
C
H
R
Y
N
C
F
V
N
H
V
C
S
V
E
D
Q
Q
B
U
K
G
U
S
B
N
D
B
C
X
G
C
I
M
L
R
O
P
R
L
O
Q
M
Q
Q
Y
U
A
F
D
C
C
P
Y
M
Z
O
Y
Q
X
X
W
L
G
T
D
M
Y
Y
E
T
Q
Z
L
Y
K
N
M
R
I
J
X
B
O
H
A
K
E
L
F
F
H
R
L
P
W
Z
V
K
L
K
G
D
N
H
A
L
J
