99
1 84
16 90
16 57
47 74
72 20
59 51
92 3
88 97
79 99
91 44
64 70
51 17
88 77
51 23
68 75
6 60
41 7
81 51
78 61
1 39
30 87
74 62
63 98
3 70
58 18
48 61
95 33
38 8
10 1
5 57
42 33
2 48
13 67
74 36
52 51
49 34
37 85
22 51
50 86
26 54
18 97
36 28
25 66
40 88
82 87
67 27
2 93
84 94
21 19
98 30
25 83
42 87
66 96
56 33
31 12
41 93
37 35
69 53
8 47
8 21
79 73
93 37
18 8
82 14
98 3
37 1
44 24
8 79
37 53
55 60
64 32
71 15
57 88
12 88
4 66
72 76
74 45
18 1
79 75
46 39
42 86
71 89
8 6
29 22
43 30
15 34
27 95
76 42
11 34
96 14
54 98
44 95
65 70
87 1
51 86
80 15
71 93
78 9
20
1 59
1 96
18 88
18 47
1 14
15 11
1 11
71 80
42 50
42 23
86 50
8 79
87 30
42 95
8 99
96 83
87 82
34 49
33 44
87 56
