200
2 1
3 2
4 1
5 2
6 1
7 4
8 7
9 5
10 9
11 9
12 5
13 4
14 7
15 8
16 12
17 15
18 4
19 2
20 17
21 15
22 19
23 10
24 3
25 24
26 23
27 22
28 12
29 1
30 13
31 24
32 2
33 7
34 20
35 32
36 14
37 10
38 34
39 10
40 11
41 8
42 16
43 12
44 18
45 40
46 28
47 20
48 14
49 17
50 28
51 50
52 41
53 1
54 3
55 5
56 35
57 37
58 34
59 42
60 18
61 9
62 43
63 2
64 42
65 12
66 47
67 34
68 51
69 25
70 34
71 1
72 50
73 62
74 68
75 56
76 41
77 35
78 41
79 66
80 40
81 64
82 60
83 14
84 41
85 77
86 82
87 47
88 61
89 47
90 52
91 59
92 63
93 33
94 2
95 14
96 59
97 24
98 27
99 5
100 88
101 42
102 69
103 39
104 43
105 38
106 7
107 22
108 42
109 33
110 18
111 107
112 62
113 31
114 75
115 90
116 73
117 67
118 37
119 115
120 23
121 76
122 49
123 90
124 111
125 28
126 73
127 44
128 32
129 85
130 97
131 28
132 97
133 41
134 58
135 118
136 101
137 40
138 3
139 128
140 38
141 39
142 138
143 62
144 21
145 32
146 135
147 34
148 77
149 59
150 120
151 136
152 36
153 60
154 118
155 133
156 77
157 65
158 157
159 150
160 129
161 74
162 87
163 3
164 1
165 16
166 5
167 91
168 63
169 115
170 60
171 9
172 114
173 138
174 47
175 114
176 139
177 149
178 58
179 12
180 72
181 66
182 140
183 44
184 98
185 71
186 51
187 149
188 98
189 60
190 41
191 83
192 141
193 148
194 70
195 145
196 13
197 76
198 105
199 121
200 23
150
1 14
5 118
4 13
4 153
43 143
7 49
9 57
56 175
34 38
1 41
2 94
4 110
1 18
4 93
17 122
10 26
1 7
101 151
4 105
12 149
17 105
4 20
7 48
4 36
15 140
32 56
4 17
41 169
42 91
1 19
1 19
2 145
5 192
90 119
5 23
42 149
34 38
7 87
8 199
50 180
1 177
1 24
2 193
114 175
1 143
15 49
2 35
18 44
121 199
1 111
50 74
15 140
1 179
50 51
8 174
5 192
74 161
17 70
71 185
5 118
1 72
1 155
62 126
18 170
1 166
2 35
14 191
50 74
2 180
2 149
40 137
1 55
17 66
2 139
12 167
5 101
4 47
1 2
50 68
1 184
5 101
5 101
82 86
1 4
4 89
15 122
2 42
1 18
63 92
7 191
7 34
32 176
4 48
7 133
4 90
1 127
17 87
1 131
3 142
28 131
5 165
61 100
2 12
1 18
36 152
12 65
41 119
10 23
7 83
3 142
138 173
4 123
14 95
2 54
5 46
38 105
1 122
4 90
4 30
1 191
1 183
1 18
1 88
24 25
7 8
7 78
8 89
12 43
4 162
2 32
114 175
5 16
1 36
1 59
2 163
2 157
1 128
2 32
135 146
7 199
7 152
12 101
32 145
12 161
5 192
43 116
41 76
1 6
5 150
1 53
