0 5
93 100
abbbaaaabbbbaaaaabaaabbbabaabaabababbaaaaaabababaababbbbabbabbaaabbbabababbbabaaabbaabbaaabab
3 45
43 21
1 39
42 15
2 43
5 44
11 33
49 6
28 29
34 7
9 38
4 36
8 33
35 17
60 9
12 22
32 30
59 5
73 9
27 7
2 11
26 31
5 40
7 4
1 46
15 36
29 32
18 38
10 37
65 10
2 12
13 37
8 25
9 5
9 42
5 29
34 15
15 39
52 20
68 13
24 26
13 12
31 29
3 45
3 6
1 38
61 13
24 32
19 33
7 42
10 36
8 43
16 29
33 24
21 23
57 13
18 20
8 41
31 17
1 46
26 16
29 29
10 34
59 4
4 41
54 9
32 22
25 15
9 34
18 12
19 36
42 15
21 27
4 40
3 37
1 15
20 5
2 46
8 4
28 26
3 38
5 44
3 22
25 6
9 32
67 11
17 24
5 44
21 8
6 43
29 13
16 35
50 10
82 4
86 4
69 7
70 8
50 17
3 44
2 45
91 97
aabaabbbbaaaabababbbbabaababababababaaaaabbbabaabaaaaababaaaaaaaababbabaaababaabaaababbaaab
6 22
9 14
58 9
6 42
1 7
3 28
18 34
28 32
2 45
5 27
17 21
5 33
24 18
39 25
46 22
17 18
41 19
15 25
16 5
52 14
6 41
10 32
2 40
18 13
10 4
20 20
1 44
12 35
56 4
13 35
31 21
7 38
14 10
55 9
10 41
26 26
15 14
18 28
4 40
7 34
2 33
20 29
30 27
3 36
37 8
4 36
71 9
2 14
13 39
20 36
48 18
14 35
65 7
17 27
8 34
4 29
22 35
12 27
13 32
15 18
7 37
11 20
1 36
14 28
1 41
76 2
9 38
2 45
56 12
17 31
64 10
27 27
21 8
6 28
8 36
11 31
23 31
3 40
12 16
7 26
23 17
17 34
5 33
4 44
1 7
56 18
1 32
20 35
17 3
61 7
74 1
2 40
18 25
11 14
3 13
42 2
7 41
96 98
baaabbbaaaabbbaaabbababbabaabaababaabaabbbaaaaabbaabaabaabbbababbaabbaabbbbabaabbababababbbbabab
13 37
49 22
3 34
22 23
20 22
5 35
49 11
53 14
1 48
27 35
28 22
26 33
4 40
1 48
20 35
26 21
33 3
2 45
13 3
3 18
42 26
68 8
73 6
9 44
62 12
7 11
4 11
4 39
6 28
1 25
27 23
7 40
3 28
61 15
83 4
3 35
32 26
47 22
48 21
53 11
56 18
35 14
1 47
37 20
18 2
11 22
27 17
15 28
18 36
16 6
52 21
54 19
56 8
60 13
2 15
62 9
4 43
2 44
29 28
68 3
4 41
57 8
14 31
27 33
26 33
25 26
16 32
61 15
47 25
2 40
9 33
23 31
10 38
5 29
29 33
34 18
55 21
3 47
1 45
20 9
10 39
34 11
30 11
6 45
12 39
3 47
24 21
1 48
31 23
56 8
21 35
15 25
17 38
3 28
6 30
22 22
18 19
42 5
93 98
abbabbbaaabbaabaabababaabbabaaabbbbaabaaaaaabaabaaabbaabaaabbbabbababbbabaabbbbbbabaaabaaabba
35 22
19 33
56 6
13 13
60 1
40 7
2 45
33 2
12 32
21 29
31 30
44 19
37 9
55 1
65 7
4 43
25 30
16 38
1 36
7 30
43 13
5 40
3 25
28 30
32 14
39 5
8 35
32 21
10 11
4 40
3 8
41 1
37 7
33 17
7 39
2 46
29 31
5 38
2 42
21 36
31 21
25 15
32 27
8 13
45 3
48 9
26 34
37 13
5 29
11 38
1 16
40 16
15 25
72 11
39 25
51 18
43 3
17 30
81 3
36 8
31 18
51 12
46 10
5 39
29 26
11 1
31 21
41 21
38 7
40 22
5 40
17 38
13 36
37 6
22 24
20 11
18 29
17 8
36 16
23 5
71 1
41 25
20 34
33 16
9 3
21 12
22 30
15 13
29 19
33 20
2 35
5 43
45 24
53 19
1 40
27 2
18 20
28 29
100 100
ababaabbaaaaabbabaabaabbabaaaaabbbbababaababaababababbbbabaaaaaabbbbaaabaaabbbbbaaabbaaababbababbbab
3 39
58 4
12 40
13 23
12 28
7 30
2 31
71 9
22 32
18 41
70 4
3 49
6 40
20 36
10 43
13 14
2 49
5 38
15 4
17 9
33 33
22 30
16 32
92 3
12 7
17 6
21 35
56 21
2 44
3 18
64 6
11 42
91 5
25 5
40 27
14 27
2 13
1 50
15 28
2 28
1 50
67 8
1 6
31 30
17 36
26 29
6 38
3 9
5 48
24 26
10 17
6 6
25 17
8 2
38 27
15 33
38 19
13 41
24 34
10 42
3 7
69 14
6 26
87 4
2 48
17 32
4 42
3 45
70 3
1 49
22 36
61 10
28 19
28 4
4 47
92 2
14 40
4 45
44 18
30 30
7 15
56 16
23 33
18 21
49 18
15 25
6 11
3 28
9 25
11 41
6 43
16 36
17 42
17 1
13 22
7 36
55 16
2 46
16 3
6 47
