120123474
28652438
108641643
133301552
231019851
117219132
235289770
26287574
165215091
241214623
43547437
190566763
102945038
90730973
53684851
247762143
133140036
35743208
78594122
220785170
90186758
131536813
206422510
184436458
73487874
216322132
90902361
40609944
183713882
165493350
110941966
228115399
86908321
117644894
140221596
98984460
79972425
76277405
255708930
203295298
191062798
131213181
133894904
119475580
206397313
78594122
100007545
269833471
229421356
65835842
194950605
155784020
166976806
265022006
214548805
21585360
152244139
146917825
76277405
214546990
161850263
60751945
61534320
232844733
82100005
217847677
89845814
225871423
236108375
2937493
164639794
182071594
35743208
72864719
37121511
119876272
64067017
193839664
12719165
198363709
133823451
48746662
157941526
211440204
194736772
155544826
88302935
137825597
157309565
53684851
60751945
90186758
62195304
235042978
82515585
37450140
63558240
97215635
160182478
228908348
