0
0
147
0
0
0
0
0
0
0
95
43
189
0
0
0
0
254
0
0
0
0
0
0
0
0
8
0
0
0
0
0
0
350
0
0
0
0
0
0
0
0
0
0
0
235
0
0
0
0
0
0
0
0
0
0
0
0
131
0
0
0
0
0
0
0
204
0
49
0
153
0
0
61
0
0
0
0
0
310
161
210
0
0
279
0
0
0
0
0
102
0
0
0
257
305
0
0
0
0
274
0
0
0
158
410
0
0
0
0
0
318
27
0
0
0
0
0
123
0
0
0
204
0
0
216
0
27
388
0
0
0
0
0
180
0
0
0
0
0
0
0
99
0
0
0
0
12
0
0
0
0
0
0
0
0
0
0
0
0
0
0
0
0
224
357
0
0
0
179
0
276
0
0
0
231
0
0
0
0
0
0
0
0
204
394
0
0
0
0
0
0
0
0
0
0
0
0
0
0
0
0
0
173
0
0
71
181
13
0
0
0
199
0
0
0
345
0
0
0
0
0
0
353
0
0
0
0
0
288
0
0
0
0
0
19
0
167
117
0
0
0
263
0
28
0
0
0
0
0
0
0
23
0
0
0
0
0
0
9
0
0
0
0
0
0
0
0
153
0
0
0
0
0
0
137
0
0
0
0
0
0
0
0
0
76
0
0
0
0
0
129
0
0
329
0
0
0
0
0
0
0
0
0
36
0
0
0
0
0
0
0
0
0
0
389
63
0
0
0
166
0
0
0
0
0
0
0
0
0
0
209
0
0
0
144
288
0
0
0
0
0
0
0
0
0
0
251
225
0
56
107
0
0
252
0
0
0
0
0
0
255
0
0
0
300
0
0
0
0
158
33
0
0
0
0
0
0
0
0
0
0
0
0
0
0
0
0
0
0
0
0
210
0
225
45
0
0
0
0
121
0
0
0
0
0
0
215
0
0
309
0
0
0
0
0
0
0
108
0
0
0
0
0
220
69
369
0
0
0
232
0
94
0
0
0
0
0
0
0
0
0
0
0
0
0
0
276
0
0
65
0
0
116
0
11
0
0
0
0
0
0
0
0
6
0
0
0
0
7
0
0
0
0
0
0
0
0
76
216
52
0
115
278
0
0
303
0
0
0
181
0
0
38
0
0
0
57
0
0
188
0
0
0
0
323
0
0
0
211
0
0
0
0
0
0
76
0
0
366
287
0
0
0
194
0
0
0
0
0
0
0
0
0
136
74
0
126
0
0
0
0
387
166
0
0
0
0
0
0
0
0
289
0
0
0
0
0
15
0
0
0
0
0
0
0
0
0
214
0
0
46
337
0
0
0
0
0
0
92
0
0
0
0
0
0
0
0
374
247
0
0
0
0
0
0
0
0
199
0
0
0
292
0
0
0
7
0
0
0
0
30
0
0
0
0
0
0
0
167
0
0
0
0
0
0
0
0
0
0
160
0
0
0
0
164
0
0
0
0
0
359
0
0
0
0
0
0
0
0
113
51
0
329
144
0
0
0
0
0
0
294
0
0
0
0
0
0
0
362
29
0
0
0
0
0
0
0
348
0
0
213
0
0
0
20
0
89
0
0
0
0
0
0
0
0
0
0
408
0
0
0
0
0
0
0
0
0
0
329
0
334
146
0
64
0
380
0
25
0
0
0
0
0
264
119
0
0
0
0
0
0
0
55
0
0
0
270
0
0
0
0
0
0
0
0
0
0
0
0
13
0
0
0
0
0
145
0
154
0
0
0
0
0
0
0
231
0
0
0
0
0
0
0
0
0
0
0
0
0
0
0
0
184
208
0
0
0
211
0
318
0
0
0
0
0
0
0
0
0
0
0
0
0
67
0
227
16
0
0
0
0
0
0
0
0
0
0
0
0
113
75
0
0
0
0
0
0
283
155
200
158
0
339
0
0
126
0
0
0
0
0
0
101
0
258
0
0
0
145
0
0
0
0
0
0
0
266
0
103
0
0
0
0
364
0
44
171
0
81
234
251
0
0
298
0
0
68
0
0
0
338
0
0
164
0
22
0
0
0
0
0
0
0
0
161
0
0
6
0
0
0
0
57
0
0
0
0
0
203
0
140
0
0
134
0
0
0
0
0
220
0
0
254
0
58
0
377
0
0
204
0
0
0
0
0
0
0
0
115
0
0
0
72
324
0
0
0
0
0
0
0
0
0
0
0
0
0
359
126
163
119
0
0
0
0
0
0
0
0
0
0
0
0
0
0
0
0
0
0
0
0
207
44
0
0
0
0
0
0
0
0
0
0
0
0
0
0
0
2
