1000 1
576 243
906 921
748 698
178 119
297 88
586 617
360 356
954 695
476 495
831 829
172 718
513 70
912 890
651 640
155 771
14 402
324 731
430 273
392 424
513 608
577 689
397 451
146 289
784 704
885 975
693 967
37 410
300 207
199 950
73 951
354 355
86 439
712 30
454 868
476 457
498 319
770 405
694 896
952 269
244 831
798 189
599 937
496 188
138 900
203 696
51 211
2 909
939 137
6 715
524 746
65 834
592 22
270 188
457 286
469 574
764 701
990 268
456 363
615 487
183 946
509 819
728 234
723 511
578 20
118 81
916 102
125 183
723 508
146 747
322 180
233 616
236 86
801 224
711 44
990 417
588 894
480 851
714 316
688 203
285 293
747 806
342 201
61 872
972 65
246 207
175 294
732 479
55 411
455 533
302 766
660 797
648 890
559 140
696 363
8 599
406 981
534 755
980 748
813 947
154 952
246 411
243 682
93 330
863 298
417 901
698 518
760 429
570 347
62 671
271 618
599 70
825 677
777 485
432 805
109 942
706 938
620 355
37 949
599 66
967 253
771 368
798 665
364 531
555 720
338 778
848 826
503 289
774 26
831 632
574 206
144 941
648 280
581 765
831 38
291 181
901 150
167 62
945 699
419 532
310 500
326 757
46 511
537 181
813 172
378 720
13 740
20 523
640 14
52 602
135 823
973 343
757 36
736 140
24 54
555 155
265 687
550 233
767 663
836 439
511 932
672 566
441 525
891 693
295 81
256 295
990 782
818 229
722 747
801 554
62 746
785 708
294 679
342 335
774 413
345 530
97 286
163 18
63 538
972 406
701 710
492 228
810 691
790 310
217 532
630 591
652 279
310 768
103 298
711 4
535 230
868 56
426 984
874 383
789 489
551 198
427 490
181 43
706 589
121 971
914 923
554 103
871 918
216 864
868 327
909 927
336 755
739 129
512 114
956 966
164 301
791 507
551 943
532 324
295 609
532 5
109 561
480 86
302 332
11 48
328 170
926 272
401 664
130 17
983 913
214 86
594 148
91 5
681 497
106 976
981 976
538 990
76 442
127 370
418 730
900 138
763 746
762 178
196 164
430 893
331 531
31 644
2 925
774 123
451 683
12 232
222 432
875 902
272 650
380 2
492 42
141 281
811 255
772 255
500 359
891 202
198 832
109 922
397 200
236 884
116 848
281 248
502 339
989 508
510 774
168 370
3 354
962 309
917 166
526 734
288 417
249 417
339 486
39 359
595 89
937 275
875 711
402 218
78 377
503 744
466 588
943 23
685 821
987 905
991 602
19 513
930 631
117 621
980 622
711 508
135 927
990 648
219 10
739 393
137 297
238 594
618 955
776 533
790 303
905 763
277 781
412 276
897 207
181 881
390 229
156 892
893 525
888 499
892 112
761 979
574 381
336 999
884 544
847 112
875 674
807 104
732 504
64 571
453 630
211 245
490 195
72 720
219 383
847 960
940 463
844 608
960 866
410 532
644 844
871 609
65 871
728 678
250 797
427 792
389 55
602 991
63 879
262 674
635 282
745 109
70 927
793 941
473 382
578 555
164 469
692 449
480 229
378 420
212 82
489 158
149 602
833 91
765 212
846 96
557 400
679 943
884 979
713 824
379 709
178 292
93 895
476 870
291 925
7 207
365 855
809 496
939 514
78 643
91 705
457 924
219 0
332 137
313 103
812 45
689 45
292 342
212 135
60 769
976 855
711 420
268 693
207 520
515 208
913 637
913 606
959 722
859 132
587 291
336 173
218 399
93 378
513 862
631 305
161 573
993 959
652 224
744 262
822 211
200 612
218 735
457 113
245 529
820 669
194 832
583 509
887 764
626 676
334 400
325 610
921 495
71 671
285 926
489 167
779 107
194 690
803 350
879 3
672 49
233 700
561 218
982 817
845 448
200 961
923 179
26 877
548 844
122 97
265 833
940 612
302 44
394 134
138 457
858 626
678 162
381 92
261 239
39 715
28 106
286 591
468 951
796 312
762 17
202 270
882 27
423 495
629 536
994 170
796 119
634 852
944 474
65 367
82 205
664 104
695 463
414 950
614 515
532 562
833 376
755 87
582 715
604 531
701 563
35 598
450 849
675 669
36 747
304 740
196 470
933 968
270 891
406 348
262 885
613 291
730 95
163 721
252 312
875 767
365 305
506 910
579 167
266 533
273 967
438 923
243 469
712 371
71 514
751 470
113 334
429 716
437 843
155 944
711 41
698 383
293 428
948 204
737 225
544 566
489 362
183 982
706 85
599 247
718 777
463 702
418 831
675 245
189 856
249 182
565 901
681 948
152 211
788 629
548 242
604 332
667 389
474 140
387 725
502 73
127 105
289 318
563 546
754 316
498 752
5 3
951 416
979 687
668 456
698 767
451 216
606 654
794 470
195 80
506 182
287 698
368 633
531 928
244 931
683 285
289 743
511 689
728 240
696 490
609 396
965 746
401 60
531 571
3 195
377 726
776 861
847 17
945 144
75 378
664 190
285 111
152 305
897 796
638 880
276 946
692 247
307 241
164 93
641 190
269 168
381 18
387 397
542 228
607 333
875 969
432 623
928 160
308 584
464 825
771 946
193 93
334 464
909 852
395 851
19 550
921 664
61 752
981 308
993 955
277 940
563 868
380 61
646 843
20 688
986 462
555 792
608 179
384 242
93 869
772 779
443 464
216 693
353 856
164 549
489 347
567 441
854 404
599 948
636 500
963 620
764 623
154 870
112 724
593 890
669 205
669 365
410 464
673 238
787 764
463 837
630 277
33 30
330 484
337 633
605 319
294 652
522 369
93 448
691 635
192 38
404 360
177 214
452 166
282 850
39 239
868 745
128 669
505 254
887 458
777 842
494 844
213 71
872 17
4 658
696 563
275 548
762 452
619 452
654 214
806 901
999 693
714 674
928 479
937 220
62 167
11 67
490 909
278 576
586 714
629 282
830 283
87 905
709 593
159 58
312 364
409 965
992 311
790 124
696 920
440 79
498 110
19 803
380 989
703 297
931 318
601 333
590 114
59 41
99 299
15 218
536 411
74 777
253 528
448 216
296 949
59 240
44 794
135 431
728 424
742 839
524 12
126 696
89 466
765 185
755 188
952 133
262 291
819 378
595 515
464 620
860 891
37 875
306 904
680 173
364 387
399 775
823 888
706 877
62 912
452 823
956 169
461 756
135 218
85 632
252 730
973 549
777 465
721 10
535 83
470 402
529 899
139 221
98 352
616 845
669 512
682 68
177 977
548 143
775 312
42 633
535 380
197 367
377 312
747 918
320 913
164 218
791 201
553 656
501 890
402 521
590 522
852 84
579 119
431 400
385 707
439 825
192 920
584 636
554 569
834 332
902 227
428 351
7 45
935 982
503 860
383 690
774 445
916 235
987 706
413 347
172 372
645 852
488 364
286 581
265 394
621 472
175 167
565 50
384 182
395 500
190 239
37 130
717 317
23 953
301 704
428 788
992 825
542 425
7 480
226 180
4 272
792 848
250 180
714 357
209 634
873 109
239 400
69 262
216 308
12 444
232 517
694 793
218 576
56 236
768 225
850 634
482 773
953 994
351 732
718 19
129 560
312 944
206 720
29 733
529 422
291 393
186 761
689 986
574 405
982 97
732 343
468 832
826 214
299 421
440 529
442 369
313 921
994 106
192 520
294 23
768 721
835 938
276 955
712 524
622 850
545 694
879 354
920 13
786 57
939 571
941 579
852 381
839 606
478 846
221 31
753 773
711 990
297 940
464 987
189 9
55 86
792 87
452 286
344 713
284 591
522 283
16 577
184 374
573 207
591 662
787 794
136 696
636 850
837 785
794 100
539 379
818 202
488 331
44 270
213 832
467 681
258 735
462 835
395 442
457 35
181 986
682 244
95 670
455 318
770 284
15 250
804 309
641 833
456 292
125 37
718 669
405 944
132 329
123 219
254 527
865 580
177 787
457 547
217 624
908 913
515 987
649 276
461 319
611 642
679 917
587 88
385 750
79 344
563 869
748 202
135 169
956 613
160 664
288 766
679 729
716 548
824 546
217 717
359 286
555 180
621 39
789 494
190 6
227 220
774 753
274 975
588 261
925 583
349 100
829 213
114 380
926 897
615 290
928 143
675 974
13 484
978 296
654 154
726 169
274 881
856 501
114 901
484 444
544 40
605 833
213 725
623 71
362 491
986 238
212 290
126 661
958 578
84 457
978 612
846 811
664 604
505 702
499 778
818 341
174 395
121 776
847 739
582 744
982 209
852 568
582 546
124 330
787 540
504 209
372 765
370 350
405 36
814 227
569 904
299 985
113 95
187 772
516 960
522 769
338 850
397 726
56 920
812 521
82 844
961 668
371 454
490 683
911 776
32 657
994 832
927 683
456 107
419 114
884 972
175 293
19 574
846 572
445 428
624 658
326 528
334 937
621 49
825 177
186 884
716 209
893 180
639 995
462 349
673 410
704 698
272 848
772 75
503 470
128 218
98 479
417 806
856 784
961 390
274 33
243 147
679 342
337 488
189 318
81 151
849 862
63 785
860 473
943 187
405 716
547 423
582 855
640 964
706 790
175 953
101 980
322 418
258 132
803 12
515 447
662 884
669 365
190 77
264 881
949 486
261 22
877 497
813 843
985 869
823 520
852 161
931 276
408 527
891 190
989 211
95 406
123 651
80 116
350 314
152 345
367 299
148 413
609 596
818 314
834 946
107 641
917 38
565 391
933 325
889 456
215 922
926 336
453 338
4 6
351 155
806 156
922 70
19 955
269 883
829 837
478 455
845 937
680 747
72 411
219 613
535 313
650 434
773 461
820 455
610 129
286 523
594 416
371 560
443 965
802 992
799 272
561 632
379 645
408 593
206 803
117 627
62 94
907 119
574 187
316 727
251 184
600 602
514 197
162 324
668 957
582 316
300 468
465 495
441 679
834 873
500 647
741 303
422 914
101 1
728 996
180 418
20 331
528 133
457 887
196 42
358 477
945 130
978 10
689 762
635 419
418 876
179 488
402 512
513 954
950 504
922 241
925 483
968 294
181 453
848 777
254 378
508 558
569 552
314 838
257 610
486 950
438 676
188 18
324 192
696 701
294 274
109 618
913 219
25 429
206 446
824 873
783 461
13 685
523 352
963 327
629 133
809 801
171 419
612 349
402 495
122 308
279 696
268 583
13 544
990 645
870 219
32 167
204 653
6 45
725 727
212 321
474 706
126 373
722 998
493 90
750 124
173 967
551 29
925 441
86 564
135 916
83 956
609 168
565 287
366 967
640 290
349 931
304 467
465 827
917 27
503 310
278 19
401 676
117 181
745 326
242 555
863 232
400 677
316 825
144 966
608 35
966 137
604 957
784 270
649 421
731 53
425 153
829 361
542 826
152 299
206 287
872 747
776 70
247 272
590 445
480 391
528 199
508 446
68 132
553 645
50 718
871 637
998 475
653 700
351 541
180 158
905 558
628 52
677 33
478 227
618 267
818 310
108 147
631 327
324 177
895 537
174 726
202 118
170 172
65 855
13 522
80 246
650 270
656 60
287 327
595 486
149 257
404 413
92 257
434 388
925 768
495 681
151 451
623 49
256 322
196 689
287 622
244 276
688 937
265 252
739 327
584 212
625 888
497 341
81 70
838 932
965 6
457 685
734 469
791 432
473 343
965 987
615 112
50 561
814 655
334 667
879 905
793 918
611 856
926 290
574 692
50 117
802 892
361 859
644 889
584 504
843 469
582 901
462 458
465 984
651 276
181 799
69 882
738 326
969 33
77 17
134 543
787 480
339 288
529 500
4 335
805 113
14 847
657 739
75 829
105 474
625 726
960 639
965 695
80 50
67 286
830 157
637 553
194 969
470 329
16 723
189 826
26 821
912 555
384 683
510 987
65 490
481 135
182 25
428 798
85 262
420 495
401 267
236 409
738 595
670 58
885 755
928 859
415 911
946 193
180 799
641 456
944 598
975 122
273 126
389 403
251 358
977 809
218 652
599 565
624 309
416 269
129 861
772 696
889 896
695 70
527 422
20 689
163 823
949 995
751 436
146 338
499 2
654 475
41 70
731 253
522 17
878 147
195 3
899 650
720 85
507 947
988 599
774 879
226 151
940 724
414 977
979 438
914 266
336 985
238 307
324 419
918 113
468 202
204 113
550 720
19 276
876 409
288 7
510 2
726 515
492 802
241 493
759 824
809 507
814 447
866 400
865 138
340 784
897 333
405 544
820 448
209 424
783 48
51 498
365 646
448 129
622 209
33 689
548 733
180 843
595 362
500 46
182 460
145 192
88 432
232 551
327 261
309 441
291 463
109 712
194 656
866 557
599 168
902 899
94 147
862 82
481 41
501 714
907 15
447 999
550 995
256 679
473 229
692 918
982 764
421 801
711 528
697 639
890 662
161 599
33 337
378 23
738 866
882 880
879 997
344 329
361 781
362 953
223 186
950 407
208 205
734 723
362 271
933 783
382 253
590 447
470 767
634 968
200 560
557 516
197 431
564 254
207 910
96 279
686 430
987 399
122 246
518 73
856 837
442 803
250 590
358 32
352 73
633 992
860 905
688 543
797 57
320 605
884 356
786 768
167 570
816 125
199 642
479 686
490 55
646 921
305 92
165 356
348 9
266 151
46 560
969 955
912 195
551 289
58 796
366 689
814 577
219 534
221 365
421 50
323 63
507 419
127 628
990 25
176 475
387 256
563 574
769 356
998 475
623 320
9 56
985 341
876 175
541 205
255 449
512 314
85 579
559 19
44 212
39 901
510 572
498 426
782 73
901 267
939 780
188 876
218 948
124 174
731 94
543 17
331 338
917 407
778 416
628 829
730 175
99 667
445 240
666 598
865 227
360 919
795 805
105 900
426 13
459 581
598 157
496 354
761 281
697 765
946 540
67 677
344 677
269 166
764 141
369 287
206 982
139 81
981 354
367 244
178 408
917 179
533 776
58 413
531 647
539 107
785 477
506 606
772 481
623 776
63 889
223 344
425 622
976 362
958 758
166 695
874 136
265 84
849 408
55 675
782 380
210 946
552 919
753 716
492 676
565 376
72 908
530 788
150 497
607 858
553 461
597 774
210 780
540 862
889 411
144 947
893 672
943 354
70 445
121 696
424 915
823 687
827 496
345 705
915 330
791 953
79 468
600 388
603 641
52 140
87 492
516 196
550 980
425 812
508 973
888 899
938 933
781 63
768 765
447 127
80 683
503 238
979 159
152 104
244 934
778 204
753 684
664 647
459 303
628 442
341 967
252 516
579 279
396 34
161 699
734 844
82 593
104 238
694 61
347 256
460 290
974 126
773 213
869 639
433 232
551 497
366 774
405 804
838 945
997 801
645 351
944 731
969 80
493 48
656 15
306 841
967 116
682 280
271 740
324 903
752 56
830 875
31 118
416 235
389 221
572 413
144 34
114 868
268 466
481 608
449 924
41 787
420 768
860 75
978 43
100 184
411 82
201 282
518 443
664 617
382 907
293 237
457 526
992 408
368 726
650 826
613 169
937 43
118 385
429 797
333 448
531 881
163 744
539 84
53 681
940 204
793 435
313 586
994 250
328 658
484 714
883 979
374 449
835 820
969 845
293 616
497 302
398 176
260 12
46 938
494 665
452 986
572 287
889 766
776 918
632 218
549 260
61 867
687 923
768 248
216 8
662 414
590 65
78 61
351 203
868 124
462 845
484 321
439 387
305 373
943 215
827 290
157 492
416 888
489 197
557 184
598 705
771 220
633 541
744 849
325 984
181 964
637 787
526 17
742 76
643 184
474 686
178 822
711 983
532 946
131 552
257 90
662 81
974 380
581 295
631 70
35 258
46 164
181 24
453 924
108 923
961 96
919 934
918 140
438 982
886 802
244 569
3 495
876 906
201 977
48 809
68 184
348 435
459 466
390 529
805 912
361 499
433 766
258 632
966 703
858 697
618 852
347 102
361 973
951 223
385 914
99 351
138 453
919 447
329 597
862 309
160 486
604 575
207 594
297 863
912 173
25 155
610 530
504 372
948 971
885 807
510 333
138 984
784 648
597 57
718 465
951 459
386 879
825 907
770 593
118 474
982 682
565 495
220 592
563 69
228 168
853 800
137 738
386 343
400 921
738 335
147 470
701 41
948 533
479 526
1 71
753 597
93 983
927 318
739 313
833 842
642 967
57 38
381 779
52 795
131 133
603 142
183 278
811 657
183 132
203 642
240 536
519 308
979 333
998 446
640 70
390 831
869 283
414 447
243 602
735 819
961 726
4 690
347 145
629 167
810 531
67 184
844 402
735 939
737 823
246 85
916 378
13 636
83 137
739 427
598 678
404 474
164 560
57 760
280 512
395 38
222 90
844 462
401 418
594 931
16 491
869 840
476 284
421 882
661 911
590 512
338 260
820 346
107 854
366 229
267 387
829 113
928 841
259 673
604 681
172 853
693 620
256 41
275 169
81 677
541 937
197 23
369 879
733 17
246 828
215 452
565 865
706 396
421 493
175 965
819 25
997 347
741 512
34 253
282 16
953 467
490 823
702 150
519 211
40 436
240 117
982 607
4 805
651 40
6 425
803 826
525 825
689 152
406 266
283 75
542 40
864 588
91 384
948 918
706 610
80 988
947 946
104 414
455 303
81 755
581 461
638 884
36 106
725 679
107 794
187 360
948 1
738 51
321 39
2 686
26 28
326 82
848 973
277 430
185 303
116 358
594 766
225 106
138 982
777 302
662 245
598 316
719 610
650 336
22 40
420 4
86 48
374 747
177 934
590 651
361 715
833 706
165 955
937 58
360 303
900 66
382 374
985 498
835 101
142 987
991 209
610 914
661 429
715 984
635 191
906 305
364 996
951 739
150 881
536 240
307 862
237 436
286 689
143 574
913 121
683 637
551 904
685 293
277 565
756 400
58 264
260 14
753 774
7 563
803 255
118 543
331 462
504 707
281 617
91 647
284 194
450 774
67 187
752 135
887 696
960 860
874 297
423 220
135 980
235 430
325 290
753 353
412 656
274 257
256 693
239 717
491 892
79 689
176 910
606 832
692 416
