1000 24
897 884
663 657
915 921
870 873
751 750
554 543
947 960
69 56
661 672
630 626
432 424
231 225
949 943
953 963
967 977
32 17
509 495
907 911
666 673
475 486
521 534
233 243
109 108
441 444
982 979
387 395
817 810
199 204
943 950
85 92
931 916
127 121
517 531
217 225
515 500
953 963
74 73
208 212
193 188
307 295
777 764
943 935
664 674
713 722
350 342
870 883
620 610
722 714
384 371
25 32
633 633
288 299
868 854
243 251
202 205
238 253
948 952
927 939
27 41
572 584
143 158
10 7
144 158
604 596
673 673
779 764
959 957
717 725
620 613
242 247
567 560
506 503
365 369
481 473
778 785
473 478
200 208
36 46
216 217
224 228
622 633
899 909
127 125
113 116
634 649
273 270
539 547
69 55
917 928
352 364
308 300
616 608
309 307
204 208
645 659
119 131
135 145
552 537
691 682
713 720
725 732
231 227
471 480
225 235
555 557
436 424
755 743
75 82
409 403
294 293
411 411
25 10
487 501
161 159
299 297
856 847
565 556
346 349
740 750
777 776
501 515
862 848
969 981
673 674
920 935
488 483
732 722
229 236
795 785
751 740
969 958
823 831
399 409
923 913
93 96
138 150
617 607
851 851
289 293
21 8
844 856
540 554
375 378
149 138
864 869
968 963
563 565
719 704
665 659
453 465
46 55
705 700
943 947
954 965
433 441
441 448
836 828
207 211
455 447
85 89
312 327
504 505
902 916
838 846
570 575
678 665
587 581
984 977
939 930
763 749
969 955
355 353
538 533
721 708
622 630
664 658
916 918
161 149
447 439
386 390
995 994
338 330
799 786
464 467
316 320
815 800
784 776
794 805
732 732
19 34
674 675
992 1005
555 570
761 759
857 866
724 739
915 922
138 149
88 95
804 817
830 844
393 405
790 785
640 646
55 59
581 596
46 56
23 10
432 441
308 319
283 286
494 501
446 432
912 897
235 247
994 980
689 695
384 399
926 929
706 713
388 379
414 406
566 567
388 395
222 232
287 297
728 723
408 412
766 781
412 399
742 739
123 128
497 512
262 248
237 227
109 113
609 606
60 54
314 302
877 866
497 495
746 739
650 646
104 94
180 179
121 111
627 619
705 717
105 99
253 257
288 291
319 325
590 576
128 140
533 544
145 160
522 533
960 947
750 737
940 941
286 281
204 196
658 654
742 746
229 243
457 471
62 58
119 120
509 509
909 906
605 600
424 429
297 297
651 646
802 812
682 696
4 2
705 706
148 138
130 125
147 140
247 250
717 729
214 226
317 315
268 273
529 531
401 412
77 89
578 577
995 1010
319 326
500 499
367 353
529 523
378 383
437 439
590 576
695 688
380 387
631 619
991 987
45 47
690 693
149 144
706 693
234 231
848 850
754 768
734 731
417 428
312 318
89 80
361 371
58 59
501 488
94 102
553 544
588 592
965 973
216 227
234 222
49 51
536 522
2 0
791 796
383 378
977 974
709 723
609 620
432 434
160 147
306 301
369 373
308 323
984 991
358 347
679 665
5 1
266 254
839 834
130 125
864 849
47 35
798 808
692 687
823 834
460 462
917 920
729 714
867 864
103 98
284 283
336 325
350 345
0 0
364 377
764 757
589 579
154 162
524 517
969 961
51 48
182 172
962 972
547 549
976 986
407 411
136 127
901 916
403 414
28 14
383 384
700 702
660 666
360 362
54 49
884 899
463 461
778 785
329 321
608 603
31 16
918 909
815 818
7 10
73 61
338 325
884 898
430 422
245 256
80 78
176 175
109 120
383 383
418 432
269 273
371 376
745 734
468 475
461 473
131 117
567 579
344 345
860 863
995 990
620 619
109 109
392 381
789 793
809 815
193 185
937 945
731 742
205 211
947 947
379 389
554 555
252 254
397 396
376 383
922 920
819 822
793 808
953 941
692 683
493 480
545 530
153 149
817 821
827 825
729 731
195 197
856 868
885 900
264 252
349 338
258 268
569 566
85 79
338 332
637 631
718 733
614 602
810 799
581 575
899 908
548 554
298 308
247 244
10 22
445 443
50 65
232 236
459 473
142 155
150 147
980 979
665 662
739 741
729 721
112 127
688 693
428 421
417 408
522 514
538 524
138 153
375 386
208 203
744 744
335 348
833 828
115 105
614 624
973 962
232 232
677 690
450 458
906 907
132 139
646 658
101 94
259 267
859 857
663 672
521 512
851 858
666 679
556 545
525 524
329 335
318 312
677 663
463 470
987 998
717 707
969 957
770 771
998 998
399 409
937 944
364 376
330 332
459 449
15 16
767 779
94 95
702 710
558 547
59 44
816 824
531 534
298 300
14 19
283 297
310 305
38 38
361 347
57 72
607 611
156 163
769 772
165 167
726 731
693 699
621 623
266 275
295 287
806 797
213 208
428 420
662 669
550 559
539 544
547 558
384 374
226 230
658 665
328 315
818 828
169 184
883 870
945 944
352 364
840 827
193 200
793 802
439 454
582 569
655 649
829 838
184 179
896 888
798 799
578 572
950 964
409 412
887 897
12 7
809 814
157 168
825 830
561 572
998 988
946 939
624 631
397 407
831 828
355 341
871 863
247 235
34 35
7 0
362 371
513 527
575 585
878 886
324 322
16 4
935 932
329 341
739 730
72 59
372 378
552 550
714 710
769 754
159 150
21 10
499 501
397 390
908 919
475 482
66 68
260 266
806 792
265 280
667 658
468 477
469 457
339 344
524 528
283 277
588 595
557 564
191 189
162 163
581 567
37 32
480 493
353 351
886 888
184 172
659 654
649 650
377 392
664 676
801 810
288 284
605 605
477 481
151 136
248 263
980 972
84 85
582 578
100 85
759 750
78 79
641 651
251 263
420 410
623 616
216 227
612 608
109 113
969 956
433 418
697 701
855 852
226 219
570 584
962 963
963 956
99 102
120 106
326 336
971 960
762 749
212 216
712 701
168 161
286 297
251 245
718 715
764 764
249 243
623 632
15 14
604 613
542 530
521 517
616 630
169 181
31 25
457 453
407 413
777 782
930 939
676 690
487 489
946 950
478 485
300 303
508 506
312 298
980 967
271 265
678 687
679 694
526 530
157 156
466 478
979 986
314 299
750 755
800 814
242 238
265 271
476 483
798 791
528 528
326 315
727 722
943 954
417 431
895 896
108 113
212 210
463 475
447 459
33 18
909 918
231 228
170 162
652 651
848 859
99 109
683 686
882 892
936 932
800 809
578 565
546 538
700 705
21 35
574 576
747 740
682 672
361 368
38 43
172 182
897 911
764 761
801 809
911 924
297 312
922 936
324 339
370 371
829 819
523 508
446 438
238 224
953 960
332 338
317 326
229 239
480 468
499 490
991 990
371 382
473 476
868 864
465 478
173 159
630 622
49 58
320 308
556 565
591 589
617 607
96 107
178 188
544 533
210 216
439 424
176 187
227 222
62 50
635 621
339 330
285 270
45 48
380 387
582 595
193 200
583 577
398 411
866 866
791 776
829 830
10 15
847 850
403 404
633 620
850 855
656 662
65 56
92 100
7 7
120 105
578 583
842 848
168 164
622 624
489 480
246 241
809 806
792 798
707 705
603 598
454 468
692 698
16 7
668 653
163 177
576 586
547 540
421 407
183 186
731 743
494 496
228 231
423 408
868 876
151 162
688 684
786 772
477 487
221 217
826 837
638 647
829 838
877 866
253 253
293 287
437 435
314 313
795 803
39 27
220 228
839 841
147 153
640 628
429 436
122 114
949 955
714 705
297 310
28 18
707 722
240 245
813 807
515 511
644 644
624 623
448 444
124 119
794 793
572 569
330 340
182 190
806 807
58 68
543 535
358 365
112 106
748 753
505 504
885 887
169 165
717 705
678 690
564 570
957 965
47 46
182 186
919 932
182 173
796 795
767 770
976 979
105 104
156 155
691 680
815 822
904 916
181 170
725 716
406 391
586 596
322 321
386 391
461 462
922 937
646 635
764 750
569 567
51 64
535 531
119 125
307 304
234 245
309 301
586 579
993 1007
872 875
998 997
260 266
179 193
421 432
224 215
152 161
758 754
222 216
649 651
347 353
69 68
797 797
892 893
798 807
260 269
905 912
282 284
70 59
52 67
343 345
28 39
125 128
50 60
783 792
393 402
8 3
415 430
194 207
540 538
896 905
15 0
411 405
319 328
815 801
324 319
703 712
5 14
842 834
527 517
458 473
459 457
736 724
623 636
533 542
626 629
669 667
583 598
643 631
618 604
329 326
968 971
999 996
212 212
380 393
171 176
13 15
657 672
209 207
383 387
149 138
876 882
3 13
954 944
66 60
457 471
867 866
780 791
399 408
411 411
85 99
971 969
917 906
199 190
613 604
572 576
943 958
636 645
261 272
946 948
515 500
75 82
181 194
952 945
201 214
65 57
650 658
736 730
16 29
45 38
221 212
96 92
419 408
815 825
676 661
359 374
869 875
926 924
995 988
687 676
594 588
834 847
140 152
164 172
857 860
491 503
180 192
594 604
672 667
631 642
875 884
540 536
129 129
499 512
696 692
672 682
291 284
240 243
428 435
940 953
318 311
715 729
371 386
449 437
72 62
744 746
775 783
396 392
102 106
733 746
433 426
145 146
616 610
508 512
494 489
682 673
584 575
663 670
411 420
702 697
897 902
135 145
730 739
280 282
778 775
687 677
475 462
640 628
570 577
839 833
948 939
876 879
623 626
191 192
4 0
870 862
340 347
925 912
888 877
607 615
275 290
581 569
479 481
545 542
369 378
465 458
610 596
906 902
585 573
619 632
992 998
842 852
198 184
107 117
676 675
456 459
713 713
405 403
259 267
945 938
687 683
3 3
104 96
234 219
359 364
630 626
47 60
388 394
943 928
36 51
266 253
275 284
882 873
228 228
983 996
475 474
936 925
319 321
91 98
81 84
110 105
154 159
887 874
107 93
742 754
154 152
987 989
44 41
461 455
364 367
447 449
114 111
21 34
776 791
42 41
915 929
625 624
662 675
316 330
695 695
264 276
771 776
630 617
122 108
440 453
536 536
677 681
623 610
140 148
162 148
960 960
335 347
500 501
802 797
119 124
579 571
698 705
988 998
517 528
419 407
948 946
197 186
310 306
675 677
923 913
632 623
619 620
173 174
670 680
640 638
472 477
877 888
273 270
850 837
327 326
452 463
929 934
900 914
822 810
41 26
469 455
982 992
346 337
912 911
483 473
509 507
827 825
830 818
956 970
242 256
654 646
559 551
49 56
823 831
91 95
969 984
891 901
1 0
163 151
957 942
521 514
953 967
557 562
800 799
168 155
150 162
441 429
406 394
873 865
714 715
799 797
525 521
691 683
279 269
495 505
500 499
406 407
716 723
941 933
830 836
263 261
283 287
689 693
547 539
624 624
880 884
648 638
465 451
988 981
545 549
332 324
852 837
203 197
54 67
789 797
957 969
864 851
108 113
634 622
173 172
268 270
33 28
162 175
960 945
946 945
986 972
903 905
721 718
110 115
954 949
12 22
303 302
208 211
486 485
771 782
805 793
64 78
661 646
41 48
729 744
479 480
618 628
257 243
841 853
466 465
619 634
763 759
707 693
39 37
166 166
205 202
554 558
513 527
848 837
189 190
246 255
645 633
403 388
555 563
623 627
745 759
204 199
869 883
480 470
808 819
423 428
321 312
635 635
897 906
445 454
61 66
458 450
555 541
314 322
459 474
187 198
531 542
64 56
654 654
13 3
894 908
828 826
118 133
106 99
947 946
157 142
242 241
771 780
829 824
963 950
22 30
844 836
542 557
307 304
805 810
659 665
461 454
619 626
303 316
650 664
628 640
963 962
422 411
19 26
820 826
244 251
485 490
748 733
702 695
223 208
80 93
911 911
75 83
824 819
960 948
333 319
281 272
811 803
382 386
659 667
517 523
749 753
697 693
29 43
609 624
258 259
192 197
582 595
405 394
349 362
584 585
306 293
330 325
272 257
653 644
971 961
540 528
173 162
922 920
988 973
159 144
924 913
768 767
970 981
616 608
243 249
354 359
769 767
371 386
454 467
677 663
547 560
850 861
158 159
274 262
7 9
745 760
785 788
789 795
391 403
780 772
957 960
535 525
523 533
119 113
283 272
107 115
718 715
902 888
81 89
375 371
611 600
371 384
338 342
856 845
269 269
67 80
123 113
304 290
213 198
328 333
276 279
679 668
744 754
576 586
111 101
617 626
776 774
822 807
852 844
547 546
667 665
699 707
568 560
141 140
130 118
631 624
608 602
754 757
596 594
233 238
985 983
781 794
542 529
579 589
987 1000
867 881
92 92
149 159
273 272
795 807
463 455
514 504
440 439
479 482
302 287
96 96
914 918
401 392
538 529
554 567
459 452
883 880
691 691
917 914
674 671
719 717
842 840
264 251
854 845
23 32
807 818
797 797
54 55
881 866
531 537
469 478
208 212
247 249
385 379
215 200
580 570
253 243
521 534
408 405
613 624
884 875
256 248
494 479
584 579
254 250
163 174
458 469
75 65
975 976
221 213
576 561
125 137
575 588
698 694
374 381
472 466
84 92
996 999
742 733
657 665
695 707
71 76
896 909
211 199
311 301
413 425
586 592
420 414
537 532
850 857
134 141
226 211
754 753
500 489
802 798
844 833
682 677
355 369
413 413
801 805
352 344
315 321
105 93
452 449
558 558
610 611
976 961
262 263
410 425
578 593
271 268
414 417
337 348
883 896
688 688
179 190
955 970
979 980
934 931
407 408
86 101
184 199
206 206
497 492
560 546
533 539
850 846
489 475
69 75
642 638
113 111
150 159
21 28
481 478
264 256
800 814
258 271
117 102
135 130
786 792
393 393
231 237
619 622
783 798
446 452
797 793
951 951
980 978
780 778
280 273
701 708
99 105
120 107
129 142
534 548
303 310
586 599
523 513
607 594
245 251
84 80
317 325
694 682
360 345
110 123
224 210
424 421
123 111
244 239
504 514
871 874
410 413
45 55
15 27
592 601
410 411
656 656
712 725
728 724
529 544
416 404
2 14
781 785
88 102
82 94
859 849
751 741
763 774
556 551
802 809
392 383
177 167
996 994
102 92
665 650
915 901
89 76
273 275
394 402
599 602
954 943
782 797
81 78
854 843
28 27
137 145
573 588
172 167
907 921
293 281
611 612
5 18
477 488
923 915
344 355
52 43
981 982
707 698
84 98
51 54
570 557
589 576
855 846
64 57
740 749
39 53
270 267
52 63
675 669
324 331
497 509
669 656
915 930
245 237
291 291
815 807
838 826
357 354
518 521
512 507
483 496
610 614
949 937
206 203
341 340
348 347
610 596
21 25
98 104
876 887
916 922
603 604
448 444
503 516
437 436
929 920
568 566
379 382
905 896
493 504
819 807
436 447
211 216
307 293
429 424
51 45
227 239
803 807
318 321
346 334
26 31
28 21
518 504
463 464
696 705
21 31
502 504
649 660
620 608
727 724
491 495
98 93
136 134
99 104
911 908
561 546
425 410
884 873
701 688
71 63
361 376
969 970
254 257
633 636
630 618
627 614
842 845
193 184
330 323
784 799
441 442
532 537
991 981
514 513
820 816
147 159
29 32
749 757
439 445
862 870
446 439
543 543
919 906
618 628
732 729
844 858
803 809
744 739
848 841
840 855
195 192
202 215
455 446
509 524
37 48
316 321
213 211
123 134
300 304
735 744
847 845
262 272
659 650
798 808
969 980
528 516
977 980
390 377
386 389
31 33
974 982
611 611
910 902
25 31
180 195
947 955
691 678
383 377
568 574
209 217
523 534
703 707
821 830
636 621
696 702
335 342
718 725
562 566
34 33
191 196
51 54
594 600
700 714
796 808
510 496
510 524
96 91
237 225
10 1
828 825
245 251
81 76
463 456
945 936
935 921
711 699
979 970
81 74
635 640
3 8
235 240
883 881
79 69
600 588
347 352
500 490
945 947
260 263
577 571
905 906
46 48
850 862
626 620
760 771
513 502
464 465
277 262
80 89
820 818
799 796
813 805
816 807
233 247
518 519
634 634
26 26
96 99
57 63
864 862
688 696
580 592
125 119
204 194
919 933
942 952
896 898
369 379
866 873
788 788
116 130
512 503
454 468
723 728
34 37
32 20
964 965
579 580
175 185
999 1009
160 153
164 149
48 47
120 119
840 838
3 0
35 48
451 457
827 818
705 704
761 755
936 922
702 702
518 522
651 644
323 337
810 821
571 563
725 729
125 124
304 307
873 868
347 336
180 175
498 490
388 374
623 615
688 682
544 547
555 570
428 420
711 704
70 78
450 446
678 664
712 706
408 406
673 660
262 261
634 645
91 79
76 66
698 709
744 729
675 671
143 135
881 891
695 699
841 850
450 460
424 431
854 851
452 456
644 650
86 95
530 536
300 294
596 585
723 717
945 946
695 681
206 194
999 987
584 578
750 755
64 67
901 893
63 63
799 794
771 782
985 987
766 779
260 255
988 1001
758 747
85 74
78 67
734 748
545 557
269 254
704 700
823 832
605 603
310 304
946 940
993 1005
735 738
921 925
826 834
330 330
898 910
390 404
411 418
53 42
794 781
605 620
361 364
456 468
18 33
74 83
848 838
248 234
530 524
930 936
782 770
293 304
379 384
9 21
863 865
100 110
89 74
859 872
189 191
768 769
82 92
524 533
613 623
217 225
645 642
852 839
463 461
811 806
884 885
337 331
587 576
756 761
846 859
831 834
931 925
595 609
146 141
999 985
947 946
255 243
67 55
723 714
957 971
77 79
59 65
941 944
204 217
26 39
666 674
790 779
161 164
315 302
560 566
770 783
235 248
451 463
486 474
185 184
412 413
637 636
28 38
821 834
629 619
987 984
57 51
596 607
218 218
877 882
930 916
285 279
26 26
467 477
614 603
659 661
618 610
202 210
580 565
231 233
871 869
208 194
51 46
499 498
68 76
47 33
377 380
163 164
772 770
619 622
987 988
117 105
631 622
604 609
342 341
124 119
110 95
847 847
137 125
783 774
75 60
555 553
867 865
559 563
52 43
