1001 4
669 970
796 14
586 554
370 602
666 457
391 871
500 649
991 659
364 624
5 399
645 837
703 412
627 972
164 973
510 833
492 126
832 869
422 288
890 417
564 482
42 245
895 955
304 233
857 575
974 358
885 552
655 309
280 588
560 281
804 134
261 760
318 295
273 92
199 430
913 854
98 454
98 645
878 683
258 92
451 424
977 922
230 25
613 631
602 510
335 864
313 405
390 596
378 632
61 354
207 267
411 974
309 996
679 510
602 186
611 937
858 743
769 277
908 88
288 71
935 199
604 623
909 939
570 684
728 977
244 631
295 935
621 655
855 604
480 299
926 147
890 781
57 473
251 348
110 655
854 230
853 735
673 147
522 452
428 242
874 249
875 362
708 168
462 495
484 562
399 942
413 99
572 980
327 470
816 514
744 127
863 669
507 286
738 535
778 28
277 857
218 341
509 151
336 616
869 661
292 820
609 267
246 705
866 872
385 264
391 681
39 819
104 253
479 546
264 533
389 256
597 542
383 297
604 796
146 410
920 472
429 438
143 529
400 366
630 699
69 785
603 711
655 108
345 397
930 133
79 609
841 8
997 366
852 915
324 600
71 998
435 243
772 500
866 268
657 862
336 185
587 726
525 939
26 241
64 870
168 956
655 834
890 700
614 651
250 741
738 628
871 321
511 863
822 333
194 377
252 168
895 531
159 839
770 109
979 185
832 834
357 837
536 486
136 246
987 840
467 386
397 414
968 28
361 908
975 479
647 555
776 227
65 231
340 936
811 836
359 8
846 642
818 717
653 71
912 954
29 640
744 68
96 426
24 711
189 457
703 999
916 527
758 478
103 982
507 98
797 915
556 866
272 642
404 374
17 926
255 315
73 738
854 999
710 170
317 878
567 589
806 19
188 482
153 254
42 291
205 660
216 839
481 452
516 488
413 885
890 533
270 668
357 963
823 124
692 757
35 140
159 258
431 842
95 347
639 584
244 137
666 534
986 460
638 146
721 191
725 742
409 300
954 685
499 766
522 776
916 882
830 558
89 766
112 260
535 875
11 441
666 469
929 677
514 651
843 256
998 925
916 257
632 97
553 869
334 822
703 75
323 941
706 532
483 102
977 508
950 17
486 678
44 615
956 104
360 248
173 488
745 358
455 779
337 67
889 7
773 671
611 591
813 786
888 6
515 295
312 554
231 154
459 798
902 276
524 414
593 262
310 387
165 27
94 455
152 192
864 983
263 926
401 164
171 76
371 980
533 686
530 684
171 765
731 989
402 73
25 254
332 995
22 25
480 497
690 807
790 322
247 243
97 743
819 339
318 268
644 881
564 541
996 173
161 425
188 726
981 254
939 213
929 312
499 651
458 98
421 879
812 938
370 358
697 910
177 189
69 705
246 512
375 323
438 241
658 227
481 627
530 638
640 109
451 459
557 829
398 599
536 978
336 209
118 906
785 32
428 987
188 544
557 674
605 563
790 686
312 262
590 961
70 842
300 920
749 211
810 548
525 146
45 345
941 861
584 164
841 416
650 702
375 28
591 898
583 670
623 381
31 895
426 212
823 101
312 727
274 571
407 812
847 489
40 452
306 788
894 314
15 146
174 233
130 80
750 766
837 713
297 62
966 868
660 724
140 788
48 662
474 104
593 455
597 320
798 323
637 594
740 381
615 652
732 915
370 745
148 172
234 206
764 135
859 199
987 113
776 999
102 34
179 940
259 386
709 467
60 748
128 346
688 800
404 743
178 420
592 774
670 16
151 826
25 124
237 10
699 702
427 12
952 492
568 606
763 902
649 276
312 823
313 467
901 0
110 717
181 78
785 702
217 541
355 936
636 933
635 593
295 335
517 61
357 938
839 84
50 120
943 177
644 53
53 946
353 544
312 854
555 534
765 96
723 462
395 120
713 358
383 29
781 698
635 900
984 137
257 163
340 34
87 891
836 675
909 831
374 188
412 912
698 619
80 868
988 420
779 475
194 390
778 161
752 975
112 413
576 735
459 59
640 607
972 236
757 476
354 570
171 130
749 457
14 870
980 830
995 692
772 448
300 189
854 549
962 51
786 656
716 228
525 936
171 355
521 186
446 929
749 566
713 618
177 498
17 727
418 156
605 11
891 189
738 595
646 745
400 390
308 431
56 806
852 833
709 228
847 62
628 845
462 285
783 340
66 329
176 800
502 174
363 471
65 392
827 101
181 711
832 918
413 489
11 889
807 264
327 720
564 653
628 645
676 717
736 411
901 432
607 912
382 92
485 660
451 447
848 1
919 632
120 680
568 332
286 131
541 374
717 303
639 796
202 344
445 314
746 938
540 36
128 42
703 922
59 303
305 153
786 907
586 914
936 596
418 844
217 913
215 959
444 624
659 854
858 336
274 794
830 294
336 814
425 959
952 38
883 484
391 947
861 358
954 667
511 486
398 371
20 418
733 304
848 154
491 81
875 706
1000 455
268 395
43 25
755 383
558 995
942 637
995 639
305 492
668 948
9 506
925 757
60 720
874 347
428 598
994 364
819 993
387 683
709 777
851 430
425 463
790 408
46 56
238 784
421 351
548 906
662 430
149 472
509 412
701 714
77 627
619 694
377 587
53 6
126 776
929 904
1 241
297 718
501 47
89 535
131 612
733 637
799 483
896 572
285 307
934 596
980 53
330 552
248 356
822 383
978 375
616 750
467 979
717 604
829 658
270 806
442 960
443 693
264 240
547 28
624 240
293 170
722 293
340 313
386 661
35 161
912 363
32 341
945 68
417 749
244 774
423 377
69 686
926 866
894 23
263 162
332 207
191 246
559 744
404 531
692 946
999 129
161 293
52 721
159 105
569 469
846 403
88 993
548 915
628 704
556 132
339 892
137 888
322 220
751 387
332 416
546 443
426 20
432 397
502 478
637 591
995 762
754 482
86 773
167 301
433 715
606 723
301 463
683 433
820 623
38 124
257 842
553 274
671 683
852 985
265 864
625 488
971 950
723 68
59 747
461 580
302 183
646 757
881 293
916 18
142 390
232 645
919 399
773 475
149 280
834 624
802 414
364 148
216 462
209 777
356 275
148 360
117 348
642 794
503 998
387 247
892 335
735 309
474 501
781 197
511 623
37 614
762 312
775 401
868 668
633 984
343 223
261 782
265 150
838 593
841 768
794 916
915 732
923 528
415 389
11 703
6 926
237 739
830 458
125 11
685 697
610 449
230 719
559 872
154 185
644 397
312 995
417 437
655 917
305 339
733 69
995 7
746 739
888 922
934 266
653 12
151 308
26 263
825 71
257 276
673 979
664 901
337 675
591 771
109 992
751 897
594 532
271 745
356 29
295 849
551 980
288 949
902 703
774 4
280 726
394 30
931 643
317 748
518 958
639 909
495 628
850 389
824 779
808 811
659 180
159 103
742 210
913 137
833 643
58 686
407 112
756 142
891 337
986 763
361 408
726 624
13 546
324 266
76 527
707 132
235 736
946 557
384 667
1000 858
233 216
329 748
890 640
668 775
537 470
569 653
276 589
134 985
250 980
507 459
591 327
62 904
150 516
182 7
555 535
751 872
619 788
428 770
544 508
669 786
438 772
50 237
221 404
384 184
643 472
799 581
174 924
439 551
248 325
550 311
873 803
280 300
70 491
690 398
183 304
766 358
285 621
25 816
691 506
668 99
370 23
948 156
707 544
559 76
78 955
447 108
409 951
442 728
816 169
163 822
870 1000
310 930
435 154
350 25
124 816
840 18
865 494
729 787
863 572
216 287
396 631
582 354
772 495
664 714
535 587
586 827
446 404
558 587
612 572
387 908
616 737
921 226
703 481
743 649
627 256
887 649
2 22
517 468
872 774
51 871
387 406
500 327
914 834
95 748
656 526
953 172
89 962
442 563
903 792
738 875
524 529
551 315
473 526
991 758
628 345
751 41
368 14
538 251
999 973
498 323
496 344
997 140
703 585
66 128
3 605
133 495
810 527
743 374
822 282
627 733
464 449
154 68
9 523
495 382
396 698
42 683
823 892
166 729
857 215
821 923
417 860
386 644
709 917
199 820
552 530
670 826
894 707
229 514
896 903
291 724
406 982
563 23
752 919
133 419
342 608
158 954
288 449
366 234
53 997
216 255
80 606
2 886
399 665
257 231
645 986
967 548
571 50
659 530
949 322
621 792
436 981
120 779
12 724
410 176
431 66
362 626
512 201
556 364
285 601
276 814
51 930
670 243
463 313
325 328
119 101
82 946
414 245
659 893
68 427
183 68
695 189
390 235
599 897
187 947
450 884
503 464
397 191
504 172
500 860
961 520
465 309
555 733
315 570
687 213
282 383
572 870
104 667
253 653
289 393
967 130
594 429
620 469
641 991
540 815
334 831
139 501
924 489
58 384
598 239
312 745
304 570
927 575
918 408
491 870
1000 206
635 457
926 594
274 254
68 256
86 815
5 92
582 917
300 929
858 640
75 588
157 861
435 379
788 774
643 42
248 278
426 643
927 573
517 41
298 200
14 276
368 74
681 19
639 950
280 982
569 186
46 355
734 417
190 171
213 211
180 834
166 151
724 606
647 92
983 241
517 635
710 998
707 885
525 80
61 35
222 805
850 321
738 959
130 583
485 618
141 33
185 665
270 307
89 599
840 607
242 72
760 46
622 642
722 466
192 837
641 474
795 414
62 490
763 222
530 192
917 247
602 672
669 101
390 562
169 759
831 230
967 101
433 590
746 278
114 845
318 628
41 445
625 803
715 104
987 388
325 936
607 903
694 928
179 275
724 84
4 38
139 554
834 661
940 262
107 270
898 744
189 115
609 630
424 814
892 323
258 100
3 908
525 555
521 387
161 704
743 244
799 165
517 572
835 322
592 456
199 632
747 180
810 78
893 355
369 924
23 474
71 627
873 717
104 596
991 393
637 265
121 733
995 125
448 638
784 829
460 730
910 983
752 898
252 409
332 334
808 621
939 356
72 570
165 811
894 867
132 155
578 530
346 944
271 573
91 794
213 54
727 552
449 814
222 478
812 391
12 555
601 310
880 641
141 673
540 735
891 34
254 362
996 158
421 600
83 266
320 513
755 297
801 737
215 894
284 22
267 26
26 987
627 868
541 906
641 768
492 771
823 221
69 747
36 818
83 491
3 120
107 93
830 758
341 908
620 735
452 625
612 888
755 478
74 929
387 986
756 405
316 569
315 268
85 385
876 352
162 859
642 569
16 960
867 472
206 357
983 486
63 348
827 284
903 819
494 901
996 980
549 941
208 311
696 554
596 985
843 262
831 758
717 175
337 848
895 273
450 233
582 567
541 203
21 408
999 444
423 206
146 994
304 662
216 354
338 690
952 812
260 872
46 473
10 667
941 383
616 905
472 80
283 888
295 12
146 996
201 984
977 260
922 347
391 971
351 828
640 420
291 302
465 590
256 27
100 165
70 887
967 406
294 232
935 941
626 279
263 81
31 827
864 930
901 643
471 254
364 251
243 801
390 345
372 399
564 646
223 162
259 324
556 880
820 243
522 491
262 445
962 475
405 293
936 825
770 996
246 96
897 133
169 179
268 977
313 541
394 833
156 536
415 343
586 403
584 926
60 107
273 846
829 713
227 678
673 454
241 997
821 609
478 137
114 990
220 747
579 427
653 304
647 425
828 758
683 232
30 411
947 434
146 994
671 465
610 373
60 33
642 851
678 571
250 119
556 482
599 470
465 825
250 251
9 111
34 768
179 382
506 755
748 816
281 652
716 108
141 581
431 466
36 783
592 799
281 286
446 148
973 880
822 911
713 913
681 521
903 437
191 860
365 99
751 629
737 336
917 156
622 878
660 37
837 658
634 942
780 117
687 80
681 753
355 508
719 393
520 35
585 312
411 711
339 951
286 852
8 766
643 894
931 630
979 993
935 457
264 302
382 714
156 642
840 754
837 512
237 559
871 357
758 823
773 281
132 788
553 749
332 831
461 196
188 954
410 129
431 813
217 365
6 504
257 63
265 846
404 784
140 503
325 965
245 899
686 788
226 68
899 238
124 559
512 49
178 3
816 612
977 300
494 723
787 983
519 751
224 742
244 923
888 365
954 259
46 823
891 329
257 273
522 480
529 382
385 724
335 398
698 891
614 312
985 882
632 90
832 503
116 546
601 76
335 694
516 554
573 72
345 97
577 831
212 557
280 796
193 287
177 615
617 581
462 481
571 292
485 784
330 403
479 291
985 621
175 504
576 191
979 748
268 611
167 555
40 170
457 137
443 925
505 325
806 750
41 658
131 377
470 217
508 151
773 949
142 493
374 638
75 719
19 352
597 344
514 187
324 637
561 662
677 457
207 757
104 482
549 248
155 926
77 18
657 664
847 540
177 800
208 220
572 943
286 227
104 859
495 491
843 119
576 747
193 519
691 783
722 297
913 240
258 877
230 990
219 606
405 76
987 396
339 613
530 248
106 315
496 635
754 292
38 338
547 329
112 922
218 238
478 524
400 821
811 426
31 631
397 29
116 126
429 384
632 145
150 960
594 429
721 647
675 347
366 449
370 222
150 168
692 278
98 318
744 92
413 599
629 466
592 810
193 435
580 21
671 516
945 730
66 264
301 355
804 742
654 667
836 173
141 804
121 217
309 239
839 555
711 722
222 157
592 303
14 105
621 862
281 685
639 255
300 348
780 940
296 103
967 123
617 822
39 107
37 428
673 38
451 876
723 384
687 673
778 314
866 391
766 89
34 146
184 404
33 335
128 654
467 329
842 786
583 83
201 571
609 620
185 875
258 750
422 908
912 635
716 891
670 777
614 481
885 394
419 488
142 918
937 548
333 609
383 778
348 606
917 584
148 648
397 101
700 406
731 510
90 301
769 446
927 760
844 382
560 501
108 263
811 702
1 45
513 834
129 384
658 552
199 45
147 807
903 286
796 537
528 634
770 576
25 296
368 387
578 870
132 929
320 687
732 633
156 321
395 935
486 285
331 53
550 375
662 168
395 142
776 147
724 923
219 236
313 749
618 587
205 891
577 440
72 526
537 999
934 228
204 933
676 109
485 535
393 916
57 837
984 788
710 524
760 397
146 619
897 72
653 454
895 101
317 230
919 657
576 855
787 542
342 780
4 152
67 827
353 397
184 124
648 26
424 584
203 97
860 260
714 99
200 513
433 298
956 208
62 41
584 531
310 539
691 926
442 314
401 448
572 795
821 585
859 911
7 935
194 61
851 558
70 909
897 51
950 193
234 852
72 11
550 818
433 382
386 931
378 875
359 477
752 640
550 871
805 611
672 248
806 1000
598 523
264 566
759 494
36 213
915 683
191 108
181 464
394 624
189 257
735 462
101 548
108 486
96 342
280 914
603 459
672 85
341 891
74 936
839 790
472 801
910 753
907 663
978 781
37 991
452 166
404 462
949 243
585 513
116 735
193 865
640 409
990 865
490 671
460 754
555 18
461 623
976 154
935 367
47 643
809 662
124 189
433 904
106 763
497 708
263 913
11 381
936 593
264 0
754 426
134 414
727 999
152 596
653 703
345 777
439 391
580 845
438 253
15 703
411 544
456 202
583 364
957 157
157 519
635 220
325 601
600 769
54 51
444 752
219 398
789 480
324 658
601 368
71 762
996 616
818 172
536 141
298 401
610 182
93 145
746 244
703 418
159 345
788 758
155 604
83 6
354 634
1 97
549 955
260 763
625 544
375 77
168 160
343 673
818 468
712 436
544 253
599 415
863 703
306 76
773 708
341 79
176 126
771 32
796 725
959 30
798 110
271 333
696 967
434 304
430 203
457 837
942 664
366 746
512 804
511 363
442 284
100 852
574 309
724 871
901 369
170 683
706 388
354 131
435 92
986 479
315 555
218 132
878 256
750 584
637 79
363 260
802 79
78 463
23 375
435 802
174 614
2 605
736 571
353 46
525 861
105 338
161 530
476 323
597 38
809 916
175 234
3 171
325 667
733 772
573 38
653 167
462 438
699 345
391 888
748 51
79 607
827 853
866 240
970 994
909 152
386 778
639 775
441 79
851 964
693 173
30 114
242 35
380 182
69 941
992 461
758 507
49 70
1 585
268 915
67 971
748 176
951 143
914 386
40 82
946 454
258 733
458 667
849 500
440 838
989 609
115 121
883 747
331 165
770 884
854 599
465 837
671 291
367 106
188 584
728 407
830 824
490 987
486 978
815 29
638 617
738 494
240 753
608 310
193 261
550 378
214 737
27 14
120 575
158 85
492 999
513 577
563 12
990 2
722 48
355 495
989 359
803 93
403 919
179 410
788 287
23 729
433 693
267 742
827 244
933 116
693 8
711 445
138 255
994 391
576 860
910 349
132 254
172 712
121 225
202 351
770 910
292 917
658 202
446 559
365 174
873 69
514 57
2 584
665 652
202 687
726 240
494 111
823 858
773 666
707 634
233 976
892 476
368 525
775 239
103 505
574 139
888 976
249 778
430 580
266 914
153 322
123 992
539 647
2 636
269 2
978 709
875 503
718 559
488 934
438 492
322 591
256 11
479 900
479 506
419 599
921 746
427 573
910 43
679 657
659 603
1 639
832 326
575 877
810 549
732 62
343 938
639 744
643 289
795 117
717 121
557 905
477 327
371 675
331 76
369 740
68 990
315 371
938 900
139 890
642 437
374 561
304 675
964 703
820 947
758 449
353 226
554 5
680 520
596 925
354 10
1000 656
26 423
12 4
584 964
90 151
402 916
590 464
166 706
342 243
692 676
903 791
796 44
564 456
70 475
175 851
506 114
227 174
869 222
876 240
81 452
367 966
429 484
880 647
890 285
961 222
703 582
316 553
8 498
663 571
421 769
884 838
702 617
529 110
350 260
712 404
369 122
606 769
415 488
773 485
397 995
576 423
977 99
287 583
153 675
444 640
167 574
881 327
127 559
819 409
813 168
290 220
989 181
359 896
70 93
88 131
244 468
257 354
937 220
586 235
565 89
353 29
46 733
982 924
332 173
31 801
711 835
706 321
907 390
483 64
886 978
135 261
306 130
40 82
7 242
22 626
655 573
996 65
990 391
255 977
467 11
537 286
298 178
258 933
998 204
872 431
