10
1000 61
1 1
940358717 940358717
133364855 133364855
1 1
0 0
552876257 552876257
0 0
1 1
0 0
0 0
0 0
0 0
0 0
0 0
1 1
2 2
1 1
2 2
0 0
0 0
563641779 563641779
0 0
2 2
2 2
2 2
1 1
305873030 305873030
2 2
4 4
1 1
0 0
4 4
0 0
2 2
2 2
0 0
1 1
0 0
1 1
2 2
511394430 511394430
1 1
0 0
4 4
0 0
173028221 173028221
2 2
2 2
4 4
4 4
844023817 844023817
0 0
4 4
3 3
635265566 635265566
1 1
0 0
4 4
1 1
1 1
3 3
0 0
4 4
2 2
359595838 359595838
4 4
1 1
648471474 648471474
868454296 868454296
1 1
0 0
2 2
1 1
4 4
1 1
785136749 785136749
165554435 165554435
0 0
4 4
0 0
4 4
3 3
0 0
1 1
892709043 892709043
1 1
62804101 62804101
1 1
3 3
3 3
0 0
1 1
0 0
3 3
1 1
4 4
1 1
1 1
223466769 223466769
0 0
1 1
0 0
2 2
1 1
1 1
1 1
3 3
944188524 944188524
0 0
1 1
2 2
0 0
0 0
1 1
2 2
0 0
0 0
1 1
1 1
3 3
1 1
0 0
1 1
652723949 652723949
0 0
1 1
1 1
0 0
14551703 14551703
1 1
0 0
2 2
1 1
2 2
1 1
0 0
294450897 294450897
1 1
3 3
2 2
0 0
1 1
1 1
2 2
1 1
993267351 993267351
2 2
2 2
2 2
264022513 264022513
4 4
1 1
582983522 582983522
2 2
4 4
3 3
1 1
4 4
1 1
1 1
3 3
3 3
0 0
1 1
3 3
0 0
1 1
4 4
0 0
498330007 498330007
0 0
0 0
0 0
1 1
3 3
971135357 971135357
4 4
0 0
0 0
3 3
1 1
4 4
4 4
211192591 211192591
0 0
433388665 433388665
0 0
1 1
2 2
3 3
2 2
526901833 526901833
2 2
0 0
0 0
0 0
0 0
352619167 352619167
835305642 835305642
3 3
2 2
560367894 560367894
0 0
394545877 394545877
1 1
2 2
4 4
1 1
3 3
4 4
0 0
2 2
1 1
0 0
0 0
3 3
4 4
3 3
0 0
3 3
0 0
2 2
3 3
2 2
0 0
2 2
2 2
0 0
348054050 348054050
1 1
1 1
0 0
3 3
634085799 634085799
2 2
4 4
0 0
331878590 331878590
2 2
3 3
3 3
1 1
0 0
1 1
4 4
2 2
1 1
4 4
1 1
0 0
1 1
2 2
0 0
0 0
272509414 272509414
240030410 240030410
4 4
3 3
1 1
0 0
1 1
0 0
983808674 983808674
2 2
0 0
2 2
2 2
3 3
1 1
1 1
1 1
2 2
162170320 162170320
3 3
0 0
1 1
1 1
0 0
0 0
0 0
1 1
0 0
0 0
0 0
3 3
2 2
366170218 366170218
0 0
1 1
1 1
1 1
1 1
3 3
0 0
67075718 67075718
2 2
2 2
2 2
4 4
1 1
0 0
1 1
100733517 100733517
0 0
4 4
1 1
1 1
0 0
0 0
407061448 407061448
665422730 665422730
4 4
3 3
1 1
280463234 280463234
0 0
0 0
1 1
55726227 55726227
1 1
1 1
3 3
2 2
1 1
3 3
2 2
4 4
4 4
2 2
4 4
1 1
2 2
4 4
434206585 434206585
0 0
0 0
0 0
1 1
3 3
1 1
4 4
0 0
4 4
2 2
1 1
3 3
564025212 564025212
0 0
3 3
461879518 461879518
3 3
0 0
1 1
3 3
1 1
0 0
0 0
2 2
0 0
1 1
4 4
1 1
3 3
686218869 686218869
4 4
1 1
3 3
1 1
744929173 744929173
2 2
717090507 717090507
3 3
3 3
643733051 643733051
1 1
0 0
0 0
1 1
3 3
4 4
0 0
0 0
0 0
1 1
1 1
1 1
1 1
346514223 346514223
3 3
3 3
4 4
4 4
1 1
549964652 549964652
1 1
3 3
727732219 727732219
4 4
0 0
0 0
0 0
183948765 183948765
2 2
136780735 136780735
0 0
0 0
3 3
0 0
3 3
0 0
4 4
3 3
4 4
3 3
0 0
1 1
2 2
1 1
0 0
2 2
333821968 333821968
906304158 906304158
2 2
0 0
160146972 160146972
575860838 575860838
0 0
749233802 749233802
0 0
0 0
4 4
4 4
4 4
406990178 406990178
0 0
1 1
3 3
0 0
1 1
0 0
603962875 603962875
1 1
2 2
1 1
1 1
289472847 289472847
2 2
1 1
0 0
2 2
186212600 186212600
1 1
0 0
0 0
1 1
0 0
4 4
0 0
1 1
502846647 502846647
0 0
1 1
848534756 848534756
2 2
3 3
814613858 814613858
1 1
0 0
4 4
4 4
0 0
2 2
1 1
0 0
0 0
0 0
1 1
1 1
3 3
1 1
3 3
3 3
1 1
0 0
3 3
1 1
0 0
0 0
1 1
3 3
0 0
0 0
0 0
2 2
3 3
0 0
0 0
0 0
3 3
2 2
0 0
0 0
901930136 901930136
3 3
2 2
4 4
0 0
233979515 233979515
1 1
0 0
0 0
4 4
502040733 502040733
3 3
0 0
707470852 707470852
3 3
1 1
438323627 438323627
1 1
1 1
0 0
1 1
3 3
0 0
3 3
1 1
4 4
0 0
4 4
0 0
0 0
2 2
1 1
0 0
0 0
0 0
2 2
1 1
1 1
1 1
914549052 914549052
1 1
1 1
3 3
0 0
0 0
2 2
1 1
3 3
281651143 281651143
2 2
2 2
3 3
150781596 150781596
1 1
1 1
4 4
2 2
260237062 260237062
50884628 50884628
4 4
0 0
4 4
3 3
56669658 56669658
613975209 613975209
2 2
3 3
0 0
1 1
2 2
538095387 538095387
1 1
0 0
1 1
0 0
0 0
95448260 95448260
2 2
0 0
3 3
0 0
407559521 407559521
2 2
3 3
2 2
50684731 50684731
0 0
1 1
4 4
3 3
1 1
1 1
0 0
1 1
132039170 132039170
3 3
1 1
1 1
1 1
0 0
1 1
648244554 648244554
0 0
4 4
0 0
2 2
3 3
1 1
1 1
2 2
352846863 352846863
3 3
4 4
1 1
0 0
0 0
1 1
922019685 922019685
4 4
2 2
1 1
3 3
1 1
2 2
1 1
2 2
4 4
3 3
439764847 439764847
0 0
1 1
1 1
149564480 149564480
516643427 516643427
4 4
1 1
2 2
4 4
4 4
1 1
4 4
2 2
1 1
3 3
0 0
36508619 36508619
1 1
3 3
745705340 745705340
4 4
2 2
2 2
2 2
3 3
0 0
4 4
0 0
3 3
4 4
0 0
4 4
1 1
0 0
2 2
4 4
4 4
0 0
2 2
1 1
2 2
0 0
2 2
2 2
1 1
3 3
3 3
4 4
0 0
4 4
3 3
3 3
0 0
3 3
3 3
4 4
0 0
3 3
299007042 299007042
0 0
0 0
1 1
4 4
1 1
3 3
889753662 889753662
1 1
0 0
1 1
2 2
130923894 130923894
2 2
1 1
0 0
0 0
0 0
3 3
945517812 945517812
1 1
0 0
1 1
3 3
4 4
1 1
1 1
0 0
0 0
0 0
4 4
0 0
0 0
4 4
4 4
0 0
0 0
0 0
4 4
1 1
0 0
0 0
4 4
0 0
3 3
2 2
1 1
1 1
1 1
0 0
0 0
1 1
1 1
1 1
1 1
0 0
962587561 962587561
3 3
3 3
4 4
0 0
0 0
1 1
1 1
1 1
4 4
1 1
1 1
0 0
4 4
3 3
3 3
0 0
1 1
1 1
664789791 664789791
3 3
4 4
0 0
2 2
0 0
0 0
0 0
0 0
1 1
1 1
0 0
591112842 591112842
2 2
3 3
0 0
3 3
3 3
4 4
4 4
0 0
1 1
2 2
557797572 557797572
3 3
2 2
0 0
0 0
0 0
652388304 652388304
1 1
0 0
1 1
3 3
3 3
1 1
1 1
4 4
0 0
1 1
2 2
1 1
4 4
485990765 485990765
2 2
4 4
3 3
1 1
4 4
4 4
0 0
1 1
3 3
170592553 170592553
2 2
2 2
0 0
4 4
2 2
1 1
0 0
1 1
1 1
4 4
1 1
0 0
1 1
0 0
1 1
3 3
4 4
0 0
768520851 768520851
1 1
2 2
1 1
406826193 406826193
4 4
2 2
2 2
1 1
0 0
0 0
0 0
0 0
4 4
1 1
4 4
4 4
480590784 480590784
0 0
1 1
2 2
0 0
1 1
1 1
0 0
0 0
3 3
1 1
2 2
1 1
0 0
1 1
420993988 420993988
1 1
2 2
1 1
1 1
1 1
3 3
1 1
2 2
2 2
4 4
1 1
343475619 343475619
370086970 370086970
3 3
1 1
0 0
1 1
4 4
0 0
0 0
3 3
0 0
1 1
4 4
2 2
653799128 653799128
2 2
337701049 337701049
4 4
3 3
0 0
1 1
1 1
1 1
0 0
940259018 940259018
1 1
0 0
18767684 18767684
3 3
4 4
1 1
4 4
4 4
4 4
3 3
0 0
0 0
3 3
4 4
3 3
0 0
0 0
0 0
1 1
4 4
2 2
742824673 742824673
1 1
1 1
0 0
0 0
4 4
0 0
0 0
1 1
1 1
4 4
655764760 655764760
322187396 322187396
0 0
2 2
1 1
2 2
2 2
2 2
0 0
3 3
4 4
3 3
4 4
0 0
1 1
56219778 56219778
1 1
0 0
3 3
0 0
0 0
845718978 845718978
1 1
0 0
1 1
0 0
4 4
187897718 187897718
0 0
3 3
4 4
0 0
4 4
0 0
3 3
0 0
0 0
3 3
779516856 779516856
4 4
3 3
13443884 13443884
0 0
0 0
1 1
515396010 515396010
4 4
941153747 941153747
0 0
0 0
2 2
0 0
2 2
0 0
816310742 816310742
378389416 378389416
140817749 140817749
4 4
2 2
0 0
2 2
3 3
2 2
1000 11
4 4
2 2
1 1
0 0
1 1
1 1
993496875 993496875
0 0
2 2
1 1
4 4
1 1
2 2
0 0
0 0
4 4
0 0
2 2
3 3
0 0
4 4
0 0
1 1
0 0
1 1
0 0
0 0
1 1
4 4
1 1
0 0
3 3
795395659 795395659
0 0
2 2
1 1
1 1
1 1
3 3
1 1
2 2
1 1
3 3
0 0
1 1
1 1
0 0
0 0
1 1
4 4
0 0
69891614 69891614
462518416 462518416
0 0
0 0
4 4
4 4
2 2
231236262 231236262
0 0
436549238 436549238
0 0
833866749 833866749
2 2
0 0
0 0
3 3
226268871 226268871
2 2
934655631 934655631
2 2
1 1
4 4
1 1
2 2
3 3
0 0
281769941 281769941
4 4
1 1
0 0
0 0
4 4
0 0
4 4
1 1
0 0
0 0
890360084 890360084
0 0
3 3
4 4
3 3
0 0
3 3
0 0
2 2
4 4
0 0
4 4
99838523 99838523
4 4
4 4
1 1
4 4
1 1
308552945 308552945
3 3
1 1
0 0
3 3
759502184 759502184
0 0
766726996 766726996
828196467 828196467
4 4
2 2
1 1
3 3
4 4
1 1
3 3
1 1
0 0
0 0
0 0
2 2
4 4
4 4
4 4
4 4
1 1
0 0
2 2
0 0
1 1
2 2
0 0
4 4
1 1
786307321 786307321
2 2
0 0
1 1
1 1
0 0
1 1
707659164 707659164
3 3
4 4
1 1
0 0
0 0
11573030 11573030
0 0
0 0
4 4
412066362 412066362
450308894 450308894
3 3
3 3
3 3
1 1
237859747 237859747
2 2
593763583 593763583
0 0
606806928 606806928
629228772 629228772
2 2
0 0
1 1
1 1
1 1
4 4
953559811 953559811
1 1
4 4
4 4
0 0
1 1
0 0
1 1
2 2
3 3
1 1
2 2
0 0
0 0
537048329 537048329
3 3
2 2
0 0
3 3
3 3
0 0
1 1
808389645 808389645
0 0
1 1
1 1
1 1
0 0
3 3
0 0
1 1
0 0
3 3
3 3
2 2
0 0
1 1
1 1
4 4
371452011 371452011
0 0
3 3
4 4
0 0
1 1
2 2
0 0
2 2
1 1
4 4
2 2
1 1
1 1
4 4
1 1
380484988 380484988
0 0
3 3
2 2
990255886 990255886
2 2
475883865 475883865
923182762 923182762
0 0
4 4
977753990 977753990
102495882 102495882
1 1
0 0
1 1
1 1
1 1
0 0
4 4
707832388 707832388
1 1
1 1
3 3
0 0
1 1
498232682 498232682
1 1
43631565 43631565
1 1
554228189 554228189
4 4
3 3
1 1
4 4
853690966 853690966
1 1
1 1
2 2
3 3
1 1
324310493 324310493
3 3
0 0
3 3
3 3
0 0
1 1
0 0
1 1
0 0
532914649 532914649
0 0
1 1
3 3
2 2
1 1
3 3
4 4
4 4
2 2
0 0
3 3
3 3
3 3
3 3
1 1
3 3
3 3
3 3
2 2
1 1
2 2
4 4
3 3
1 1
332068861 332068861
1 1
3 3
1 1
4 4
0 0
3 3
410462176 410462176
3 3
2 2
3 3
1 1
1 1
3 3
3 3
3 3
0 0
2 2
4 4
0 0
1 1
239443940 239443940
3 3
1 1
1 1
1 1
3 3
1 1
1 1
1 1
2 2
131769149 131769149
3 3
1 1
2 2
0 0
2 2
597958878 597958878
3 3
1 1
0 0
0 0
0 0
0 0
4 4
0 0
4 4
1 1
0 0
2 2
0 0
2 2
0 0
62529566 62529566
4 4
2 2
1 1
2 2
1 1
218051778 218051778
1 1
1 1
1 1
817278554 817278554
4 4
0 0
2 2
0 0
0 0
0 0
1 1
2 2
0 0
2 2
1 1
1 1
3 3
4 4
1 1
4 4
1 1
2 2
3 3
422831823 422831823
0 0
1 1
0 0
3 3
2 2
1 1
3 3
0 0
3 3
0 0
0 0
0 0
1 1
1 1
0 0
1 1
1 1
1 1
4 4
508462112 508462112
3 3
0 0
205846583 205846583
615787231 615787231
1 1
2 2
3 3
3 3
3 3
0 0
4 4
0 0
0 0
2 2
1 1
0 0
1 1
787325764 787325764
2 2
1 1
4 4
4 4
3 3
0 0
2 2
22342170 22342170
4 4
0 0
1 1
0 0
0 0
140274198 140274198
1 1
0 0
0 0
432659288 432659288
0 0
1 1
2 2
1 1
1 1
3 3
4 4
1 1
3 3
0 0
2 2
4 4
0 0
3 3
1 1
1 1
2 2
0 0
0 0
4 4
3 3
2 2
3 3
0 0
0 0
4 4
3 3
1 1
0 0
3 3
435812807 435812807
2 2
3 3
287593990 287593990
1 1
0 0
4 4
1 1
858741090 858741090
0 0
2 2
3 3
0 0
4 4
68520111 68520111
916655235 916655235
1 1
1 1
3 3
1 1
2 2
2 2
1 1
335561212 335561212
4 4
0 0
1 1
1 1
2 2
0 0
841294970 841294970
0 0
460450493 460450493
1 1
0 0
3 3
0 0
0 0
2 2
3 3
1 1
1 1
0 0
3 3
1 1
1 1
0 0
1 1
0 0
1 1
3 3
1 1
4 4
4 4
2 2
1 1
3 3
3 3
387943443 387943443
4 4
450130121 450130121
4 4
1 1
3 3
0 0
1 1
1 1
3 3
4 4
1 1
0 0
582642733 582642733
153732003 153732003
1 1
2 2
4 4
4 4
0 0
0 0
3 3
0 0
1 1
0 0
3 3
0 0
2 2
3 3
1 1
1 1
1 1
1 1
0 0
665654043 665654043
663668847 663668847
0 0
1 1
3 3
0 0
3 3
4 4
1 1
2 2
0 0
1 1
2 2
1 1
1 1
1 1
0 0
1 1
1 1
2 2
4 4
0 0
0 0
0 0
2 2
2 2
0 0
0 0
1 1
1 1
0 0
4 4
1 1
3 3
0 0
2 2
0 0
4 4
1 1
1 1
3 3
377588937 377588937
1 1
0 0
1 1
3 3
0 0
0 0
0 0
0 0
0 0
889958675 889958675
0 0
4 4
2 2
0 0
1 1
1 1
3 3
2 2
4 4
0 0
196817339 196817339
2 2
1 1
3 3
4 4
876461541 876461541
4 4
1 1
0 0
1 1
2 2
1 1
3 3
0 0
0 0
3 3
1 1
3 3
0 0
1 1
68886232 68886232
0 0
1 1
2 2
1 1
1 1
4 4
1 1
1 1
4 4
1 1
185792755 185792755
3 3
1 1
1 1
4 4
3 3
3 3
1 1
4 4
1 1
4 4
3 3
4 4
1 1
4 4
558062354 558062354
648682182 648682182
1 1
779469838 779469838
1 1
499356529 499356529
3 3
1 1
4 4
0 0
0 0
0 0
842531481 842531481
1 1
3 3
1 1
1 1
4 4
0 0
2 2
4 4
1 1
0 0
2 2
0 0
0 0
2 2
4 4
1 1
2 2
2 2
1 1
2 2
0 0
4 4
0 0
1 1
928753928 928753928
1 1
159198168 159198168
2 2
0 0
4 4
4 4
4 4
598743041 598743041
0 0
2 2
1 1
4 4
1 1
1 1
3 3
1 1
2 2
3 3
3 3
0 0
2 2
0 0
0 0
1 1
1 1
3 3
1 1
4 4
663497164 663497164
1 1
4 4
0 0
0 0
0 0
0 0
3 3
4 4
4 4
0 0
0 0
529302856 529302856
2 2
4 4
3 3
4 4
2 2
644932859 644932859
1 1
2 2
0 0
3 3
1 1
3 3
769150926 769150926
3 3
541834630 541834630
4 4
314302445 314302445
1 1
1 1
1 1
2 2
0 0
0 0
1 1
0 0
1 1
4 4
3 3
1 1
805764665 805764665
0 0
863392829 863392829
2 2
1 1
216926458 216926458
3 3
2 2
1 1
2 2
4 4
0 0
2 2
243970118 243970118
1 1
0 0
1 1
2 2
1 1
3 3
1 1
3 3
3 3
4 4
0 0
0 0
373763562 373763562
3 3
0 0
1 1
1 1
1 1
0 0
0 0
0 0
4 4
1 1
0 0
3 3
136798005 136798005
3 3
1 1
0 0
0 0
3 3
0 0
3 3
1 1
0 0
1 1
4 4
2 2
208199401 208199401
3 3
2 2
0 0
2 2
988784987 988784987
0 0
3 3
1 1
1 1
577438791 577438791
4 4
2 2
1 1
4 4
1 1
1 1
4 4
3 3
122089066 122089066
1 1
4 4
2 2
4 4
0 0
2 2
3 3
3 3
0 0
1 1
1 1
1 1
0 0
2 2
4 4
0 0
1 1
1 1
1 1
3 3
1 1
4 4
4 4
4 4
232512801 232512801
1 1
236993898 236993898
939883205 939883205
1 1
2 2
1 1
905949200 905949200
4 4
0 0
3 3
0 0
185842071 185842071
0 0
4 4
0 0
2 2
1 1
4 4
1 1
2 2
1 1
1 1
0 0
1 1
1 1
0 0
2 2
1 1
2 2
588668387 588668387
0 0
1 1
0 0
1 1
988913104 988913104
0 0
773766102 773766102
2 2
0 0
0 0
4 4
3 3
0 0
0 0
3 3
1 1
750048218 750048218
3 3
0 0
915782374 915782374
4 4
0 0
0 0
3 3
1 1
0 0
4 4
1 1
2 2
548136622 548136622
3 3
2 2
1 1
0 0
0 0
3 3
0 0
0 0
4 4
1 1
0 0
862792258 862792258
1 1
0 0
4 4
922211029 922211029
4 4
4 4
0 0
1 1
4 4
2 2
4 4
624846069 624846069
0 0
1 1
1 1
3 3
2 2
0 0
3 3
0 0
1 1
2 2
0 0
194325376 194325376
1 1
146993602 146993602
231093175 231093175
2 2
1 1
1 1
1 1
1 1
3 3
3 3
0 0
1 1
3 3
2 2
3 3
1 1
3 3
0 0
1 1
4 4
823492586 823492586
0 0
1 1
4 4
1000 41
0 0
0 0
412924610 412924610
1 1
1 1
563324851 563324851
1 1
4 4
4 4
3 3
2 2
3 3
3 3
0 0
1 1
2 2
114458437 114458437
0 0
1 1
378541338 378541338
0 0
1 1
0 0
1 1
2 2
849086858 849086858
0 0
2 2
1 1
4 4
1 1
4 4
3 3
4 4
3 3
2 2
2 2
3 3
3 3
1 1
3 3
1 1
3 3
4 4
0 0
4 4
0 0
0 0
2 2
1 1
0 0
0 0
0 0
1 1
2 2
3 3
0 0
3 3
2 2
2 2
3 3
19349709 19349709
1 1
1 1
4 4
4 4
3 3
0 0
1 1
0 0
1 1
0 0
851856910 851856910
459715728 459715728
2 2
3 3
0 0
3 3
827360473 827360473
1 1
0 0
3 3
70054334 70054334
3 3
2 2
4 4
1 1
0 0
2 2
0 0
1 1
1 1
1 1
1 1
0 0
1 1
0 0
0 0
0 0
2 2
1 1
0 0
810715241 810715241
0 0
3 3
4 4
1 1
0 0
977908837 977908837
1 1
0 0
3 3
0 0
1 1
0 0
3 3
1 1
1 1
81003637 81003637
3 3
159365399 159365399
4 4
524596522 524596522
1 1
540229450 540229450
0 0
4 4
2 2
1 1
1 1
4 4
411832627 411832627
0 0
2 2
1 1
1 1
1 1
4 4
432656064 432656064
3 3
0 0
1 1
2 2
7226610 7226610
1 1
3 3
3 3
2 2
2 2
1 1
4 4
4 4
0 0
2 2
0 0
1 1
1 1
1 1
382077622 382077622
0 0
1 1
0 0
3 3
3 3
1 1
1 1
118691368 118691368
0 0
4 4
4 4
3 3
1 1
1 1
1 1
3 3
1 1
3 3
1 1
1 1
0 0
2 2
4 4
2 2
4 4
1 1
4 4
1 1
0 0
2 2
1 1
0 0
0 0
0 0
12336252 12336252
672673734 672673734
0 0
1 1
1 1
0 0
737098083 737098083
1 1
4 4
1 1
0 0
1 1
0 0
1 1
0 0
3 3
4 4
1 1
934452571 934452571
0 0
0 0
3 3
1 1
4 4
1 1
3 3
4 4
0 0
1 1
2 2
2 2
3 3
2 2
0 0
1 1
4 4
437698902 437698902
2 2
1 1
1 1
4 4
4 4
4 4
0 0
4 4
0 0
0 0
2 2
1 1
1 1
328004842 328004842
4 4
2 2
844991142 844991142
2 2
4 4
2 2
0 0
1 1
4 4
1 1
3 3
0 0
2 2
2 2
0 0
2 2
1 1
0 0
0 0
725922003 725922003
1 1
4 4
4 4
1 1
0 0
0 0
1 1
0 0
3 3
1 1
2 2
4 4
0 0
0 0
3 3
3 3
2 2
1 1
0 0
861656325 861656325
0 0
1 1
917751412 917751412
3 3
4 4
3 3
0 0
3 3
2 2
2 2
1 1
0 0
0 0
1 1
3 3
3 3
0 0
0 0
2 2
0 0
4 4
1 1
1 1
3 3
0 0
1 1
3 3
0 0
2 2
3 3
1 1
104078132 104078132
0 0
0 0
2 2
4 4
4 4
2 2
4 4
2 2
1 1
3 3
4 4
0 0
1 1
1 1
1 1
0 0
0 0
2 2
4 4
1 1
0 0
0 0
2 2
974049487 974049487
4 4
0 0
1 1
2 2
48510646 48510646
0 0
1 1
134672903 134672903
2 2
752533826 752533826
2 2
0 0
485171603 485171603
0 0
1 1
2 2
1 1
1 1
0 0
2 2
918326076 918326076
4 4
3 3
0 0
4 4
3 3
3 3
184631802 184631802
0 0
0 0
1 1
0 0
1 1
2 2
2 2
2 2
0 0
4 4
939999583 939999583
4 4
0 0
1 1
4 4
4 4
0 0
4 4
123545042 123545042
4 4
1 1
0 0
0 0
0 0
3 3
1 1
73864917 73864917
272138972 272138972
124820309 124820309
1 1
45946265 45946265
0 0
4 4
1 1
0 0
1 1
0 0
1 1
4 4
2 2
0 0
0 0
1 1
4 4
1 1
0 0
1 1
4 4
1 1
0 0
1 1
3 3
1 1
1 1
3 3
4 4
1 1
731351514 731351514
1 1
0 0
0 0
1 1
1 1
2 2
0 0
4 4
4 4
0 0
1 1
3 3
2 2
0 0
2 2
3 3
0 0
4 4
3 3
4 4
1 1
0 0
2 2
1 1
3 3
265945512 265945512
1 1
847566325 847566325
0 0
3 3
0 0
0 0
1 1
541294153 541294153
2 2
1 1
51305499 51305499
0 0
4 4
0 0
838120485 838120485
0 0
1 1
790519280 790519280
2 2
0 0
1 1
0 0
0 0
438234010 438234010
4 4
0 0
0 0
4 4
1 1
0 0
3 3
3 3
3 3
0 0
2 2
4 4
0 0
1 1
3 3
4 4
1 1
0 0
0 0
90959431 90959431
1 1
3 3
0 0
3 3
1 1
2 2
1 1
592869889 592869889
1 1
1 1
1 1
1 1
1 1
4 4
0 0
4 4
4 4
248871191 248871191
1 1
1 1
2 2
4 4
4 4
1 1
4 4
4 4
1 1
4 4
0 0
0 0
1 1
1 1
2 2
1 1
0 0
2 2
4 4
1 1
1 1
0 0
2 2
0 0
2 2
4 4
0 0
1 1
2 2
0 0
4 4
0 0
4 4
4 4
0 0
1 1
0 0
376406528 376406528
4 4
3 3
4 4
644642355 644642355
0 0
2 2
4 4
0 0
0 0
0 0
1 1
55451341 55451341
3 3
1 1
0 0
347622524 347622524
499658126 499658126
4 4
3 3
2 2
4 4
0 0
1 1
0 0
0 0
1 1
4 4
2 2
1 1
596131808 596131808
4 4
0 0
3 3
0 0
1 1
4 4
1 1
3 3
1 1
3 3
4 4
2 2
1 1
1 1
0 0
1 1
1 1
857653753 857653753
2 2
0 0
1 1
1 1
1 1
3 3
4 4
3 3
4 4
3 3
2 2
2 2
1 1
1 1
0 0
0 0
0 0
2 2
0 0
2 2
1 1
1 1
3 3
4 4
485922603 485922603
2 2
0 0
1 1
4 4
0 0
1 1
3 3
1 1
1 1
0 0
4 4
4 4
1 1
1 1
1 1
0 0
0 0
1 1
3 3
2 2
1 1
0 0
1 1
1 1
4 4
1 1
3 3
1 1
3 3
1 1
0 0
0 0
0 0
1 1
4 4
1 1
0 0
3 3
390770081 390770081
2 2
1 1
1 1
0 0
2 2
1 1
4 4
0 0
3 3
0 0
2 2
0 0
4 4
0 0
2 2
1 1
1 1
3 3
4 4
0 0
5883648 5883648
0 0
662406623 662406623
937400283 937400283
0 0
2 2
773451487 773451487
4 4
4 4
0 0
0 0
2 2
1 1
2 2
0 0
3 3
2 2
1 1
0 0
1 1
1 1
1 1
1 1
0 0
4 4
2 2
2 2
0 0
0 0
0 0
1 1
0 0
3 3
329059678 329059678
1 1
2 2
0 0
1 1
1 1
1 1
1 1
1 1
1 1
4 4
242877422 242877422
2 2
4 4
0 0
940363220 940363220
1 1
1 1
3 3
4 4
0 0
1 1
1 1
1 1
2 2
0 0
4 4
0 0
853872295 853872295
2 2
4 4
4 4
2 2
1 1
1 1
1 1
4 4
4 4
0 0
3 3
3 3
1 1
0 0
1 1
659789247 659789247
1 1
1 1
2 2
2 2
0 0
3 3
3 3
3 3
62757134 62757134
249782239 249782239
2 2
2 2
0 0
0 0
0 0
3 3
3 3
2 2
3 3
0 0
3 3
4 4
0 0
833020958 833020958
1 1
1 1
1 1
3 3
3 3
1 1
1 1
3 3
3 3
3 3
3 3
3 3
0 0
0 0
1 1
1 1
1 1
3 3
1 1
1 1
1 1
1 1
886511610 886511610
1 1
4 4
4 4
2 2
1 1
0 0
0 0
1 1
1 1
1 1
4 4
1 1
2 2
0 0
1 1
0 0
2 2
4 4
4 4
2 2
3 3
1 1
1 1
1 1
0 0
4 4
3 3
0 0
4 4
3 3
2 2
0 0
4 4
4 4
3 3
1 1
3 3
4 4
1 1
4 4
2 2
3 3
3 3
4 4
0 0
1 1
2 2
1 1
2 2
3 3
1 1
1 1
173060715 173060715
1 1
3 3
1 1
2 2
1 1
1 1
1 1
0 0
0 0
0 0
4 4
150484132 150484132
1 1
3 3
1 1
589014609 589014609
4 4
3 3
1 1
1 1
1 1
1 1
0 0
0 0
0 0
0 0
0 0
2 2
2 2
1 1
0 0
1 1
4 4
3 3
1 1
0 0
1 1
1 1
4 4
0 0
3 3
0 0
0 0
0 0
2 2
4 4
1 1
2 2
2 2
1 1
4 4
0 0
3 3
2 2
0 0
2 2
1 1
4 4
93266139 93266139
1 1
2 2
3 3
2 2
1 1
0 0
1 1
2 2
1 1
266209549 266209549
462554467 462554467
2 2
3 3
0 0
1 1
1 1
1 1
1 1
1 1
2 2
1 1
0 0
0 0
1 1
3 3
0 0
1 1
0 0
3 3
1 1
784342006 784342006
0 0
4 4
4 4
3 3
0 0
2 2
471281451 471281451
1 1
3 3
2 2
4 4
1 1
1 1
1 1
4 4
2 2
1 1
0 0
0 0
1 1
341875459 341875459
0 0
0 0
1 1
3 3
2 2
1 1
2 2
4 4
3 3
1 1
2 2
0 0
0 0
4 4
0 0
0 0
4 4
3 3
0 0
3 3
2 2
4 4
0 0
4 4
1 1
1 1
1 1
1000 98
1 1
3 3
1 1
1 1
0 0
1 1
1 1
1 1
1 1
0 0
3 3
0 0
3 3
3 3
1 1
4 4
3 3
2 2
4 4
2 2
1 1
0 0
1 1
4 4
1 1
3 3
1 1
2 2
1 1
3 3
2 2
1 1
2 2
2 2
1 1
2 2
0 0
1 1
1 1
3 3
901357637 901357637
2 2
442302549 442302549
3 3
1 1
0 0
0 0
0 0
4 4
1 1
3 3
1 1
0 0
2 2
1 1
4 4
458330167 458330167
1 1
278778053 278778053
0 0
3 3
653105739 653105739
2 2
0 0
0 0
3 3
0 0
1 1
0 0
4 4
0 0
0 0
598612982 598612982
3 3
1 1
0 0
1 1
4 4
4 4
1 1
1 1
0 0
899747070 899747070
446960808 446960808
145422196 145422196
4 4
4 4
0 0
3 3
1 1
1 1
2 2
0 0
0 0
3 3
0 0
1 1
1 1
383751260 383751260
382071241 382071241
0 0
671397596 671397596
1 1
2 2
1 1
3 3
279952 279952
0 0
3 3
1 1
1 1
3 3
2 2
1 1
1 1
4 4
0 0
0 0
1 1
1 1
45158790 45158790
2 2
2 2
966503884 966503884
0 0
0 0
1 1
0 0
1 1
0 0
1 1
0 0
1 1
4 4
1 1
806325840 806325840
0 0
0 0
3 3
0 0
4 4
2 2
3 3
2 2
1 1
589401777 589401777
0 0
2 2
1 1
3 3
1 1
4 4
0 0
0 0
1 1
1 1
0 0
0 0
461532761 461532761
0 0
2 2
1 1
203229000 203229000
1 1
1 1
2 2
677592528 677592528
1 1
903527479 903527479
0 0
680070069 680070069
1 1
761951883 761951883
3 3
1 1
1 1
0 0
4 4
2 2
0 0
120492971 120492971
0 0
1 1
2 2
3 3
3 3
1 1
2 2
0 0
0 0
2 2
2 2
1 1
2 2
2 2
4 4
35609191 35609191
549940862 549940862
3 3
1 1
0 0
2 2
3 3
0 0
1 1
4 4
4 4
2 2
1 1
1 1
867841601 867841601
0 0
3 3
1 1
4 4
0 0
1 1
2 2
3 3
3 3
3 3
0 0
1 1
1 1
362820524 362820524
0 0
4 4
4 4
2 2
0 0
1 1
0 0
1 1
0 0
0 0
1 1
0 0
593362796 593362796
950456593 950456593
0 0
0 0
3 3
0 0
4 4
663883588 663883588
75613513 75613513
73948272 73948272
3 3
513917883 513917883
1 1
1 1
4 4
0 0
0 0
2 2
0 0
599801848 599801848
0 0
0 0
0 0
0 0
0 0
4 4
4 4
692796484 692796484
0 0
0 0
2 2
987845497 987845497
4 4
0 0
2 2
2 2
4 4
4 4
1 1
4 4
2 2
0 0
0 0
4 4
3 3
4 4
1 1
3 3
4 4
3 3
0 0
1 1
31656609 31656609
0 0
2 2
0 0
0 0
2 2
612135607 612135607
0 0
2 2
2 2
0 0
0 0
569294464 569294464
1 1
2 2
0 0
0 0
2 2
0 0
1 1
3 3
0 0
0 0
0 0
0 0
1 1
0 0
1 1
0 0
0 0
2 2
209448521 209448521
1 1
4 4
2 2
3 3
2 2
0 0
499983070 499983070
1 1
2 2
3 3
2 2
0 0
0 0
1 1
4 4
3 3
3 3
4 4
0 0
1 1
1 1
2 2
3 3
1 1
677868570 677868570
4 4
1 1
0 0
0 0
2 2
4 4
0 0
1 1
1 1
0 0
4 4
4 4
3 3
322897173 322897173
3 3
1 1
715158660 715158660
4 4
2 2
1 1
1 1
2 2
1 1
144016603 144016603
3 3
0 0
0 0
2 2
4 4
0 0
3 3
1 1
587940707 587940707
0 0
3 3
0 0
1 1
3 3
0 0
0 0
414304271 414304271
4 4
94828729 94828729
0 0
0 0
0 0
1 1
2 2
0 0
1 1
0 0
3 3
2 2
4 4
2 2
0 0
0 0
3 3
3 3
2 2
3 3
0 0
1 1
0 0
0 0
310274546 310274546
0 0
4 4
0 0
2 2
3 3
4 4
1 1
2 2
4 4
4 4
1 1
753776351 753776351
0 0
0 0
0 0
4 4
0 0
1 1
0 0
51155823 51155823
1 1
2 2
3 3
4 4
4 4
3 3
1 1
0 0
2 2
4 4
757250655 757250655
2 2
3 3
0 0
4 4
0 0
1 1
1 1
4 4
23644784 23644784
3 3
2 2
0 0
3 3
3 3
4 4
0 0
516652624 516652624
1 1
4 4
1 1
0 0
1 1
1 1
2 2
1 1
1 1
399369294 399369294
1 1
0 0
0 0
1 1
1 1
1 1
0 0
0 0
3 3
2 2
0 0
2 2
2 2
2 2
3 3
340669537 340669537
0 0
1 1
3 3
359447458 359447458
0 0
916334655 916334655
3 3
1 1
0 0
1 1
1 1
410075150 410075150
1 1
0 0
1 1
3 3
900827306 900827306
0 0
0 0
3 3
0 0
0 0
3 3
4 4
4 4
140362358 140362358
2 2
1 1
2 2
829136855 829136855
4 4
0 0
0 0
3 3
2 2
4 4
2 2
0 0
0 0
1 1
4 4
3 3
0 0
4 4
0 0
3 3
1 1
1 1
0 0
1 1
1 1
3 3
0 0
3 3
2 2
483096176 483096176
384354138 384354138
0 0
2 2
2 2
1 1
1 1
1 1
389712785 389712785
969546901 969546901
0 0
1 1
649642705 649642705
1 1
1 1
1 1
1 1
1 1
2 2
0 0
789648093 789648093
0 0
1 1
2 2
36319929 36319929
1 1
1 1
1 1
0 0
0 0
4 4
0 0
664403739 664403739
1 1
0 0
1 1
4 4
2 2
0 0
4 4
0 0
385425960 385425960
1 1
1 1
184150173 184150173
4 4
1 1
2 2
0 0
3 3
2 2
3 3
3 3
4 4
0 0
421393265 421393265
0 0
0 0
4 4
4 4
3 3
2 2
0 0
0 0
0 0
1 1
80655070 80655070
2 2
1 1
757000143 757000143
1 1
0 0
1 1
896494369 896494369
3 3
3 3
0 0
0 0
1 1
1 1
3 3
0 0
3 3
0 0
799751480 799751480
0 0
2 2
0 0
648887763 648887763
2 2
3 3
0 0
0 0
0 0
569918540 569918540
4 4
0 0
0 0
290040218 290040218
3 3
2 2
1 1
1 1
1 1
1 1
940942064 940942064
2 2
0 0
3 3
2 2
0 0
1 1
1 1
0 0
3 3
772669524 772669524
1 1
2 2
2 2
1 1
3 3
1 1
0 0
3 3
2 2
2 2
0 0
1 1
2 2
4 4
2 2
4 4
3 3
3 3
4 4
591033234 591033234
55957043 55957043
2 2
3 3
0 0
4 4
2 2
330552202 330552202
0 0
0 0
699858330 699858330
0 0
1 1
3 3
273920507 273920507
0 0
0 0
2 2
725772803 725772803
3 3
0 0
475118059 475118059
1 1
1 1
3 3
2 2
2 2
1 1
1 1
0 0
0 0
1 1
4 4
1 1
4 4
1 1
3 3
1 1
823555113 823555113
4 4
4 4
2 2
763529348 763529348
2 2
44683679 44683679
842204971 842204971
4 4
2 2
1 1
1 1
2 2
1 1
0 0
1 1
4 4
3 3
629170982 629170982
2 2
0 0
2 2
0 0
2 2
1 1
2 2
1 1
676802046 676802046
3 3
4 4
0 0
1 1
1 1
0 0
1 1
0 0
2 2
4 4
2 2
483333213 483333213
4 4
0 0
2 2
1 1
0 0
0 0
3 3
1 1
2 2
2 2
0 0
2 2
1 1
0 0
0 0
588689624 588689624
3 3
4 4
3 3
4 4
1 1
1 1
3 3
3 3
0 0
3 3
1 1
0 0
2 2
626527008 626527008
1 1
1 1
773848903 773848903
7303299 7303299
4 4
1 1
3 3
3 3
0 0
2 2
1 1
0 0
1 1
0 0
1 1
1 1
0 0
4 4
0 0
3 3
4 4
519589541 519589541
2 2
162205086 162205086
1 1
3 3
638194270 638194270
380781295 380781295
3 3
860204671 860204671
4 4
110807093 110807093
721312154 721312154
0 0
1 1
0 0
2 2
1 1
0 0
0 0
1 1
449983363 449983363
0 0
3 3
4 4
821427917 821427917
1 1
0 0
1 1
0 0
2 2
2 2
1 1
4 4
1 1
948577911 948577911
4 4
1 1
922365523 922365523
1 1
1 1
0 0
3 3
0 0
1 1
3 3
1 1
282084504 282084504
1 1
2 2
3 3
1 1
3 3
514820056 514820056
0 0
4 4
4 4
2 2
0 0
343609737 343609737
0 0
159379514 159379514
0 0
0 0
0 0
1 1
790881236 790881236
4 4
2 2
328235053 328235053
1 1
3 3
0 0
1 1
3 3
3 3
0 0
777502276 777502276
1 1
2 2
1 1
2 2
76920969 76920969
1 1
1 1
1 1
1 1
4 4
2 2
1 1
740341531 740341531
0 0
0 0
4 4
0 0
2 2
1 1
934218698 934218698
0 0
1 1
1 1
945297462 945297462
3 3
4 4
3 3
1 1
261415382 261415382
4 4
3 3
0 0
4 4
3 3
2 2
3 3
0 0
0 0
0 0
1 1
3 3
4 4
433504824 433504824
2 2
1 1
825283082 825283082
4 4
1 1
1 1
0 0
1 1
0 0
0 0
3 3
1 1
1 1
2 2
1 1
1 1
4 4
0 0
4 4
4 4
2 2
2 2
4 4
0 0
3 3
1 1
2 2
4 4
3 3
2 2
0 0
4 4
1 1
4 4
1 1
4 4
4 4
0 0
1 1
0 0
1 1
3 3
1 1
0 0
0 0
3 3
1 1
879918202 879918202
0 0
4 4
116696071 116696071
2 2
1 1
1 1
1 1
3 3
0 0
2 2
1 1
2 2
1 1
3 3
2 2
0 0
1 1
4 4
2 2
0 0
936431107 936431107
282445029 282445029
4 4
0 0
0 0
1 1
2 2
1000 52
2 2
265371386 265371386
1 1
3 3
0 0
0 0
4 4
4 4
1 1
329863551 329863551
0 0
1 1
671186494 671186494
3 3
2 2
0 0
0 0
0 0
4 4
3 3
1 1
0 0
0 0
1 1
1 1
0 0
1 1
0 0
740225460 740225460
195299566 195299566
101457763 101457763
487257434 487257434
0 0
1 1
3 3
1 1
3 3
2 2
0 0
3 3
647752153 647752153
0 0
1 1
3 3
1 1
1 1
319598708 319598708
0 0
1 1
1 1
602684304 602684304
2 2
838005286 838005286
0 0
4 4
0 0
0 0
0 0
3 3
3 3
2 2
1 1
4 4
4 4
2 2
1 1
2 2
0 0
1 1
4 4
1 1
3 3
0 0
2 2
1 1
1 1
1 1
0 0
1 1
4 4
4 4
3 3
4 4
4 4
4 4
0 0
1 1
3 3
2 2
4 4
0 0
2 2
4 4
0 0
2 2
3 3
3 3
4 4
3 3
0 0
1 1
413012873 413012873
3 3
433627175 433627175
3 3
1 1
4 4
483949035 483949035
1 1
0 0
1 1
569653618 569653618
0 0
0 0
4 4
2 2
0 0
2 2
1 1
1 1
0 0
0 0
4 4
884075755 884075755
1 1
4 4
4 4
2 2
0 0
1 1
738195287 738195287
1 1
0 0
0 0
2 2
0 0
1 1
0 0
4 4
2 2
0 0
1 1
1 1
0 0
656637270 656637270
0 0
2 2
0 0
3 3
0 0
0 0
1 1
2 2
247724313 247724313
2 2
3 3
3 3
4 4
1 1
0 0
168068717 168068717
1 1
1 1
1 1
3 3
1 1
1 1
0 0
3 3
3 3
2 2
1 1
0 0
2 2
1 1
2 2
0 0
1 1
4 4
2 2
1 1
0 0
3 3
3 3
0 0
4 4
0 0
0 0
731993546 731993546
3 3
1 1
1 1
3 3
712922785 712922785
3 3
4 4
0 0
3 3
1 1
2 2
3 3
246112371 246112371
1 1
0 0
0 0
1 1
2 2
0 0
2 2
1 1
2 2
1 1
1 1
0 0
2 2
0 0
1 1
472494803 472494803
3 3
0 0
1 1
3 3
285464933 285464933
0 0
1 1
0 0
137349695 137349695
4 4
0 0
1 1
729225544 729225544
0 0
307131940 307131940
929807500 929807500
0 0
2 2
603113736 603113736
2 2
0 0
1 1
2 2
0 0
132562590 132562590
4 4
3 3
2 2
4 4
0 0
3 3
1 1
3 3
1 1
3 3
1 1
4 4
0 0
1 1
0 0
747111393 747111393
3 3
3 3
2 2
743363413 743363413
0 0
0 0
0 0
1 1
3 3
0 0
1 1
0 0
1 1
0 0
2 2
613648300 613648300
1 1
3 3
1 1
292509249 292509249
0 0
3 3
0 0
1 1
0 0
3 3
953178040 953178040
1 1
0 0
0 0
800840286 800840286
0 0
4 4
3 3
0 0
0 0
2 2
3 3
3 3
338091291 338091291
3 3
0 0
1 1
4 4
1 1
0 0
3 3
2 2
371789155 371789155
2 2
2 2
2 2
2 2
0 0
4 4
1 1
1 1
0 0
449500857 449500857
2 2
2 2
3 3
1 1
1 1
2 2
1 1
3 3
1 1
1 1
1 1
0 0
3 3
3 3
0 0
1 1
3 3
2 2
529218332 529218332
689215029 689215029
827288875 827288875
31137732 31137732
0 0
3 3
0 0
2 2
1 1
1 1
234297627 234297627
2 2
3 3
3 3
1 1
0 0
1 1
1 1
0 0
0 0
2 2
0 0
1 1
206112671 206112671
4 4
783005548 783005548
2 2
0 0
0 0
260395088 260395088
4 4
1 1
2 2
4 4
0 0
0 0
4 4
0 0
2 2
3 3
4 4
1 1
0 0
413429504 413429504
3 3
0 0
1 1
0 0
2 2
0 0
4 4
0 0
0 0
1 1
1 1
1 1
3 3
0 0
2 2
4 4
933990262 933990262
0 0
1 1
3 3
1 1
1 1
551670304 551670304
4 4
1 1
84523992 84523992
1 1
2 2
4 4
366435757 366435757
0 0
0 0
1 1
1 1
1 1
336088784 336088784
1 1
1 1
0 0
1 1
3 3
1 1
0 0
2 2
0 0
4 4
0 0
1 1
3 3
1 1
4 4
3 3
0 0
1 1
1 1
4 4
110829061 110829061
0 0
992408342 992408342
394909474 394909474
904047743 904047743
3 3
0 0
1 1
3 3
1 1
3 3
0 0
0 0
1 1
2 2
1 1
2 2
1 1
2 2
3 3
516402416 516402416
4 4
2 2
4 4
1 1
1 1
3 3
0 0
2 2
0 0
667100053 667100053
0 0
0 0
0 0
0 0
0 0
4 4
4 4
0 0
0 0
1 1
2 2
0 0
387414579 387414579
1 1
2 2
3 3
3 3
339734310 339734310
282072516 282072516
2 2
0 0
4 4
1 1
840572996 840572996
0 0
1 1
0 0
4 4
0 0
1 1
4 4
3 3
0 0
0 0
0 0
1 1
119522715 119522715
439862696 439862696
4 4
0 0
4 4
1 1
4 4
4 4
1 1
2 2
533120759 533120759
336475107 336475107
1 1
1 1
4 4
496996209 496996209
0 0
0 0
1 1
2 2
2 2
0 0
0 0
0 0
1 1
1 1
3 3
3 3
3 3
0 0
0 0
2 2
3 3
3 3
3 3
1 1
1 1
4 4
0 0
0 0
0 0
4 4
3 3
2 2
1 1
235141381 235141381
4 4
0 0
2 2
0 0
0 0
2 2
4 4
0 0
4 4
0 0
3 3
1 1
4 4
4 4
1 1
4 4
2 2
1 1
4 4
0 0
277377095 277377095
0 0
1 1
1 1
0 0
1 1
727631934 727631934
0 0
0 0
82752582 82752582
0 0
1 1
0 0
1 1
3 3
1 1
1 1
1 1
3 3
2 2
125943752 125943752
188837014 188837014
3 3
1 1
0 0
1 1
223042585 223042585
1 1
2 2
1 1
2 2
0 0
3 3
0 0
3 3
1 1
1 1
2 2
2 2
0 0
3 3
368714532 368714532
108422972 108422972
4 4
1 1
2 2
770291519 770291519
1 1
0 0
774440238 774440238
3 3
1 1
4 4
574122956 574122956
0 0
4 4
0 0
4 4
1 1
1 1
0 0
1 1
4 4
1 1
3 3
2 2
1 1
1 1
2 2
4 4
608624961 608624961
3 3
3 3
15999072 15999072
3 3
3 3
3 3
4 4
1 1
2 2
0 0
3 3
2 2
959530797 959530797
0 0
0 0
3 3
2 2
0 0
0 0
2 2
3 3
0 0
1 1
0 0
4 4
1 1
2 2
668514920 668514920
1 1
4 4
0 0
3 3
0 0
0 0
1 1
3 3
108840079 108840079
1 1
21060176 21060176
4 4
1 1
1 1
3 3
0 0
1 1
1 1
0 0
4 4
1 1
3 3
1 1
2 2
1 1
1 1
2 2
2 2
174978614 174978614
4 4
2 2
1 1
1 1
0 0
4 4
0 0
3 3
1 1
1 1
0 0
0 0
4 4
2 2
1 1
0 0
2 2
4 4
0 0
4 4
0 0
1 1
600967079 600967079
1 1
2 2
0 0
0 0
1 1
0 0
207208687 207208687
3 3
1 1
1 1
1 1
0 0
1 1
0 0
3 3
2 2
0 0
0 0
2 2
0 0
1 1
661432341 661432341
890465394 890465394
1 1
1 1
1 1
3 3
0 0
2 2
3 3
1 1
993040629 993040629
518219712 518219712
0 0
704255017 704255017
3 3
61683919 61683919
416812588 416812588
0 0
0 0
3 3
1 1
0 0
0 0
2 2
1 1
3 3
1 1
0 0
4 4
0 0
621963272 621963272
1 1
1 1
3 3
557848622 557848622
197180905 197180905
2 2
0 0
4 4
3 3
3 3
0 0
4 4
1 1
1 1
1 1
0 0
4 4
1 1
1 1
4 4
962510280 962510280
336560915 336560915
1 1
0 0
559407744 559407744
106774737 106774737
800307466 800307466
1 1
788064429 788064429
0 0
1 1
0 0
3 3
1 1
1 1
0 0
2 2
2 2
1 1
4 4
1 1
0 0
3 3
4 4
1 1
1 1
3 3
0 0
1 1
2 2
0 0
0 0
0 0
3 3
0 0
0 0
3 3
1 1
0 0
1 1
2 2
0 0
1 1
0 0
1 1
4 4
0 0
0 0
2 2
3 3
2 2
1 1
0 0
1 1
0 0
227477990 227477990
3 3
4 4
4 4
1 1
0 0
1 1
0 0
0 0
606153766 606153766
0 0
4 4
1 1
1 1
1 1
0 0
1 1
2 2
455148306 455148306
2 2
0 0
993556234 993556234
0 0
0 0
0 0
1 1
4 4
4 4
2 2
143778254 143778254
1 1
1 1
2 2
1 1
0 0
0 0
2 2
282914148 282914148
1 1
741151463 741151463
839273589 839273589
1 1
0 0
0 0
4 4
3 3
2 2
4 4
1 1
0 0
3 3
2 2
4 4
4 4
0 0
393093057 393093057
664321080 664321080
4 4
4 4
528276564 528276564
0 0
1 1
1 1
0 0
3 3
4 4
0 0
4 4
0 0
2 2
720146288 720146288
0 0
3 3
2 2
3 3
1 1
251618972 251618972
1 1
1 1
2 2
0 0
521339491 521339491
1 1
2 2
3 3
2 2
4 4
4 4
3 3
72162763 72162763
785728825 785728825
7202012 7202012
0 0
0 0
3 3
423296875 423296875
3 3
1 1
1 1
2 2
0 0
732182194 732182194
0 0
3 3
3 3
0 0
1 1
4 4
4 4
1 1
3 3
0 0
3 3
4 4
1 1
0 0
1 1
0 0
0 0
1 1
0 0
1 1
1 1
1 1
4 4
1 1
1 1
0 0
461834727 461834727
241088485 241088485
3 3
1 1
0 0
0 0
3 3
0 0
1 1
1 1
0 0
0 0
1 1
1 1
0 0
2 2
1 1
171131024 171131024
0 0
1 1
1 1
4 4
2 2
1 1
1 1
1000 28
0 0
1 1
53105097 53105097
4 4
937959746 937959746
3 3
2 2
2 2
0 0
4 4
4 4
0 0
3 3
346117796 346117796
4 4
0 0
3 3
0 0
1 1
1 1
2 2
4 4
786267052 786267052
0 0
2 2
2 2
0 0
2 2
4 4
909061837 909061837
0 0
2 2
3 3
3 3
1 1
435855161 435855161
3 3
2 2
840079994 840079994
3 3
1 1
0 0
2 2
2 2
0 0
1 1
1 1
774818575 774818575
4 4
1 1
3 3
1 1
2 2
2 2
4 4
1 1
4 4
4 4
3 3
4 4
0 0
0 0
1 1
1 1
3 3
1 1
1 1
1 1
1 1
4 4
922331257 922331257
708488787 708488787
0 0
2 2
0 0
2 2
1 1
1 1
0 0
0 0
1 1
2 2
4 4
704825604 704825604
2 2
3 3
0 0
1 1
0 0
1 1
2 2
1 1
0 0
941350503 941350503
4 4
1 1
701964375 701964375
50716783 50716783
3 3
518733635 518733635
1 1
1 1
0 0
0 0
0 0
4 4
1 1
1 1
2 2
0 0
459973810 459973810
766373187 766373187
4 4
2 2
1 1
36206721 36206721
1 1
3 3
1 1
0 0
2 2
1 1
4 4
4 4
0 0
802254902 802254902
0 0
2 2
4 4
4 4
1 1
0 0
0 0
0 0
4 4
0 0
4 4
3 3
0 0
4 4
3 3
2 2
1 1
1 1
1 1
4 4
4 4
1 1
0 0
0 0
0 0
1 1
1 1
3 3
0 0
0 0
2 2
310618308 310618308
1 1
1 1
3 3
2 2
0 0
1 1
1 1
2 2
3 3
1 1
0 0
4 4
1 1
0 0
699092049 699092049
0 0
1 1
3 3
2 2
3 3
1 1
1 1
0 0
0 0
1 1
3 3
1 1
3 3
471624077 471624077
4 4
3 3
2 2
2 2
3 3
3 3
1 1
1 1
285290593 285290593
2 2
1 1
4 4
3 3
0 0
3 3
0 0
722826716 722826716
1 1
3 3
0 0
0 0
3 3
4 4
752604323 752604323
1 1
3 3
514879829 514879829
0 0
2 2
1 1
1 1
1 1
1 1
0 0
4 4
0 0
281353567 281353567
2 2
0 0
4 4
3 3
1 1
4 4
1 1
0 0
4 4
2 2
279959177 279959177
3 3
2 2
2 2
1 1
4 4
1 1
3 3
3 3
125862123 125862123
1 1
734188980 734188980
3 3
3 3
1 1
1 1
0 0
0 0
0 0
1 1
3 3
3 3
4 4
0 0
1 1
1 1
1 1
4 4
338302458 338302458
3 3
2 2
1 1
0 0
0 0
0 0
1 1
0 0
1 1
1 1
961372197 961372197
4 4
3 3
3 3
613502826 613502826
0 0
1 1
3 3
4 4
4 4
0 0
3 3
2 2
3 3
0 0
0 0
1 1
0 0
4 4
3 3
0 0
1 1
0 0
1 1
3 3
1 1
0 0
0 0
1 1
1 1
2 2
2 2
4 4
1 1
0 0
1 1
3 3
689634153 689634153
0 0
1 1
2 2
4 4
4 4
2 2
0 0
2 2
0 0
0 0
857632693 857632693
0 0
1 1
0 0
0 0
2 2
1 1
2 2
303309880 303309880
0 0
1 1
0 0
1 1
1 1
3 3
0 0
0 0
851052037 851052037
1 1
0 0
0 0
1 1
2 2
658871711 658871711
3 3
0 0
1 1
4 4
1 1
2 2
2 2
4 4
713434982 713434982
3 3
1 1
1 1
0 0
225087315 225087315
2 2
1 1
1 1
4 4
455405834 455405834
2 2
418420096 418420096
0 0
2 2
1 1
1 1
2 2
0 0
249997434 249997434
0 0
1 1
4 4
0 0
3 3
1 1
2 2
0 0
3 3
0 0
1 1
1 1
0 0
2 2
57105607 57105607
1 1
497640733 497640733
2 2
0 0
2 2
1 1
2 2
26087222 26087222
0 0
3 3
0 0
4 4
1 1
819601008 819601008
2 2
4 4
0 0
0 0
0 0
4 4
1 1
2 2
3 3
0 0
3 3
1 1
0 0
855189665 855189665
276785596 276785596
887991256 887991256
1 1
0 0
3 3
4 4
1 1
2 2
3 3
0 0
1 1
4 4
2 2
2 2
1 1
0 0
0 0
3 3
0 0
0 0
0 0
4 4
882143345 882143345
790899179 790899179
853572396 853572396
0 0
59064334 59064334
4 4
1 1
0 0
1 1
3 3
3 3
349628662 349628662
1 1
3 3
1 1
1 1
909564730 909564730
3 3
765515229 765515229
4 4
0 0
0 0
0 0
1 1
1 1
1 1
2 2
1 1
953415162 953415162
1 1
939042202 939042202
3 3
1 1
764143840 764143840
68450173 68450173
237373435 237373435
717495829 717495829
3 3
0 0
0 0
0 0
0 0
0 0
3 3
2 2
1 1
3 3
1 1
2 2
4 4
0 0
1 1
1 1
3 3
3 3
4 4
1 1
0 0
1 1
2 2
2 2
1 1
1 1
0 0
0 0
0 0
4 4
0 0
1 1
4 4
346753344 346753344
0 0
3 3
3 3
3 3
2 2
0 0
2 2
0 0
1 1
2 2
987684195 987684195
1 1
0 0
4 4
2 2
3 3
0 0
1 1
3 3
1 1
1 1
893634667 893634667
0 0
1 1
820351316 820351316
436407290 436407290
1 1
532533138 532533138
2 2
4 4
1 1
2 2
2 2
4 4
0 0
1 1
1 1
0 0
0 0
0 0
2 2
0 0
718448723 718448723
0 0
0 0
4 4
1 1
0 0
1 1
1 1
0 0
4 4
1 1
1 1
2 2
0 0
4 4
1 1
0 0
0 0
4 4
1 1
2 2
3 3
911082144 911082144
4 4
3 3
4 4
1 1
1 1
3 3
4 4
3 3
3 3
0 0
994298461 994298461
2 2
1 1
1 1
2 2
4 4
1 1
2 2
1 1
2 2
4 4
4 4
2 2
2 2
1 1
1 1
4 4
0 0
0 0
925154385 925154385
1 1
384681209 384681209
0 0
2 2
2 2
0 0
3 3
1 1
1 1
2 2
3 3
2 2
0 0
0 0
541231326 541231326
0 0
1 1
0 0
1 1
4 4
0 0
378837761 378837761
641050000 641050000
0 0
3 3
1 1
1 1
1 1
1 1
739424915 739424915
1 1
1 1
4 4
0 0
334253598 334253598
1 1
1 1
3 3
2 2
1 1
3 3
0 0
0 0
3 3
1 1
1 1
0 0
1 1
368527177 368527177
609676719 609676719
74024985 74024985
1 1
0 0
4 4
0 0
4 4
3 3
0 0
3 3
0 0
803032149 803032149
1 1
4 4
0 0
0 0
0 0
2 2
1 1
1 1
2 2
273679741 273679741
0 0
1 1
4 4
4 4
1 1
0 0
4 4
3 3
4 4
1 1
1 1
0 0
0 0
0 0
2 2
2 2
1 1
2 2
0 0
1 1
4 4
0 0
3 3
4 4
2 2
1 1
0 0
678521864 678521864
0 0
1 1
4 4
1 1
0 0
0 0
4 4
0 0
0 0
0 0
4 4
4 4
2 2
2 2
2 2
4 4
1 1
2 2
0 0
4 4
4 4
4 4
3 3
4 4
1 1
1 1
3 3
4 4
0 0
3 3
1 1
1 1
1 1
0 0
0 0
1 1
0 0
1 1
4 4
0 0
3 3
1 1
1 1
0 0
634511304 634511304
112485574 112485574
2 2
4 4
0 0
2 2
0 0
4 4
3 3
1 1
648618129 648618129
3 3
973501053 973501053
3 3
175505464 175505464
3 3
0 0
4 4
0 0
3 3
0 0
0 0
4 4
3 3
4 4
1 1
2 2
4 4
0 0
3 3
760841869 760841869
0 0
1 1
3 3
0 0
1 1
0 0
1 1
0 0
1 1
2 2
0 0
168870766 168870766
0 0
1 1
1 1
2 2
2 2
0 0
3 3
3 3
1 1
2 2
553390069 553390069
3 3
2 2
1 1
1 1
2 2
0 0
4 4
1 1
0 0
3 3
4 4
4 4
803893097 803893097
0 0
2 2
3 3
4 4
2 2
3 3
1 1
4 4
804859560 804859560
0 0
2 2
849047243 849047243
3 3
4 4
1 1
4 4
0 0
3 3
0 0
552462221 552462221
0 0
3 3
3 3
2 2
4 4
1 1
0 0
1 1
0 0
0 0
0 0
2 2
1 1
0 0
1 1
0 0
1 1
0 0
0 0
4 4
1 1
4 4
4 4
2 2
2 2
1 1
0 0
0 0
61820437 61820437
0 0
2 2
1 1
0 0
577649418 577649418
0 0
3 3
2 2
2 2
2 2
0 0
2 2
4 4
936610849 936610849
1 1
0 0
0 0
0 0
1 1
0 0
515498466 515498466
447273992 447273992
0 0
3 3
3 3
2 2
4 4
4 4
0 0
3 3
3 3
3 3
3 3
4 4
1 1
1 1
0 0
2 2
0 0
3 3
3 3
2 2
1 1
3 3
3 3
2 2
1 1
84086408 84086408
0 0
1 1
1 1
24661579 24661579
0 0
1 1
1 1
4 4
3 3
1 1
1 1
2 2
0 0
3 3
1 1
4 4
0 0
2 2
3 3
0 0
4 4
335512334 335512334
58743815 58743815
2 2
0 0
2 2
1 1
0 0
0 0
1 1
1 1
0 0
3 3
23479700 23479700
0 0
386172406 386172406
0 0
4 4
2 2
3 3
968480602 968480602
2 2
333540984 333540984
4 4
3 3
3 3
2 2
0 0
0 0
3 3
4 4
2 2
0 0
1 1
1 1
1 1
1 1
2 2
2 2
4 4
3 3
2 2
0 0
1 1
1 1
2 2
0 0
1 1
2 2
0 0
0 0
801160411 801160411
2 2
3 3
1 1
0 0
1 1
0 0
0 0
122111963 122111963
4 4
0 0
0 0
2 2
2 2
0 0
4 4
0 0
861158862 861158862
1000 1
4 4
886893318 886893318
1 1
478708228 478708228
1 1
2 2
0 0
2 2
3 3
1 1
2 2
1 1
1 1
4 4
0 0
2 2
481720194 481720194
3 3
3 3
2 2
1 1
0 0
2 2
0 0
3 3
1 1
3 3
4 4
0 0
3 3
0 0
4 4
0 0
0 0
0 0
0 0
1 1
3 3
0 0
1 1
0 0
4 4
0 0
1 1
221864428 221864428
2 2
3 3
2 2
4 4
2 2
473074849 473074849
1 1
2 2
1 1
188719473 188719473
743369707 743369707
2 2
1 1
0 0
703623228 703623228
4 4
0 0
4 4
3 3
4 4
0 0
4 4
474339622 474339622
4 4
3 3
3 3
2 2
0 0
1 1
214218312 214218312
2 2
1 1
1 1
1 1
2 2
0 0
1 1
1 1
2 2
0 0
4 4
1 1
1 1
3 3
1 1
2 2
2 2
0 0
1 1
4 4
1 1
3 3
2 2
0 0
0 0
1 1
74751010 74751010
3 3
2 2
1 1
2 2
919308280 919308280
1 1
2 2
576561003 576561003
0 0
1 1
4 4
19184149 19184149
4 4
1 1
4 4
4 4
547939784 547939784
2 2
0 0
0 0
1 1
0 0
675269234 675269234
0 0
0 0
885124489 885124489
0 0
1 1
3 3
195048493 195048493
377255999 377255999
0 0
2 2
3 3
939241810 939241810
0 0
0 0
1 1
1 1
0 0
3 3
1 1
399166792 399166792
0 0
2 2
0 0
0 0
1 1
1 1
2 2
1 1
1 1
3 3
1 1
1 1
0 0
0 0
0 0
1 1
0 0
3 3
4 4
0 0
3 3
1 1
660019330 660019330
0 0
1 1
1 1
0 0
0 0
0 0
4 4
161794862 161794862
2 2
1 1
1 1
1 1
0 0
0 0
1 1
0 0
3 3
0 0
1 1
2 2
587431256 587431256
1 1
3 3
2 2
4 4
3 3
0 0
4 4
863413494 863413494
1 1
2 2
135974626 135974626
0 0
793037082 793037082
1 1
0 0
1 1
2 2
3 3
3 3
3 3
2 2
1 1
0 0
0 0
2 2
0 0
163489220 163489220
1 1
43293726 43293726
1 1
0 0
1 1
1 1
884077559 884077559
0 0
3 3
2 2
3 3
0 0
847832176 847832176
1 1
3 3
4 4
1 1
4 4
2 2
1 1
3 3
1 1
2 2
1 1
825821812 825821812
310183931 310183931
243249280 243249280
1 1
1 1
486821260 486821260
3 3
790446197 790446197
3 3
4 4
3 3
2 2
241821372 241821372
226695314 226695314
1 1
0 0
1 1
3 3
1 1
209879150 209879150
1 1
0 0
2 2
3 3
0 0
0 0
2 2
3 3
0 0
0 0
4 4
2 2
3 3
0 0
1 1
2 2
4 4
0 0
3 3
1 1
184570595 184570595
102579171 102579171
2 2
2 2
472654278 472654278
1 1
0 0
0 0
4 4
4 4
1 1
1 1
3 3
0 0
4 4
0 0
0 0
0 0
0 0
3 3
1 1
1 1
0 0
1 1
0 0
0 0
4 4
2 2
4 4
4 4
3 3
2 2
0 0
0 0
2 2
1 1
2 2
1 1
0 0
4 4
3 3
0 0
1 1
4 4
28511018 28511018
3 3
0 0
0 0
0 0
1 1
2 2
0 0
216087522 216087522
3 3
2 2
4 4
4 4
1 1
1 1
3 3
2 2
0 0
0 0
1 1
546032489 546032489
4 4
374489006 374489006
2 2
1 1
0 0
4 4
1 1
4 4
4 4
0 0
688522602 688522602
3 3
1 1
1 1
0 0
1 1
4 4
0 0
1 1
1 1
1 1
0 0
3 3
4 4
2 2
0 0
0 0
0 0
0 0
1 1
0 0
2 2
0 0
1 1
2 2
1 1
0 0
2 2
2 2
1 1
0 0
2 2
4 4
0 0
0 0
0 0
0 0
0 0
3 3
1 1
180581779 180581779
0 0
0 0
411521358 411521358
4 4
0 0
3 3
0 0
225214962 225214962
1 1
1 1
523841895 523841895
3 3
414327460 414327460
1 1
1 1
808375928 808375928
3 3
0 0
0 0
0 0
1 1
3 3
94665122 94665122
408083511 408083511
1 1
4 4
0 0
2 2
1 1
4 4
0 0
2 2
1 1
3 3
3 3
0 0
4 4
1 1
133417764 133417764
2 2
0 0
0 0
3 3
889198909 889198909
0 0
0 0
3 3
1 1
4 4
2 2
3 3
4 4
2 2
4 4
0 0
2 2
0 0
1 1
4 4
1 1
1 1
4 4
701583097 701583097
1 1
0 0
4 4
2 2
4 4
3 3
0 0
4 4
0 0
1 1
254045701 254045701
266687276 266687276
3 3
170253402 170253402
4 4
1 1
1 1
4 4
1 1
4 4
2 2
3 3
495383272 495383272
2 2
1 1
2 2
4 4
0 0
0 0
2 2
581979134 581979134
2 2
0 0
740618902 740618902
2 2
0 0
4 4
0 0
4 4
2 2
1 1
1 1
127953569 127953569
1 1
2 2
0 0
4 4
4 4
4 4
4 4
595353158 595353158
0 0
1 1
1 1
1 1
0 0
4 4
4 4
2 2
1 1
3 3
0 0
0 0
177215824 177215824
0 0
3 3
4 4
3 3
1 1
475909860 475909860
0 0
1 1
3 3
0 0
3 3
3 3
1 1
3 3
4 4
0 0
3 3
0 0
3 3
4 4
1 1
1 1
2 2
0 0
1 1
0 0
4 4
4 4
2 2
0 0
1 1
1 1
1 1
0 0
0 0
2 2
1 1
1 1
0 0
1 1
3 3
3 3
678739806 678739806
2 2
215952085 215952085
1 1
3 3
663474541 663474541
3 3
0 0
1 1
0 0
3 3
1 1
0 0
0 0
1 1
0 0
1 1
1 1
0 0
0 0
1 1
713384645 713384645
3 3
2 2
3 3
0 0
3 3
0 0
0 0
3 3
0 0
1 1
0 0
262869840 262869840
3 3
1 1
1 1
674506822 674506822
80515481 80515481
3 3
3 3
0 0
276681451 276681451
1 1
0 0
1 1
0 0
1 1
1 1
0 0
1 1
3 3
1 1
2 2
0 0
1 1
4 4
3 3
2 2
164598019 164598019
4 4
0 0
1 1
1 1
1 1
3 3
4 4
1 1
0 0
2 2
530165619 530165619
2 2
1 1
3 3
2 2
2 2
4 4
1 1
2 2
4 4
1 1
2 2
1 1
2 2
1 1
0 0
467704662 467704662
1 1
4 4
1 1
449298885 449298885
1 1
2 2
2 2
0 0
0 0
1 1
3 3
3 3
0 0
1 1
1 1
1 1
1 1
4 4
0 0
3 3
0 0
1 1
1 1
1 1
2 2
4 4
544012729 544012729
1 1
0 0
1 1
861995755 861995755
3 3
3 3
1 1
0 0
3 3
3 3
1 1
359226296 359226296
0 0
1 1
2 2
1 1
1 1
1 1
0 0
2 2
1 1
233150560 233150560
3 3
2 2
1 1
792157783 792157783
0 0
1 1
3 3
1 1
2 2
1 1
1 1
4 4
1 1
0 0
1 1
2 2
0 0
0 0
0 0
3 3
0 0
3 3
0 0
1 1
1 1
0 0
342083154 342083154
1 1
1 1
1 1
2 2
0 0
3 3
4 4
3 3
3 3
2 2
4 4
1 1
1 1
863698128 863698128
0 0
3 3
0 0
4 4
0 0
1 1
1 1
0 0
0 0
0 0
0 0
4 4
4 4
1 1
0 0
1 1
0 0
2 2
363284592 363284592
4978202 4978202
0 0
0 0
3 3
4 4
1 1
0 0
514913390 514913390
681702589 681702589
895355572 895355572
1 1
3 3
0 0
0 0
4 4
338777161 338777161
2 2
0 0
1 1
713826440 713826440
334065168 334065168
0 0
0 0
1 1
3 3
0 0
0 0
4 4
1 1
1 1
4 4
81348510 81348510
2 2
4 4
1 1
1 1
201716614 201716614
1 1
3 3
0 0
3 3
0 0
917483119 917483119
1 1
508025447 508025447
4 4
3 3
0 0
2 2
3 3
1 1
0 0
1 1
1 1
1 1
0 0
1 1
1 1
0 0
1 1
0 0
2 2
2 2
1 1
0 0
428305951 428305951
0 0
1 1
0 0
671629299 671629299
0 0
4 4
816031927 816031927
3 3
4 4
3 3
1 1
2 2
0 0
0 0
1 1
0 0
1 1
3 3
0 0
1 1
4 4
0 0
2 2
2 2
3 3
3 3
4 4
388706182 388706182
0 0
1 1
2 2
329898015 329898015
0 0
504455404 504455404
3 3
0 0
0 0
1 1
0 0
1 1
1 1
0 0
1 1
203245292 203245292
2 2
3 3
0 0
2 2
2 2
0 0
2 2
3 3
0 0
1 1
3 3
791802072 791802072
2 2
1 1
1 1
0 0
1 1
4 4
141585927 141585927
1 1
0 0
609454569 609454569
3 3
862560182 862560182
1 1
1 1
2 2
348845284 348845284
2 2
4 4
192783321 192783321
1 1
0 0
889088906 889088906
1 1
4 4
3 3
1 1
3 3
4 4
3 3
3 3
1 1
4 4
765503614 765503614
546887629 546887629
1 1
2 2
4 4
2 2
0 0
2 2
3 3
3 3
1 1
1 1
574755408 574755408
0 0
991081807 991081807
2 2
4 4
1 1
1 1
0 0
0 0
4 4
1 1
2 2
1 1
0 0
0 0
1 1
701594130 701594130
2 2
136560634 136560634
1 1
0 0
1 1
3 3
2 2
0 0
0 0
3 3
0 0
4 4
469351033 469351033
0 0
53399724 53399724
4 4
2 2
1 1
4 4
0 0
2 2
0 0
4 4
4 4
2 2
4 4
0 0
4 4
4 4
3 3
3 3
62291193 62291193
2 2
268677617 268677617
0 0
4 4
0 0
0 0
1 1
1 1
1 1
0 0
0 0
3 3
259904819 259904819
2 2
0 0
0 0
4 4
4 4
0 0
1 1
2 2
3 3
1 1
1 1
1000 3
2 2
1 1
3 3
1 1
0 0
945960562 945960562
0 0
0 0
2 2
2 2
1 1
0 0
0 0
0 0
454002640 454002640
2 2
1 1
0 0
3 3
4 4
1 1
0 0
3 3
1 1
1 1
0 0
0 0
1 1
2 2
1 1
749078066 749078066
979547034 979547034
780160292 780160292
20382342 20382342
524627915 524627915
1 1
1 1
3 3
0 0
1 1
671554867 671554867
0 0
637982115 637982115
1 1
3 3
1 1
0 0
0 0
3 3
2 2
525846029 525846029
3 3
4 4
0 0
1 1
42488787 42488787
0 0
21268461 21268461
11131463 11131463
248969368 248969368
47788959 47788959
4 4
2 2
3 3
3 3
0 0
1 1
1 1
186182991 186182991
0 0
0 0
1 1
1 1
2 2
2 2
0 0
0 0
1 1
1 1
0 0
3 3
4 4
0 0
4 4
669861474 669861474
0 0
1 1
1 1
3 3
2 2
0 0
4 4
1 1
1 1
3 3
1 1
352352832 352352832
3 3
1 1
2 2
2 2
2 2
4 4
4 4
4 4
767014655 767014655
4 4
0 0
0 0
0 0
0 0
0 0
1 1
0 0
0 0
852542616 852542616
0 0
3 3
1 1
0 0
0 0
1 1
1 1
927819643 927819643
0 0
0 0
1 1
1 1
2 2
1 1
0 0
0 0
4 4
0 0
597276813 597276813
1 1
0 0
1 1
1 1
2 2
3 3
0 0
4 4
1 1
3 3
2 2
0 0
1 1
0 0
2 2
2 2
1 1
553223873 553223873
0 0
1 1
0 0
4 4
0 0
3 3
1 1
1 1
4 4
4 4
3 3
1 1
578576662 578576662
1 1
2 2
4 4
4 4
3 3
0 0
4 4
0 0
1 1
0 0
2 2
1 1
1 1
2 2
1 1
0 0
0 0
2 2
2 2
3 3
1 1
629244349 629244349
2 2
0 0
0 0
2 2
1 1
0 0
318918426 318918426
3 3
57592020 57592020
4 4
2 2
3 3
882493469 882493469
3 3
988765876 988765876
0 0
915946421 915946421
419585387 419585387
2 2
0 0
808441948 808441948
0 0
1 1
0 0
0 0
4 4
1 1
2 2
2 2
406935167 406935167
3 3
4 4
3 3
2 2
4 4
0 0
363995254 363995254
0 0
0 0
4 4
2 2
4 4
573561026 573561026
150185066 150185066
4 4
463837050 463837050
0 0
2 2
0 0
1 1
2 2
880189434 880189434
2 2
2 2
40041010 40041010
524125978 524125978
2 2
2 2
880660262 880660262
0 0
253306224 253306224
1 1
0 0
1 1
2 2
3 3
3 3
824016027 824016027
0 0
2 2
1 1
1 1
0 0
2 2
0 0
0 0
2 2
1 1
1 1
1 1
3 3
1 1
4 4
0 0
3 3
1 1
1 1
596427769 596427769
3 3
1 1
4 4
0 0
1 1
1 1
772657527 772657527
557667620 557667620
0 0
618546758 618546758
1 1
0 0
2 2
0 0
0 0
0 0
0 0
1 1
0 0
0 0
1 1
0 0
1 1
1 1
307453005 307453005
1 1
279899691 279899691
3 3
0 0
3 3
1 1
1 1
0 0
26643082 26643082
0 0
1 1
1 1
278915502 278915502
0 0
1 1
0 0
2 2
0 0
2 2
1 1
0 0
2 2
0 0
392694017 392694017
0 0
1 1
1 1
0 0
2 2
541265347 541265347
3 3
2 2
1 1
0 0
1 1
3 3
662319835 662319835
2 2
3 3
1 1
2 2
1 1
3 3
1 1
2 2
0 0
2 2
2 2
3 3
1 1
3 3
0 0
1 1
0 0
2 2
0 0
0 0
0 0
0 0
1 1
1 1
1 1
3 3
1 1
2 2
2 2
1 1
1 1
0 0
3 3
884629458 884629458
0 0
533129591 533129591
0 0
2 2
2 2
4 4
615752680 615752680
341021569 341021569
0 0
1 1
1 1
4 4
1 1
1 1
0 0
1 1
3 3
1 1
1 1
3 3
0 0
1 1
0 0
1 1
2 2
0 0
2 2
1 1
2 2
4 4
1 1
0 0
1 1
1 1
1 1
0 0
0 0
0 0
1 1
1 1
0 0
0 0
4 4
3 3
2 2
1 1
2 2
0 0
3 3
0 0
2 2
3 3
1 1
629258498 629258498
1 1
441686884 441686884
1 1
1 1
780354168 780354168
2 2
4 4
3 3
3 3
1 1
2 2
1 1
3 3
1 1
4 4
0 0
2 2
1 1
1 1
160028713 160028713
1 1
2 2
1 1
1 1
2 2
1 1
3 3
84260278 84260278
1 1
0 0
1 1
4 4
848740460 848740460
4 4
654664235 654664235
831255184 831255184
34056112 34056112
4 4
3 3
1 1
3 3
346723283 346723283
1 1
4 4
0 0
1 1
2 2
1 1
0 0
4 4
1 1
0 0
165749374 165749374
3 3
3 3
2 2
3 3
0 0
131206684 131206684
4 4
827220407 827220407
1 1
0 0
4 4
3 3
1 1
1 1
2 2
944379110 944379110
3 3
643074062 643074062
2 2
0 0
0 0
1 1
1 1
1 1
1 1
0 0
3 3
0 0
0 0
1 1
1 1
1 1
0 0
2 2
1 1
4 4
1 1
2 2
1 1
0 0
3 3
0 0
3 3
591755114 591755114
1 1
4 4
396664604 396664604
1 1
2 2
4 4
1 1
3 3
233339239 233339239
1 1
3 3
2 2
3 3
879241423 879241423
678219353 678219353
1 1
0 0
1 1
0 0
2 2
0 0
0 0
0 0
0 0
1 1
0 0
0 0
1 1
1 1
3 3
1 1
369793547 369793547
0 0
0 0
0 0
990271658 990271658
1 1
2 2
386764997 386764997
3 3
1 1
1 1
2 2
4 4
0 0
1 1
4 4
0 0
4 4
2 2
371697085 371697085
2 2
1 1
592418245 592418245
1 1
1 1
2 2
2 2
1 1
446129741 446129741
2 2
163392065 163392065
0 0
0 0
3 3
2 2
225012532 225012532
0 0
0 0
4 4
2 2
4 4
811195729 811195729
1 1
1 1
3 3
0 0
1 1
0 0
0 0
0 0
4 4
0 0
0 0
1 1
4 4
4 4
179702312 179702312
3 3
0 0
4 4
992553646 992553646
0 0
2 2
0 0
1 1
4 4
2 2
2 2
5072371 5072371
630452356 630452356
3 3
36771371 36771371
86339093 86339093
894702940 894702940
1 1
1 1
1 1
2 2
845438785 845438785
3 3
1 1
4 4
2 2
2 2
2 2
2 2
3 3
4 4
4 4
4 4
1 1
0 0
4 4
4 4
1 1
600017626 600017626
3 3
0 0
0 0
5403860 5403860
0 0
2 2
3 3
185148587 185148587
0 0
0 0
2 2
1 1
2 2
2 2
3 3
0 0
3 3
0 0
0 0
0 0
1 1
0 0
1 1
0 0
0 0
1 1
1 1
3 3
893335961 893335961
0 0
4 4
873555090 873555090
0 0
1 1
1 1
137442111 137442111
1 1
684449209 684449209
1 1
2 2
1 1
1 1
1 1
0 0
4 4
2 2
0 0
3 3
0 0
2 2
3 3
3 3
3 3
3 3
625086403 625086403
2 2
1 1
1 1
4 4
4 4
0 0
3 3
840214681 840214681
1 1
0 0
0 0
2 2
0 0
0 0
0 0
917683186 917683186
1 1
3 3
3 3
1 1
4 4
2 2
0 0
4 4
1 1
0 0
1 1
836371392 836371392
4 4
0 0
4 4
3 3
2 2
3 3
260786813 260786813
3 3
1 1
0 0
0 0
3 3
1 1
4 4
3 3
1 1
0 0
3 3
3 3
3 3
2 2
910988356 910988356
1 1
4 4
1 1
2 2
0 0
2 2
3 3
2 2
0 0
1 1
1 1
1 1
0 0
3 3
4 4
1 1
0 0
248118636 248118636
2 2
0 0
0 0
0 0
4 4
4 4
162659066 162659066
2 2
807052974 807052974
0 0
3 3
1 1
4 4
3 3
2 2
1 1
2 2
2 2
0 0
0 0
0 0
3 3
1 1
3 3
0 0
0 0
0 0
2 2
713818505 713818505
290395462 290395462
0 0
0 0
124497466 124497466
3 3
1 1
0 0
1 1
0 0
3 3
1 1
109791121 109791121
1 1
1 1
2 2
1 1
0 0
1 1
0 0
2 2
1 1
0 0
0 0
912481862 912481862
1 1
1 1
3 3
1 1
2 2
0 0
4 4
350663418 350663418
0 0
3 3
1 1
3 3
2 2
1 1
1 1
4 4
1 1
2 2
0 0
1 1
0 0
2 2
4 4
0 0
4 4
1 1
0 0
1 1
0 0
616203343 616203343
35108333 35108333
1 1
3 3
2 2
400533451 400533451
213545810 213545810
1 1
2 2
0 0
4 4
2 2
2 2
1 1
0 0
0 0
1 1
4 4
1 1
3 3
0 0
730247742 730247742
0 0
875815860 875815860
0 0
0 0
0 0
0 0
1 1
0 0
1 1
3 3
331914016 331914016
525175543 525175543
0 0
1 1
0 0
0 0
2 2
3 3
0 0
2 2
243850297 243850297
367984499 367984499
3 3
3 3
1 1
2 2
995064066 995064066
1 1
744510391 744510391
2 2
4 4
0 0
50278278 50278278
2 2
1 1
0 0
4 4
1 1
3 3
1 1
1 1
369518406 369518406
0 0
0 0
2 2
0 0
0 0
1 1
1 1
4 4
1 1
3 3
1 1
3 3
1 1
2 2
0 0
0 0
1 1
1 1
1 1
1 1
1 1
0 0
618898165 618898165
4 4
2 2
1 1
1 1
2 2
4 4
60102248 60102248
2 2
0 0
0 0
1 1
0 0
4 4
581460186 581460186
3 3
3 3
0 0
1 1
3 3
0 0
1 1
3 3
0 0
1 1
0 0
4 4
3 3
622740746 622740746
2 2
1 1
240613378 240613378
0 0
901828419 901828419
4 4
0 0
1 1
20722674 20722674
2 2
70319806 70319806
0 0
1 1
3 3
3 3
3 3
72035929 72035929
1 1
4 4
0 0
1 1
1 1
2 2
0 0
231044814 231044814
923546942 923546942
4 4
3 3
2 2
2 2
1000 58
0 0
1 1
1 1
0 0
220599892 220599892
1 1
2 2
4 4
1 1
0 0
1 1
1 1
4 4
4 4
1 1
4 4
3 3
0 0
1 1
418463010 418463010
2 2
0 0
1 1
3 3
1 1
785168636 785168636
1 1
2 2
0 0
1 1
319186698 319186698
1 1
0 0
1 1
1 1
4 4
3 3
4 4
0 0
0 0
3 3
3 3
0 0
1 1
1 1
4 4
2 2
2 2
1 1
3 3
1 1
1 1
51244880 51244880
2 2
4 4
0 0
0 0
0 0
3 3
0 0
0 0
3 3
4 4
4 4
0 0
1 1
0 0
1 1
0 0
3 3
2 2
4 4
0 0
0 0
3 3
4 4
4 4
1 1
1 1
0 0
2 2
1 1
3 3
1 1
373610296 373610296
0 0
166267552 166267552
0 0
1 1
0 0
1 1
4 4
0 0
0 0
943303051 943303051
1 1
4 4
0 0
2 2
0 0
1 1
4 4
920985361 920985361
0 0
595660460 595660460
3 3
1 1
0 0
0 0
2 2
513644790 513644790
2 2
0 0
1 1
2 2
3 3
3 3
1 1
4 4
1 1
1 1
1 1
145380690 145380690
0 0
2 2
0 0
1 1
1 1
1 1
317904507 317904507
1 1
3 3
0 0
1 1
2 2
0 0
0 0
331777339 331777339
3 3
0 0
1 1
0 0
4 4
3 3
2 2
0 0
0 0
0 0
4 4
4 4
1 1
1 1
0 0
3 3
3 3
0 0
3 3
1 1
194546641 194546641
0 0
4 4
0 0
0 0
0 0
2 2
1 1
4 4
0 0
1 1
0 0
0 0
395909317 395909317
4 4
3 3
1 1
2 2
933151261 933151261
778090572 778090572
423733207 423733207
39455203 39455203
3 3
566898404 566898404
0 0
1 1
3 3
0 0
0 0
2 2
0 0
0 0
231123464 231123464
0 0
2 2
4 4
0 0
0 0
0 0
0 0
882750427 882750427
629588269 629588269
0 0
3 3
0 0
1 1
824887294 824887294
1 1
3 3
2 2
2 2
1 1
0 0
1 1
1 1
4 4
0 0
2 2
0 0
1 1
1 1
0 0
0 0
1 1
189803379 189803379
142664876 142664876
1 1
1 1
1 1
4 4
1 1
1 1
2 2
1 1
1 1
1 1
3 3
0 0
3 3
1 1
1 1
0 0
4 4
0 0
3 3
0 0
4 4
3 3
3 3
0 0
0 0
1 1
3 3
1 1
2 2
1 1
3 3
0 0
4 4
0 0
1 1
1 1
2 2
1 1
4 4
4 4
1 1
0 0
1 1
3 3
3 3
0 0
0 0
4 4
353412150 353412150
1 1
1 1
1 1
4 4
2 2
4 4
0 0
1 1
222591954 222591954
719479664 719479664
4 4
1 1
3 3
4 4
353979780 353979780
200599545 200599545
2 2
0 0
3 3
3 3
3 3
347385198 347385198
1 1
0 0
0 0
176467286 176467286
4 4
4 4
3 3
1 1
3 3
4 4
3 3
3 3
4 4
1 1
0 0
604900953 604900953
0 0
1 1
0 0
2 2
1 1
4 4
1 1
0 0
563149622 563149622
1 1
1 1
0 0
0 0
1 1
0 0
1 1
1 1
3 3
914677746 914677746
0 0
0 0
4 4
3 3
1 1
391223000 391223000
0 0
0 0
0 0
19495827 19495827
3 3
0 0
0 0
0 0
4 4
0 0
2 2
1 1
1 1
3 3
1 1
0 0
79558865 79558865
0 0
2 2
2 2
1 1
993466938 993466938
1 1
3 3
1 1
1 1
0 0
1 1
140450029 140450029
1 1
299778584 299778584
1 1
1 1
0 0
3 3
3 3
389607545 389607545
4 4
684476959 684476959
1 1
1 1
0 0
0 0
3 3
154355376 154355376
2 2
0 0
1 1
0 0
3 3
4 4
1 1
0 0
0 0
1 1
3 3
0 0
4 4
0 0
0 0
0 0
749562396 749562396
1 1
1 1
1 1
3 3
4 4
3 3
4 4
2 2
1 1
0 0
1 1
3 3
4 4
4 4
2 2
93533166 93533166
0 0
1 1
4 4
0 0
0 0
2 2
0 0
1 1
505918233 505918233
0 0
1 1
0 0
1 1
4 4
1 1
2 2
4 4
1 1
278309363 278309363
1 1
1 1
522296827 522296827
1 1
1 1
1 1
1 1
1 1
0 0
2 2
1 1
1 1
1 1
2 2
589037620 589037620
3 3
0 0
1 1
885390102 885390102
3 3
593423874 593423874
1 1
1 1
3 3
175895333 175895333
0 0
1 1
2 2
0 0
0 0
4 4
1 1
1 1
2 2
4 4
3 3
1 1
1 1
3 3
4 4
4 4
0 0
1 1
1 1
1 1
0 0
0 0
0 0
1 1
0 0
4 4
3 3
0 0
135919867 135919867
2 2
0 0
2 2
0 0
0 0
1 1
1 1
2 2
1 1
0 0
0 0
3 3
1 1
1 1
1 1
1 1
489831222 489831222
3 3
0 0
400002003 400002003
2 2
3 3
4 4
0 0
3 3
4 4
2 2
1 1
1 1
4 4
4 4
3 3
4 4
1 1
575625733 575625733
2 2
698351038 698351038
1 1
1 1
0 0
3 3
4 4
0 0
77968655 77968655
3 3
3 3
0 0
0 0
1 1
300730656 300730656
0 0
4 4
3 3
1 1
3 3
0 0
4 4
0 0
0 0
0 0
0 0
4 4
0 0
0 0
4 4
3 3
3 3
549625354 549625354
2 2
1 1
0 0
3 3
2 2
1 1
0 0
1 1
3 3
0 0
2 2
1 1
3 3
0 0
686188665 686188665
4 4
0 0
628688991 628688991
0 0
1 1
904662982 904662982
0 0
2 2
2 2
3 3
4 4
931940010 931940010
4 4
1 1
1 1
0 0
0 0
483265229 483265229
4 4
0 0
0 0
3 3
499536129 499536129
268156333 268156333
1 1
0 0
658797662 658797662
3 3
0 0
0 0
1 1
4 4
2 2
2 2
0 0
1 1
0 0
1 1
0 0
4 4
0 0
2 2
0 0
3 3
0 0
0 0
3 3
4 4
2 2
0 0
0 0
0 0
873186147 873186147
1 1
1 1
4 4
520262931 520262931
0 0
1 1
1 1
4 4
0 0
1 1
756564834 756564834
4 4
2 2
0 0
4 4
1 1
657363764 657363764
0 0
4 4
1 1
0 0
2 2
2 2
3 3
0 0
2 2
0 0
1 1
3 3
2 2
3 3
0 0
3 3
649219848 649219848
2 2
2 2
4 4
364804264 364804264
1 1
1 1
2 2
2 2
0 0
133014748 133014748
4 4
4 4
2 2
1 1
0 0
2 2
0 0
504628405 504628405
3 3
3 3
4 4
4 4
736321200 736321200
0 0
1 1
1 1
4 4
0 0
0 0
2 2
3 3
1 1
0 0
1 1
4 4
4 4
4 4
4 4
1 1
3 3
3 3
4 4
1 1
1 1
3 3
2 2
1 1
2 2
3 3
1 1
3 3
2 2
0 0
2 2
3 3
0 0
509812175 509812175
2 2
0 0
0 0
1 1
0 0
3 3
918461871 918461871
1 1
60934161 60934161
1 1
3 3
2 2
2 2
0 0
3 3
3 3
4 4
1 1
1 1
843622161 843622161
1 1
0 0
3 3
3 3
1 1
1 1
0 0
1 1
3 3
0 0
1 1
523212843 523212843
3 3
4 4
0 0
2 2
0 0
1 1
2 2
0 0
974781701 974781701
1 1
0 0
264866438 264866438
1 1
659782528 659782528
2 2
1 1
4 4
514398126 514398126
3 3
3 3
1 1
0 0
87128465 87128465
4 4
4 4
3 3
3 3
1 1
0 0
0 0
0 0
846947683 846947683
1 1
3 3
822862983 822862983
1 1
720053594 720053594
1 1
0 0
0 0
0 0
1 1
2 2
2 2
700158609 700158609
1 1
2 2
4 4
2 2
1 1
3 3
0 0
607523527 607523527
0 0
1 1
1 1
4 4
4 4
1 1
1 1
825168237 825168237
4 4
614623307 614623307
2 2
4 4
2 2
0 0
702375415 702375415
0 0
1 1
1 1
1 1
1 1
4 4
3 3
0 0
0 0
4 4
361964928 361964928
0 0
0 0
0 0
398097888 398097888
3 3
4 4
0 0
2 2
3 3
0 0
0 0
474568055 474568055
976794543 976794543
0 0
1 1
2 2
1 1
1 1
3 3
4 4
1 1
265303304 265303304
4 4
2 2
437707609 437707609
1 1
0 0
4 4
2 2
4 4
4 4
3 3
0 0
0 0
0 0
0 0
602097777 602097777
261709330 261709330
1 1
0 0
3 3
3 3
997569514 997569514
0 0
1 1
0 0
0 0
4 4
867028190 867028190
3 3
2 2
189854741 189854741
2 2
2 2
3 3
2 2
3 3
1 1
2 2
0 0
0 0
301264998 301264998
3 3
1 1
2 2
2 2
767334515 767334515
4 4
0 0
3 3
0 0
1 1
713196744 713196744
3 3
1 1
1 1
1 1
3 3
2 2
0 0
0 0
2 2
1 1
3 3
2 2
1 1
0 0
4 4
3 3
1 1
0 0
1 1
405159152 405159152
1 1
2 2
592911657 592911657
2 2
4 4
0 0
406378778 406378778
638571971 638571971
0 0
0 0
2 2
1 1
2 2
2 2
4 4
116218712 116218712
4 4
3 3
1 1
0 0
0 0
4 4
1 1
1 1
1 1
4 4
0 0
2 2
2 2
1 1
1 1
0 0
0 0
4 4
0 0
1 1
0 0
4 4
0 0
326367065 326367065
3 3
367733173 367733173
1 1
1 1
3 3
3 3
1 1
0 0
0 0
1 1
4 4
3 3
0 0
0 0
1 1
1 1
288519822 288519822
0 0
2 2
786572992 786572992
3 3
0 0
1 1
1 1
3 3
0 0
1 1
1 1
4 4
1 1
1 1
0 0
258694618 258694618
2 2
384139388 384139388
1 1
2 2
0 0
486286416 486286416
1 1
0 0
4 4
1000 94
0 0
138400122 138400122
79526985 79526985
98559018 98559018
1 1
366950929 366950929
1 1
1 1
1 1
4 4
0 0
908937082 908937082
2 2
0 0
1 1
1 1
0 0
607393988 607393988
903735297 903735297
552406003 552406003
3 3
1 1
0 0
0 0
0 0
2 2
1 1
1 1
3 3
0 0
4 4
4 4
0 0
0 0
2 2
1 1
0 0
2 2
2 2
0 0
4 4
3 3
1 1
3 3
4 4
2 2
1 1
0 0
1 1
2 2
1 1
1 1
1 1
1 1
4 4
2 2
0 0
1 1
0 0
4 4
0 0
1 1
653785763 653785763
3 3
0 0
1 1
1 1
106612278 106612278
4 4
638621686 638621686
4 4
1 1
188696886 188696886
854580432 854580432
1 1
1 1
3 3
582733099 582733099
0 0
4 4
717315539 717315539
3 3
0 0
1 1
2 2
1 1
1 1
0 0
3 3
3 3
0 0
0 0
1 1
0 0
0 0
0 0
4 4
4 4
1 1
2 2
3 3
2 2
4 4
3 3
0 0
1 1
0 0
3 3
4 4
0 0
1 1
4 4
0 0
0 0
0 0
4 4
1 1
3 3
2 2
0 0
1 1
1 1
4 4
4 4
0 0
1 1
253772651 253772651
2 2
0 0
3 3
2 2
1 1
1 1
1 1
0 0
1 1
0 0
908519591 908519591
2 2
0 0
4 4
0 0
0 0
1 1
38655917 38655917
4 4
4 4
0 0
3 3
2 2
3 3
0 0
0 0
1 1
0 0
0 0
1 1
426695716 426695716
90317790 90317790
4 4
0 0
0 0
0 0
1 1
743771696 743771696
1 1
2 2
0 0
4 4
2 2
3 3
1 1
2 2
0 0
0 0
3 3
3 3
1 1
4 4
4 4
29373972 29373972
2 2
1 1
3 3
909583176 909583176
1 1
2 2
0 0
1 1
82475721 82475721
1 1
0 0
0 0
0 0
2 2
4 4
3 3
4 4
2 2
0 0
721553872 721553872
0 0
1 1
3 3
0 0
0 0
1 1
0 0
0 0
4 4
1 1
0 0
4 4
1 1
0 0
4 4
0 0
3 3
2 2
3 3
3 3
2 2
0 0
3 3
1 1
0 0
858972147 858972147
3 3
4 4
3 3
1 1
2 2
2 2
1 1
0 0
2 2
4 4
3 3
2 2
0 0
0 0
1 1
3 3
0 0
428962849 428962849
1 1
4 4
326212230 326212230
1 1
867738465 867738465
4 4
3 3
4 4
16360107 16360107
1 1
0 0
2 2
3 3
2 2
575232242 575232242
4 4
4 4
2 2
0 0
0 0
0 0
1 1
1 1
778968846 778968846
2 2
3 3
4 4
4 4
1 1
1 1
2 2
4 4
1 1
0 0
0 0
1 1
3 3
375761072 375761072
982165370 982165370
2 2
3 3
3 3
0 0
1 1
118745520 118745520
3 3
1 1
0 0
3 3
1 1
1 1
4 4
2 2
1 1
0 0
4 4
1 1
2 2
0 0
4 4
0 0
146859667 146859667
1 1
688185248 688185248
954172117 954172117
2 2
1 1
0 0
3 3
634757956 634757956
2 2
3 3
0 0
1 1
0 0
2 2
827534898 827534898
0 0
0 0
1 1
1 1
1 1
349910057 349910057
0 0
1 1
0 0
1 1
0 0
4 4
1 1
4 4
0 0
4 4
2 2
4 4
3 3
1 1
1 1
0 0
591906774 591906774
4 4
1 1
1 1
0 0
1 1
1 1
811149979 811149979
0 0
0 0
639552532 639552532
2 2
1 1
0 0
4 4
0 0
1 1
4 4
1 1
1 1
2 2
4 4
2 2
4 4
1 1
1 1
4 4
1 1
2 2
0 0
1 1
750102908 750102908
0 0
4 4
642139120 642139120
0 0
226033844 226033844
0 0
4 4
1 1
4 4
2 2
398436696 398436696
0 0
4 4
0 0
488996911 488996911
815068693 815068693
2 2
4 4
1 1
3 3
0 0
1 1
1 1
4 4
1 1
0 0
220843244 220843244
1 1
1 1
4 4
4 4
4 4
4 4
1 1
1 1
0 0
1 1
0 0
4 4
1 1
2 2
2 2
3 3
893205556 893205556
1 1
1 1
3 3
0 0
4 4
2 2
1 1
1 1
289986274 289986274
0 0
4 4
19629567 19629567
2 2
3 3
0 0
0 0
0 0
1 1
0 0
4 4
0 0
3 3
819774256 819774256
0 0
2 2
1 1
3 3
4 4
0 0
1 1
0 0
1 1
3 3
630405954 630405954
1 1
1 1
1 1
0 0
0 0
3 3
4 4
1 1
165997259 165997259
1 1
1 1
385350708 385350708
4 4
2 2
4 4
900917325 900917325
0 0
0 0
3 3
0 0
0 0
3 3
3 3
1 1
0 0
2 2
1 1
0 0
1 1
927934770 927934770
952664300 952664300
1 1
3 3
1 1
1 1
1 1
4 4
0 0
1 1
0 0
3 3
2 2
2 2
3 3
2 2
1 1
1 1
4 4
0 0
3 3
2 2
1 1
0 0
0 0
3 3
1 1
0 0
2 2
0 0
3 3
0 0
0 0
3 3
572559977 572559977
1 1
1 1
4 4
1 1
0 0
2 2
3 3
0 0
4 4
0 0
0 0
489576651 489576651
388319434 388319434
1 1
4 4
0 0
0 0
2 2
1 1
4 4
4 4
2 2
2 2
4 4
917220313 917220313
1 1
3 3
722162162 722162162
1 1
1 1
2 2
3 3
0 0
3 3
562354691 562354691
2 2
0 0
0 0
4 4
678941360 678941360
3 3
326115859 326115859
1 1
1 1
1 1
0 0
365189075 365189075
704753652 704753652
4 4
3 3
0 0
3 3
1 1
2 2
2 2
0 0
4 4
1 1
154446066 154446066
1 1
1 1
4 4
0 0
2 2
0 0
0 0
0 0
2 2
4 4
1 1
0 0
2 2
0 0
160628326 160628326
0 0
0 0
0 0
4 4
1 1
0 0
0 0
0 0
4 4
4 4
0 0
0 0
3 3
3 3
2 2
32605633 32605633
1 1
2 2
2 2
57273778 57273778
1 1
0 0
4 4
0 0
2 2
754940496 754940496
2 2
2 2
2 2
1 1
998041170 998041170
2 2
1 1
2 2
0 0
117337186 117337186
4 4
0 0
444525488 444525488
1 1
0 0
0 0
3 3
691626099 691626099
1 1
1 1
3 3
1 1
1 1
0 0
1 1
1 1
3 3
0 0
0 0
4 4
0 0
0 0
0 0
0 0
3 3
1 1
2 2
2 2
0 0
2 2
4 4
540078682 540078682
3 3
0 0
0 0
2 2
0 0
1 1
3 3
4 4
0 0
1 1
1 1
766977470 766977470
3 3
2 2
2 2
4 4
3 3
0 0
1 1
0 0
0 0
0 0
1 1
0 0
515991267 515991267
0 0
3 3
0 0
0 0
0 0
4 4
4 4
646927744 646927744
3 3
1 1
1 1
4 4
1 1
2 2
2 2
4 4
2 2
2 2
0 0
2 2
0 0
4 4
1 1
79277226 79277226
0 0
3 3
0 0
1 1
0 0
2 2
0 0
1 1
4 4
690700566 690700566
594336661 594336661
3 3
1 1
0 0
347844540 347844540
2 2
0 0
0 0
0 0
4 4
2 2
212251035 212251035
119151843 119151843
1 1
0 0
0 0
0 0
1 1
3 3
128659627 128659627
1 1
0 0
0 0
0 0
1 1
1 1
651409569 651409569
1 1
0 0
1 1
641331371 641331371
1 1
690826415 690826415
0 0
0 0
783103575 783103575
0 0
4 4
1 1
4 4
0 0
1 1
1 1
87655289 87655289
2 2
625262606 625262606
0 0
1 1
852256827 852256827
967605208 967605208
635175081 635175081
0 0
655941910 655941910
3 3
1 1
0 0
4 4
3 3
876572089 876572089
1 1
1 1
3 3
4 4
3 3
3 3
1 1
288731195 288731195
0 0
2 2
0 0
1 1
2 2
4 4
943918331 943918331
0 0
0 0
1 1
2 2
0 0
4 4
795747469 795747469
1 1
0 0
0 0
4 4
2 2
0 0
966441971 966441971
276280998 276280998
0 0
1 1
1 1
2 2
4 4
3 3
2 2
3 3
0 0
0 0
1 1
912866268 912866268
4 4
731072182 731072182
1 1
1 1
1 1
1 1
1 1
711333976 711333976
0 0
0 0
2 2
3 3
1 1
0 0
0 0
1 1
1 1
1 1
2 2
1 1
3 3
0 0
1 1
0 0
4 4
0 0
4 4
212631928 212631928
1 1
0 0
2 2
2 2
0 0
1 1
3 3
2 2
3 3
2 2
0 0
1 1
0 0
4 4
3 3
0 0
0 0
4 4
1 1
202133593 202133593
351827574 351827574
0 0
1 1
1 1
178451611 178451611
0 0
4 4
1 1
3 3
2 2
1 1
46344007 46344007
1 1
0 0
975115593 975115593
1 1
0 0
1 1
3 3
4 4
1 1
0 0
580628278 580628278
2 2
0 0
1 1
3 3
1 1
572755317 572755317
1 1
0 0
0 0
2 2
0 0
2 2
1 1
4 4
2 2
704122485 704122485
1 1
2 2
2 2
2 2
1 1
3 3
0 0
1 1
0 0
1 1
1 1
3 3
0 0
649219973 649219973
0 0
3 3
4 4
0 0
1 1
1 1
4 4
0 0
0 0
4 4
1 1
1 1
4 4
2 2
1 1
1 1
1 1
1 1
316005312 316005312
286340577 286340577
3 3
1 1
469124348 469124348
0 0
2 2
543986604 543986604
1 1
2 2
2 2
1 1
1 1
0 0
1 1
4 4
4 4
1 1
1 1
3 3
3 3
779374398 779374398
0 0
1 1
3 3
0 0
0 0
2 2
1 1
911666421 911666421
864540892 864540892
2 2
3 3
117946628 117946628
0 0
1 1
1 1
0 0
2 2
3 3
3 3
2 2
0 0
2 2
0 0
101659477 101659477
2 2
2 2
4 4
3 3
0 0
3 3
1 1
4 4
1 1
1 1
0 0
4 4
245393224 245393224
4 4
4 4
