10
1000 92
0 4
0 267962730
1 5
0 3
0 600107216
2 609684036
0 496131081
0 715874634
0 241153979
0 368580296
0 261579162
133647064 133647066
0 4
0 2
0 469085646
0 2
0 30814218
4 48726244
2 5
0 156167042
1 6
0 3
1 5
0 2
0 5
1 3
0 4
3 154008981
1 4
0 4
2 5
1 3
1 683359006
3 480649194
0 1
1 967722813
3 581694176
1 5
0 1
0 3
0 2
3 6
0 4
1 958688163
0 1
0 132145266
3 4
0 325661969
0 691733688
1 6
0 407429531
0 2
0 3
0 2
0 2
1 3
1 626440242
0 3
0 535600432
0 4
1 122866809
0 877160505
1 659638594
0 5
0 744264433
0 157203778
1 367725674
0 626165676
0 5
4 7
0 915364306
0 127932278
0 1
0 1
1 446483645
0 937246778
0 74791840
0 373681412
0 1
0 496602219
0 924728697
0 914789419
0 4
0 278112220
0 404886055
0 442630484
0 1
0 5
0 165058613
0 3
0 107845422
1 4
1 948199732
0 488126402
0 688015473
0 992572675
2 7
0 4
0 248172335
1 849795436
0 1
0 3
0 4
0 845870510
0 631741814
0 3
3 780366985
0 516489125
0 2
0 803664398
0 2
1 888743255
0 97184468
0 632648911
3 6
1 621939668
1 5
0 860902776
0 538572369
0 93105344
0 4
0 950732741
0 5
0 4
0 18727757
2 787546946
0 3
2 15624522
0 611511516
0 4
0 796756937
0 1
0 661220072
0 4
0 1
0 884893414
0 779038281
3 155273583
0 921258465
0 5
0 314547087
0 5
0 381094156
0 3
0 348984061
0 956403860
1 975857379
0 806580424
0 644815541
1 5
0 5
1 4
1 5
0 133777870
0 607780583
0 4
0 3
0 3
0 1
0 791613218
0 2
0 40077871
0 4
0 109070599
0 397258970
155781564 323018228
0 5
0 530420464
4 5
1 974078636
0 761962281
0 925749536
0 76331561
0 5
0 210353113
0 1
1 5
1 2
0 308970359
0 5
0 4
4 543249668
0 65294600
0 5
0 2
0 4
1 421255104
0 4
0 166599538
0 5
0 638185002
0 245310643
0 2
1 713318000
0 692108548
0 4
0 150834079
0 3
0 609972781
0 304096266
0 395611232
1 2
0 342251382
0 1
0 5
0 264660721
1 349484688
0 1
0 481686757
1 3
0 4
0 2
0 37676120
0 3
0 125155637
0 985269109
1 225728005
0 191235368
0 107392109
0 811640736
0 624861749
0 451871075
0 4
0 890703678
1 2
0 751265093
0 1
0 958834276
0 5
1 336619924
0 4
1 153837509
0 386539151
0 964106631
0 17721848
0 366312065
0 2
1 4
0 770812644
2 621731645
1 186204751
0 2
0 274725621
0 2
0 5
0 2
0 635721016
1 4
1 6
0 847842276
0 5
3 5
1 2
1 4
0 1
0 108139075
0 614821903
0 5
0 4
1 973994993
0 466367683
0 5
4 499955631
0 2
0 1
0 227950718
0 525896993
0 443779540
0 4
0 3
1 128868367
1 200185034
0 5
1 5
0 1
0 535493726
0 512220048
0 2
1 6
1 4
0 2
0 2
0 351853240
0 864698756
3 8
0 432384972
0 3
0 910200529
0 612494100
0 4
0 553993192
1 392804950
1 171989155
0 164122600
0 121046099
0 4
0 5
0 814762403
0 830284096
0 790723722
0 270320195
0 358690714
1 4
1 2
0 17368557
1 3
0 2
0 694285863
0 5
0 1
0 572349765
0 5
4 279815854
0 5
0 867507124
0 596014486
0 2
0 325167675
0 512596757
0 7183344
2 36946449
767943933 957518239
0 418662094
0 551066954
0 5
0 1
1 6
0 651807658
0 599425479
1 710888305
1 4
1 614853656
0 3
0 1
0 5
0 58231137
0 1
782742070 829785553
0 1
1 926402039
4 919196148
1 5
0 2
0 21229865
0 481271080
0 3
0 3
0 5
0 2
1 4
1 624436286
0 5
0 501999736
0 857167757
1 5
0 426168736
0 2
0 163449687
0 875639074
0 211971762
0 199358766
0 212429897
0 4
3 158747901
0 5
0 2
0 3
0 781851169
1 3
0 5
0 4
0 2
0 5
1 6
1 126129564
0 4
0 554888061
1 372066341
0 577114270
0 945409050
0 1
0 782616189
0 3
0 2
0 373745100
0 447898340
1 4
0 247065457
0 526706173
0 2
0 616195242
0 1
4 6
0 499030872
0 5
1 4
0 3
2 3
0 726515940
0 804596009
0 4
0 134085866
1 4
1 69612488
0 909840494
0 4
0 771649168
0 1
1 178964805
0 605250607
0 4
0 5
0 3
440042817 440042820
0 2
0 3
1 686818366
0 5
0 4
0 2
0 885466210
0 4
0 2
0 675094180
0 1
4 773408710
0 1
238795904 238795907
0 827595674
0 522826263
1 225955418
1 728345552
0 763331353
0 73121595
0 3
0 2
2 7
0 3
0 3
0 4
0 2
0 3
0 535221040
0 5
0 3
0 2
0 847725914
0 153049079
0 1
0 11077732
0 5
1 2
0 881702710
1 4
3 7
3 549753045
0 2
0 2
0 273044938
0 134069870
0 8509500
0 45289939
1 562415431
0 542043259
0 558517216
0 271378378
1 717527927
0 829553273
0 4
0 178168152
0 3
0 366153111
0 269634735
4 9
0 835727911
0 4
1 2
0 5
1 89132737
0 1
0 52173325
1 4
0 387548675
1 4
1 5
0 945460679
0 4
2 3
4 5
0 4
1 4
0 977160271
0 4
0 564155499
0 3
0 245745351
0 36500944
0 871347460
0 1
0 587068954
4 7
0 610354316
0 484847538
0 5
0 5
0 47354615
0 427584941
0 4
0 1
0 272927840
1 2
0 413799425
0 125127700
0 4
4 394394186
0 2
0 4
0 1
0 5
0 883095868
3 693385819
0 3
0 3
0 2
0 753453831
0 4
1 92443212
0 13107303
0 5
0 1
0 3
0 4
0 2
0 831388948
0 1
0 956570553
0 3
3 922312102
0 5
0 4
3 439781251
0 489144475
1 650269239
0 899317081
0 4
0 87694456
3 6
0 578362864
0 1
0 322025223
0 1
0 337979931
0 5
0 5
0 5
0 529340875
4 343493417
0 2
0 239608460
1 6
1 3
0 409809255
0 2
0 4
0 86280965
1 5
0 539992388
0 995336613
0 141486699
0 4
0 3
0 50787976
0 818280747
0 323408999
0 960815214
0 628292138
0 2
0 550832119
1 5
0 670255009
0 741546540
1 5
0 2
1 929963211
0 2
0 3
0 1
0 1
0 767255562
0 153073687
0 4
186400462 490117331
0 246072333
0 238957750
0 5
0 2
2 848079204
0 3
0 885464714
0 995684550
0 3
2 4
0 4
1 4
0 4
0 759921346
0 1
1 4
0 4
0 801798266
0 920534155
1 740379529
3 6
0 703083643
1 65447057
0 3
0 373762883
0 238374054
4 568865040
2 258817234
1 375439324
1 240543160
0 888869669
1 745767768
0 3
3 6
3 572105284
0 1
1 210241661
0 777568530
0 607621252
0 3
0 3
0 653430449
0 430821727
4 6
0 582205734
0 5
0 1
1 18131635
0 978013636
2 5
0 5
0 860896156
0 290029977
0 1
0 5
0 458490713
1 996714553
0 785131467
0 812752659
0 4
0 1
1 6
0 5
1 5
0 4
3 7
0 273477420
0 392524809
0 920812890
0 4480319
0 1
0 14867641
0 3
0 5
0 1
0 2
1 5
1 147776192
0 5
1 461407334
0 4
0 430223199
689370234 973203154
0 207453516
2 959176032
0 318223091
0 318790942
0 896202942
0 2
0 423428494
0 318921213
0 624701910
0 138513490
0 4
0 2
1 82114493
0 3
1 4
0 1
439290302 980478154
3 8
1 745705140
4 8
0 1
0 671443654
0 2
0 230775887
0 2
0 930978788
0 4
516056621 516056623
0 1
0 682117126
1 672515615
0 691814662
0 20854101
0 298144736
0 246928577
0 3
1 106098841
0 4
0 372698223
0 691676847
0 543335974
0 931592803
0 669659565
0 701253466
0 2
0 4
0 896167672
0 684607313
0 355491261
1 4
0 4
0 1
0 1
791712961 791712965
0 3
3 8
1 398719574
0 427607757
0 5
1 797836135
1 5
0 3
1 5
0 762798259
1 483528774
1 209236183
4 646663148
0 831964108
0 733204895
1 4
0 784222233
1 6
0 356108248
0 4
0 935065077
0 1
0 5
0 1
0 557230711
3 800633240
0 1
0 4
0 1
0 757484166
1 239588244
0 966923981
0 693231491
1 4
0 875751808
0 1
0 1
0 5
0 512550154
0 678287107
0 674497309
0 2
4 208207171
0 87843467
1 814250194
1 951814883
4 626772320
0 788987822
0 4
0 4
0 5
0 322212881
0 3
0 5
0 1
0 5
0 90819911
0 1
0 2
0 970053176
0 285452684
1 3
499440732 912046935
1 16790701
0 306290935
0 3
0 4
0 4
0 497409135
4 9
0 786184127
1 70049548
0 1
3 5
0 5
0 992727695
0 1
1 618226022
0 3
1 799921606
0 551502959
0 1
4 582263169
0 547079720
0 2
0 431833932
1 6
4 7
0 5
0 2
0 5
0 3
0 830883859
0 1
0 802744970
0 430845385
3 4
1 689867337
0 560883680
0 2
0 5
0 858510673
0 766636110
4 6
4 269234671
1 4
1 2
0 1
4 290497832
0 3
0 4
0 2
0 2
0 1
0 2
0 1
0 184805267
0 876500547
0 266364751
1 475787514
0 5
3 8
1 136004800
0 4
1 6
0 2
0 1
3 8
0 155293844
1 5
0 1
0 597195935
0 4
0 1
0 466288990
0 2
0 111819592
0 1
0 4
0 617967686
1 309710758
0 5
4 194736822
2 994238449
0 609030528
0 1
0 954895123
0 627691012
0 4
0 920805963
0 2
1 762924599
0 607883480
0 733946367
1 531553719
0 3
0 381410468
0 736808319
0 835060898
0 687931774
0 167123854
1 5
0 141321897
0 2
0 734341455
0 3
0 5
0 2
0 5
0 4
0 348594265
0 3
0 3
0 985698596
0 699129415
1 2
1 74490827
0 540715991
0 3
0 272509384
0 1
0 382036386
2 299935206
4 6
0 1
1 6
0 1
0 80099656
0 3
1 39586531
0 503084434
0 3
0 731893891
1 111125894
0 3
0 730873854
0 4
0 896308054
1 4
0 4
0 3
1 6
0 278720197
0 837624480
0 3
0 803688250
0 614723124
0 1
0 359289997
0 2
0 1
0 5
0 182656232
0 3
0 4
0 182943282
1 537386048
0 891632675
0 3
0 400478371
0 4
0 624414875
0 3
0 3
0 5
1 754479773
0 964365173
0 1
0 4
0 452076679
0 3
0 734005869
0 695561683
0 5
101444900 959157720
0 1
0 89797049
0 648158511
1 357163866
0 3
1 725701837
0 1
0 525880549
0 1
0 5
0 752921843
0 78087989
0 5
1 3
2 4
0 4
0 5
0 228612222
0 1
0 4
0 2
0 3
0 552717162
0 104807939
0 3
0 1
0 1
0 962526720
0 865471515
0 3
0 284030435
4 904215102
0 915620648
0 1
0 281233503
0 286821033
1000 93
0 798100819
1 279659987
0 93481734
0 856063175
4 5
0 2
0 1
0 2
0 708355532
0 2
0 406508555
0 80722752
2 3
0 15824242
0 5
0 4
0 329773423
0 797585456
0 1
0 2
0 5
0 8415161
0 878765889
0 5
0 1
1 590643118
0 4
0 620653953
0 22342743
0 2
1 579373026
4 902609603
0 904741585
3 6
0 1
0 1
0 1
1 506633912
1 99777133
0 414694377
0 324025819
0 5
0 2
0 5
0 669724314
0 5
0 744633297
0 364539411
0 812182894
0 4
0 4
0 915464108
0 4
1 903121472
312111646 312111649
4 9
0 171839344
0 5
0 3
0 921778658
0 643401727
0 3
0 1
0 2
0 4
0 656107722
1 4
0 4
0 559355363
0 938471772
0 2
0 175671338
0 279698596
0 584539611
4 207743488
0 888006559
1 636009820
0 782996931
0 1
0 4
0 4
2 4
0 1
0 5
0 154885599
0 97338476
0 1
0 2
0 3
0 5
0 5
0 2
0 307041732
0 855072374
0 5
0 2
0 1
111943848 496673033
0 3
0 1
0 504527693
0 5
0 519998694
0 283770287
0 5
0 5
0 1
0 136813651
0 2
0 1
0 5
0 1
0 3
0 1
0 2
0 571274946
0 481200792
0 3
0 126790977
3 4
0 441855435
0 2
0 918013775
0 3
1 4
0 351338327
0 1
0 429987819
1 5
0 3
0 2
0 3
0 2
3 6
0 513488240
0 900638291
0 5
0 314306120
0 976686898
1 503074911
0 2
0 655203540
0 2
0 186208492
0 5
0 4
0 382632316
1 5
0 5
0 648690691
0 182817245
1 5
3 709877855
0 4
0 2
1 5
0 229822108
1 5
1 693246499
0 162194227
0 5
0 2
0 666304789
4 987435664
0 216063429
1 3
0 821439090
0 216402040
0 4
0 538643844
0 5
1 800774837
2 5
0 443154489
0 1
1 4
0 742318912
0 3
0 296031914
0 2
2 281623169
0 5
0 472587971
1 226448540
4 8
2 717499278
1 6
1 4
1 3
0 754032394
1 961322274
0 774785034
0 5
0 834812489
0 4
0 559948992
0 4
0 4
0 2
1 2
0 1
0 5
0 687856694
0 201928894
0 719115146
0 167590445
0 765936100
0 2
0 3
0 628783983
0 1
0 944212798
0 403079099
0 3
0 4
0 1
0 647378018
777281108 777281109
0 2
0 2
0 556585708
3 43611589
0 4
0 421429475
0 41619840
0 2
0 2
0 442780237
0 1
0 558407241
0 1
0 541229357
0 1
0 4
0 991005528
0 4
0 222543460
0 2
0 55645427
0 4
0 657022281
0 223685077
1 4
0 145219444
0 829390713
3 321673332
0 5
2 709445066
0 307199264
0 254653881
0 3
1 242443911
3 610571220
0 598442167
0 3
0 3
0 208750291
0 409137267
1 478183281
0 955018196
1 4
0 1
0 3
0 514195449
0 987539359
0 212841762
0 186432148
0 3
0 791737078
0 4
0 253450757
0 621091168
0 5
0 3
0 139488158
0 1
2 5
0 3
0 4
0 1
0 473979369
0 349063761
0 2
0 3
0 412891561
1 570637543
1 4
0 4
0 189576729
1 437649296
0 2
0 1
0 1
0 997513853
0 733290677
0 5
0 1
1 161427347
0 2
1 3
0 839201606
932226930 932226935
1 383720247
0 340560233
0 156353359
0 1
0 5
0 2
0 4
0 5
0 1
1 6
1 634646583
0 3
0 3
0 565245036
1 2
0 4
0 774210565
4 8
0 5
1 255158642
0 3
0 2
1 274201821
0 798395580
0 3
0 426828225
0 2
0 633551712
1 267440389
0 3
0 2
0 107438483
0 2
3 6
0 694772637
0 355986079
0 4
0 5
0 890381642
1 4
3 8
0 5
0 3
1 4
0 3
0 801801244
0 858999189
0 358171008
0 883694839
0 1
552797167 552797172
1 4
0 4
0 4
2 10161124
1 70242637
1 2
0 941515521
1 2
0 163324876
0 1
0 5
0 697023472
0 605360660
0 79940371
0 5
0 2
0 295859327
0 969085079
0 917501913
0 438990078
3 4
0 1
1 947898585
0 150319368
0 635048804
0 1
1 2
3 83598344
0 588395860
0 391842662
1 442297291
0 422231505
0 98854988
0 5
0 5
1 5
0 4
0 4
0 925175557
0 898203286
0 911378931
0 344261621
4 8
0 2
0 366882677
0 776264966
0 651664204
0 534217563
0 2
0 1
1 782581291
0 134577282
0 5
0 1
0 3
0 677989053
1 4
2 191137920
0 3
0 3
0 663146651
1 448727983
0 4
0 896727231
0 2
0 4
1 5
0 373927606
0 898091773
0 275493284
0 3
0 5
0 136174499
0 4
0 2
0 93734009
0 3
0 386761452
1 65504171
0 2
1 3
0 96487508
0 36608890
0 3
1 4
2 4
1 938086547
0 819842253
2 630146343
0 512221632
0 827242046
0 4
0 990371928
0 2
0 222445680
0 3
0 4
0 4
0 963369367
0 168024012
0 511440132
1 4
0 5
1 807696438
1 740442106
0 754268779
0 226373859
1 817624646
1 318823362
0 2
0 365496228
0 278807320
0 175713161
0 2
0 5
3 896806921
0 189780872
0 4
0 854386728
0 911614707
4 806959381
0 1
0 458156334
0 2
0 4
0 5
0 918550025
1 988035051
0 357249907
0 1
1 2
0 794297693
0 334320404
0 5
0 660914440
3 570900315
0 2
0 688316411
0 2
0 467048405
4 819613604
1 731966211
0 5
1 4
1 817373499
0 1
0 557430303
0 351666369
0 815781969
0 4
0 4
0 519115219
0 1
0 928574242
1 618368553
0 4
0 127789616
0 3
0 825636059
2 178694107
0 4
0 5
0 470694136
2 6
0 5
0 267276681
0 1
4 114203630
0 1
0 924490653
1 455048280
0 10688428
0 347871569
1 2
0 1
0 4
0 1
0 4
0 3
0 492076044
0 2
1 860745277
0 175097712
0 5
0 2
0 2
0 2
1 6
0 436192166
0 2
0 666879582
0 258267344
0 119403178
0 5
1 393900252
0 3
0 3
1 6
0 5
0 3
0 491516769
0 216641876
0 5
1 4
0 5
0 5
0 1
0 3
0 506583924
0 626084650
0 3
0 1
0 466559309
0 5
0 5
0 5
0 5
0 386259016
0 609732756
0 88033184
0 733884720
0 263150643
0 772180995
0 4
0 1
0 956706578
0 365011629
0 5
0 5
0 197895462
0 3
0 1
0 134248138
0 3
0 3
339094299 631175323
1 80363454
0 3
0 3
1 5
0 2
0 596395873
1 672487543
0 3
1 4
0 2
0 1
0 30011613
0 1
1 6
0 3
0 5
0 696110173
1 917883170
0 350629896
0 173859070
0 1
0 3
0 338713487
0 1
0 69658943
0 4
0 978013025
0 3
0 81345959
1 705467774
296230922 365946556
0 617349013
0 688229353
1 4
0 3
4 619512377
0 430543673
0 1
4 409338907
1 3
0 427195113
0 901438767
0 2
0 393336178
0 763962599
0 5
0 1
2 443024007
0 1
0 1
1 5
0 558658106
0 892098726
0 725257005
0 4
0 2
1 233356971
2 25856836
0 5
1 4
1 3
0 4
0 2
1 4
1 669911107
0 116377254
0 558219875
0 3
1 526293084
1 813600480
0 3
0 366384889
0 793676696
0 904813180
0 5
0 2
0 519878338
1 894633306
1 2
0 3
0 1
0 4
0 2
3 7
0 32694838
0 4
0 525680499
0 1
0 616644833
1 4
0 292478347
0 3
0 833742364
0 22093147
0 3
0 379957317
0 2
1 323790993
1 415146553
0 480634208
1 6
0 5
0 3
0 2
0 1
4 230258433
0 935865681
0 76814301
1 4
0 4
0 3
0 3
0 1
1 2
0 3
0 2
0 5
0 3
0 331293014
1 2
0 498384820
1 6
4 8
0 4
0 532814790
0 5
1 890668395
0 4
0 5
0 648636600
0 952078697
0 4
3 6
0 1
0 216810234
1 734711283
0 429984294
0 5
1 567596145
0 1
0 246512443
0 5
0 2
0 4
0 898819463
0 3
0 3
0 4
0 4
0 791219915
1 210167609
0 331802781
1 314944062
0 353438449
0 1
0 3
0 856746277
0 3
0 1
1 70370825
4 545749002
1 5
0 16724044
0 263987436
0 5
0 168478066
0 1
1 5
0 4
0 2
0 586835698
0 605479143
3 7
0 3
0 571183091
0 5
0 2
0 5
0 488900287
1 997807231
0 1
0 3
0 467381550
0 33360621
0 198489120
0 1
0 283958262
0 1
0 5
598073499 598073501
0 651000697
0 4
0 635019405
0 3
0 614881472
3 445564629
2 3
0 232869485
0 2
0 102333397
0 2
1 44343727
0 1
0 648748618
0 3
1 728895207
0 1
0 4
0 726109514
0 1
0 1
592167776 864761287
0 625496791
0 2
0 884678982
0 2
0 4
0 188497583
0 3
0 2
0 2
1 918484996
0 1
0 4
0 2
0 791607835
0 817384881
0 961424476
0 5
0 1
0 5
0 965335022
0 2
1 4
0 3
0 895749915
0 372759013
1 560152670
0 213135585
0 783682077
0 189283209
0 536885813
0 5
0 986011627
0 5
0 3
0 375821583
1 60811862
0 5
0 3
0 4
0 983268499
0 3
0 1
0 3
0 5
0 2
0 4
0 5
0 76576091
0 383400061
0 107022752
0 3
0 929750443
0 732408998
0 3
0 2
0 241111
0 2
0 4
0 3
0 4
0 991578385
1 178373148
0 1
1 531927085
0 233842352
0 5
0 335414021
3 388914954
0 541428552
0 516652576
1 761924949
0 329520048
0 249003847
0 784668262
0 2
0 2
0 2
0 925038830
4 786119743
0 4
0 63527308
0 913874564
0 536174118
0 2
0 419268677
1 5
3 6
0 185455486
0 475339234
0 1
0 5
0 534825016
0 657102819
0 2
2 394647481
0 133808708
4 8
0 4
0 411237296
0 3
0 2
0 5
1 838084607
0 2
0 2
1 952480624
0 518362868
0 4
0 681310743
0 322327489
0 5
0 617053197
0 633923194
0 13240963
0 165594368
1 836499851
1 4
0 3
1 911957263
0 5
0 995264835
1 3
1 427900428
0 5
1 259275380
3 120988868
0 1
0 725514179
0 3
0 97004613
0 287784253
0 828492365
1 647673443
1 6
0 4
0 664260496
0 273613709
1 2
0 4
0 231896932
1 811992521
1 759888645
0 39230020
0 539225544
0 436646628
0 5
0 34859900
0 750876919
0 2
0 1
0 493699364
0 695307037
0 2
0 3
0 1
0 5
0 349053469
0 3
0 3
0 245246214
0 174232663
0 5
0 816021072
0 130376259
0 2
1 130726063
0 1
0 602119681
0 3
0 455997133
0 2
0 1
0 2
0 443419867
0 1
0 799772996
0 85815776
0 1
0 966935734
1 5
3 327307647
0 675840540
0 605269327
0 2
0 1
0 1
0 2
0 260983616
0 765292739
1 854435784
1 5
0 3
1 4
0 4
4 228878577
0 3
0 929149063
0 75373695
0 3
1000 95
0 1
0 5
4 221312805
0 4
0 2
0 718341197
0 3
0 5
0 2
0 5
0 788915036
0 493289057
0 2
0 2
0 915944527
0 47678566
1 757674277
1 4
0 828292991
1 2
0 3
0 4
0 943360406
0 8302991
0 2
0 636722646
2 965357786
0 3
1 5
0 5
0 3
0 133905567
0 108380326
0 2
0 773578137
1 712202747
0 1
0 1
0 1
4 516270296
1 3
2 876777136
0 20515579
0 5
1 3
0 4
1 5
0 2
1 3
0 2
1 5
0 871899296
0 728674936
0 148236719
0 762898317
0 60723241
0 611376408
0 424178668
0 927798468
0 5
0 832467571
0 1
1 681485849
0 374408702
0 66579109
0 1
1 885085440
0 99748108
0 743508723
0 4
0 128662652
0 5
0 547246511
0 187568425
0 443148812
4 293656867
0 759304845
0 385979462
0 5
0 5
1 155685035
0 3
0 834929500
0 3
1 2
0 4
0 63819828
0 154981740
1 507327050
0 989772768
0 2
0 3
0 2
471407285 471407288
0 3
0 1
0 715565592
0 270550695
0 4
0 83993963
0 1
0 88166086
0 2
0 768553873
1 3
0 807916807
0 2
0 237086889
0 4
0 5
1 3
0 2
0 457201075
0 5
0 41118316
0 4
1 6
0 880396378
1 623778886
0 1
0 727829108
0 2
0 576238074
0 429990956
0 5
0 1
0 150982163
0 4
0 3
0 23178518
1 362588027
0 805763924
0 71054441
0 348321173
0 996028906
0 1
1 393342184
0 1
0 248969323
2 178955254
0 406858958
0 1
0 2
0 3
2 4
0 5
0 4
3 4
1 800903928
0 505192553
0 4
0 888529216
0 203115203
0 1
3 441701396
0 4
0 3
0 3
0 91326422
1 670214170
1 2
1 956676129
1 6
0 3
0 1
0 1
0 4
0 1
0 4
1 4
0 694356727
0 2
0 3
0 1
0 1
0 419857934
0 123710706
0 353870517
0 3
0 932669235
0 1
2 180697772
0 5
0 4
1 476354434
1 145770680
0 4
0 1
0 3
1 174842724
0 1
0 4
0 524342663
1 3
1 84199035
0 4
0 3
0 876858071
0 3
0 92389920
0 5
0 282347386
1 799525581
0 5
1 110131560
0 1
0 5
0 507921693
1 237033837
1 269787527
2 135321868
0 4
0 3
0 130384553
0 467849719
0 1
0 781694535
0 3
0 2
0 613853076
3 7
0 657976489
0 475159465
0 756771057
0 610291954
1 587388909
0 226225508
3 4
0 45171347
1 6
0 960671171
0 3
0 555325896
1 4
0 825632905
0 78568862
0 2
816953304 816953307
0 151750595
0 1
0 646645171
2 5
0 4
0 678120155
0 1
0 743768446
0 997718738
1 474727361
0 540030377
0 511899344
0 3
0 3
0 4
0 526424792
0 4
0 821961816
0 2
0 859827572
0 3
0 737323555
1 171190704
0 4
0 908554872
0 617601489
0 3
0 2
1 2
0 516758197
0 2
0 706056081
0 654483550
1 941898383
0 313767122
0 53630436
1 6
0 298652901
0 15854517
0 2
0 2
0 164523495
0 1
1 4
0 2
0 435792746
0 5
0 615410041
0 115844856
0 163334881
0 2
0 5
0 121475132
0 734071736
1 5
0 679571290
4 7
0 65319038
1 495265580
0 2
0 4
0 909490683
0 765938168
0 545075524
3 940846852
0 696072108
0 890652077
0 891602093
0 4
0 988986929
0 2
3 7
0 52280459
1 2
0 133400888
0 372800748
0 5
0 88786957
0 5
0 203020736
0 515038012
0 715974269
0 663463751
0 5
0 734292367
0 730192012
0 32609881
0 775849046
0 3
0 2
65703068 636259469
0 442169456
0 440729938
0 649159673
0 1
1 4
0 1
0 4
0 546591872
0 4
0 5
0 1
1 629664122
0 1
0 1
0 121262131
1 733607276
0 5
0 4
0 5
0 1
0 512120821
0 2
0 109986115
0 495761566
0 828841390
0 900473248
0 3
1 149849173
0 1
0 1
0 3
0 964505166
0 962194112
1 893767344
0 2
0 559859462
0 369368376
3 977790068
0 5
0 699911936
0 9862589
0 1
0 917831819
0 4
4 554204716
0 5
1 602318346
0 5
0 333168546
0 976601662
1 5
0 799138514
1 312720040
1 351499461
0 5
0 774319946
0 634357171
0 3
1 235126775
0 711898025
1 756536852
0 2
0 2
0 432490783
1 930849274
0 1
0 3
0 5
0 5
1 74996556
1 5
0 574746654
0 3
0 3
0 1
1 109637244
0 921267500
0 4
0 4
0 2
0 1
0 506879646
0 602868115
0 32477979
0 1
0 79980380
3 214600567
0 1
0 829020838
0 47208080
0 2
0 5
0 3
0 585142874
0 5
1 658852531
0 3
2 876768964
0 207781731
0 3
0 1
0 3
1 308541112
0 5
0 5
0 658256622
0 4
1 11575228
0 803869092
1 500715044
0 395454151
0 5
0 3
1 570000684
0 483353337
1 6
0 2
0 139878121
1 4
0 2
0 3
0 642215973
0 3
0 4
0 2
0 1
0 555253799
0 5
0 123225359
0 169240829
0 977576748
0 5
0 4
0 116378519
4 7
2 6
0 140808487
2 285117901
0 2
1 4
0 19094300
0 4
0 2
0 557280451
0 527345536
0 4
0 4
0 2
1 930523463
1 121527029
0 2
0 244654285
0 5
3 828904133
0 31529496
0 853022838
0 4
0 567985222
0 4
0 1
0 3
1 2
1 3
1 890802436
0 4
0 861564864
0 348132294
0 3
0 112268483
4 5
0 3
1 4
0 712156157
0 2
0 355132029
0 4
0 3
0 552614382
0 197648468
1 2
1 4
1 6
0 2
0 86176808
0 57020662
0 2
0 611564207
3 3490319
0 4
0 5
0 865255339
3 728980439
0 4
0 931848457
0 594013961
0 3
1 5
0 5
0 1
0 826050148
0 522390779
0 938375082
0 5
0 348164677
0 5
0 56944017
0 875631941
0 5
1 373690479
0 5
0 5
0 3
0 2
0 633373725
1 121045546
0 14310606
0 4
0 1
0 573780430
0 4
0 183983713
0 108102163
0 252856873
1 77220348
0 2
0 99345149
4 531015722
0 4
0 172088046
0 602196998
0 57245615
0 3
0 463799985
1 6
3 83514777
0 4
3 699949460
0 810869536
0 305147674
0 281505406
0 2
0 940451248
0 3
0 914954390
0 997557162
0 2
4 121249796
0 611531847
0 2
3 664205060
0 2
0 3
0 470848370
0 424633157
0 920878719
0 3
0 351205760
1 48175681
0 4
0 1
0 3
0 3
0 698890933
0 703720723
0 5
0 473989753
0 5
1 3
0 3
0 996253146
0 1
0 215692405
658084329 658084334
0 2
0 137062010
0 3
0 412184699
1 395059022
0 5
0 2
0 334732468
0 4
0 450558766
0 717929109
1 3
585425742 803805553
0 519111021
0 1
0 1
0 527538454
0 5
0 5
0 339117433
0 182059097
0 2
1 6
0 616302995
1 596178557
0 488007879
0 632634793
0 754956259
0 841138255
0 1
0 2
0 512307632
0 83632828
0 395718674
0 720409226
0 1
0 4
3 622501513
1 783784831
0 125700277
0 3
1 6
1 80227790
0 5
0 3
0 112753554
0 3
0 190998364
0 474058728
0 1
2 63712360
0 826364889
1 776997801
0 62428179
0 203796117
1 739432557
0 32983418
3 7
0 2
3 4
1 83205703
0 5
0 868008564
0 1
0 501216093
0 2
0 5
0 751330663
0 776352622
1 3
0 2
0 5
0 4
0 4
0 315865655
0 3
0 4
1 4
0 3
0 2
0 376230675
0 3
0 3
78282619 599255455
0 3
0 5
0 309373907
0 2
0 845507358
0 651729396
0 5
1 2
0 534927116
4 7
0 894933451
1 3
0 5
0 316443886
0 12226387
0 323412006
0 5
0 5
1 3
0 4
0 5
0 646488285
4 521494639
0 5
0 563028210
0 1
0 931235263
1 179695069
1 278040258
0 499656434
1 641942334
0 646048375
0 2
0 2
1 4
1 5
0 10151679
0 908041066
0 282523670
0 3
0 2
0 391962635
0 3
0 360676027
0 5
0 4
0 4
477754356 501058901
0 4
0 2
0 294817264
0 3
0 4
0 192200273
1 5
0 4
0 4
0 789007136
0 957430418
0 9794640
0 5
0 5
0 409170068
0 4
1 990395441
0 275794679
0 300355859
0 422462902
0 3
1 561808423
0 79797442
0 81314707
1 5
0 5
4 750707204
0 4
0 413694210
0 834851929
0 785289972
1 155159814
0 5
1 6
3 917833438
0 952254965
0 361747735
0 2
0 829512169
0 369640853
1 879937871
0 554305928
1 176301204
4 8
1 2
1 680250923
4 9
0 3
0 3
0 5
0 4
1 557480678
0 4
0 5
0 4
0 180414275
0 2
0 4
1 635907602
1 5
0 4
0 669651555
1 4
0 382290475
0 2
0 3
0 22258057
4 806804169
1 60441671
1 498221132
1 750751657
4 508259287
0 961647259
0 906114821
0 279857926
0 5
0 2
1 2
0 349708070
0 965559696
0 978191022
0 4
0 502573055
1 698016859
0 3
0 579481980
1 5
0 5
0 1
0 4284587
0 2
0 3
0 4
1 4
0 320723446
0 211073523
0 4
0 1
2 436224662
0 1
0 35660311
0 13387360
0 5
0 1
0 1
0 5
2 856881449
0 427736449
0 287578368
0 4
0 559445813
0 2
0 1
1 578305602
0 4
1 528689998
0 939282799
0 1
0 763022617
0 2
1 558340679
0 111537038
0 525730104
0 3
0 493490038
0 99909235
2 856437666
1 721572214
0 3
0 2
0 5
1 4
1 190854459
1 3
0 3
0 460291783
0 1
0 664596011
2 5
0 5
0 3
0 122618332
477240259 590780308
0 2
0 160141241
0 823318999
1 750943707
0 1
0 5
0 273565750
0 748293479
0 260604556
0 828754614
0 3
1 423759305
1 3
0 512386729
0 62550106
0 4
1 210735413
0 975697164
0 3
0 1
0 211797066
0 74687141
0 5
0 2
0 1
0 772792055
0 3
1 3
1 887520664
0 5
0 5
0 860566126
0 4
0 3
0 5
0 731549336
0 3
0 149687287
0 935798044
1 3
0 5
0 3
0 2
0 409429723
0 575193365
0 1
1 6715072
0 3
0 1
0 576452261
0 472606411
0 4
0 5
1 6
0 353734545
0 475202246
0 320928720
0 4
0 405891569
0 34502460
0 367749083
0 1
0 348445973
1 5
0 117931778
0 4
0 3
0 642055228
0 776796182
3 428779994
0 110143726
0 787265825
0 145208162
0 391941586
0 542712256
0 3
1 555720285
0 707055235
0 2
0 104479029
0 1
0 4
0 4
0 936792800
0 516221468
0 4
0 3
1 76136441
0 506542305
1 3
0 2
0 679853646
0 415051994
0 4
0 2
4 583010876
0 576590984
0 2
1 122584529
0 580813989
0 968915007
0 2
3 7
0 4
0 4
0 2
0 2
0 1
0 277597554
1 928069653
0 1
0 4
0 392413269
92051617 92051618
1 5
0 161831252
0 1
0 569657472
0 869390282
4 8
0 87245622
0 633808744
0 822478660
1000 14
0 4809546
1 3
0 42112970
560274738 560274739
0 969622357
4 543624985
3 156463778
1 6
0 195568535
0 4
0 295169275
0 1
0 4
0 161477555
0 812444901
1 115328491
0 526438200
0 4
0 796195602
0 1
0 134324413
0 3
0 865827742
0 4
0 274520359
755121345 755121347
4 397844761
0 4
1 381835479
0 4
1 196477758
0 864455074
0 528457877
0 4
0 943462293
0 731450507
1 5
4 555824774
0 5
1 2
0 839939108
0 866071911
0 863471338
0 3
0 3
0 4
1 3
0 142536315
0 907203395
0 4
0 2
0 2
1 5
0 835111517
0 885465549
0 914810257
0 806781370
0 3
1 917858677
0 910832028
0 5
0 3
0 254314110
1 3
0 177215677
0 1
1 559756246
1 4
0 2
0 631109560
0 617883163
0 498173030
0 3
0 5
0 5998570
2 815689153
0 234776222
0 1
0 59547916
0 4
0 598302021
0 3
0 334971860
0 940448
0 4
0 23330662
0 4
0 585924898
0 56209959
0 1
0 5
0 36437278
0 113551240
1 6
4 8
0 506276554
0 760541309
0 2
0 4
0 1
0 2
0 87339436
0 349613075
1 2
0 600855363
0 3
0 3
0 3
0 502826038
0 775173883
0 773297771
0 171948797
1 901861754
0 4
0 612604343
0 2
0 4
1 450517051
0 95659470
0 815109668
0 5
1 244434638
0 3
0 5
0 995212967
1 437314913
3 8
0 3
0 846098738
1 425988182
0 3
0 402460102
0 465194388
0 940343237
0 1
0 2
1 5
0 44575891
1 5
0 1
0 4
0 4
0 1
0 565239677
0 4
0 334380318
0 229074025
0 538805703
0 1
0 895106675
0 856015229
0 2
4 875843020
0 2
1 3
0 971811053
2 4
0 484950765
0 629808526
0 3
4 99420090
0 168369253
0 5
0 27376126
0 1
0 3
1 9978700
0 344738411
0 5
0 248226657
0 4
1 2
3 22763124
0 1
0 1
710092799 781357636
0 3
0 3
0 502801044
0 772863994
0 853487984
0 3
0 180179496
2 557372257
0 5
0 2
0 312397152
0 192791150
4 5
0 3
0 2
1 3
0 494758300
0 331084020
0 505075044
1 6
0 463427113
0 781216910
0 10516253
0 765220586
0 849197812
0 690432450
0 4
0 4
0 1
1 4
0 1
0 480909800
0 377639652
0 1
0 1
0 928608668
0 4
0 5
0 582410423
1 800364280
1 446853103
0 2
0 1
1 516176510
0 134525480
0 381062313
0 1
0 1
0 4
0 4
0 1
0 2
0 185475528
0 67523940
0 724859691
0 126975289
1 5
0 784493868
0 2
0 156604580
0 905330755
0 800289803
0 4
4 7
0 241805643
0 11457484
0 4
1 4
0 289701027
0 548049276
0 273919767
0 558212432
0 3
2 5
0 826299018
0 532123272
0 497915323
0 837408825
2 813556930
0 814159123
0 1
2 5
0 478607852
0 2
2 3
0 2
0 530439164
0 506049275
0 5
1 445947703
0 408426655
0 89391219
0 105781782
1 4
0 286774630
0 3
1 268423733
3 6
0 1
1 3
0 2
1 180668829
4 849425462
0 641450579
0 941500934
1 4
0 343075181
2 4
0 3
2 167131009
1 5
0 118693176
0 4
1 148694340
0 695470427
0 147768231
0 900041335
0 336170423
1 901258649
0 576702825
3 416420138
0 404406720
0 2
1 6
0 219244668
0 23094353
0 4
0 279564655
0 4
1 4
0 933924050
0 5
1 777786099
0 346521255
0 2
0 4
0 3
0 3
0 95486101
4 338728718
0 206221270
1 551807804
0 620156703
0 5
1 6
0 844194803
1 231963174
2 335520098
0 86993350
0 14912926
0 416331386
0 4
0 577521907
0 102311534
0 4
0 302021659
0 4
0 648128996
0 1
0 1
1 512318802
0 250878390
0 701092563
0 2
1 328779166
2 849356269
0 68269542
3 6
0 3
1 735302059
0 5
1 240415336
0 5
0 718978152
0 612786807
0 5
3 705332540
0 134282572
0 5
0 1
0 715467132
0 2
1 928029977
0 1
0 4
1 4
0 3
0 436556437
0 705296178
0 1
0 4
0 2
0 2
0 1
0 1
0 5
0 4
0 2
0 82204884
0 1
0 1
0 3
0 4
0 3
0 3
0 4
1 466594219
0 784998101
0 2
0 436459988
0 161577604
0 643581779
0 5
1 2
0 446470643
1 819916053
1 804490330
0 911918149
1 6
0 4
0 673473097
1 501539412
0 1
0 48485628
0 3
1 725382856
0 3
0 430226786
0 2
0 149937030
0 3
0 181443459
0 571004029
1 3
0 810320496
0 3
1 3
0 551961877
0 888321041
0 641407022
0 225539727
0 1
0 895285996
0 4
0 98038890
1 372960455
1 598331666
0 925403035
1 517877452
0 539857496
0 5
0 2
1 3
0 144358943
0 448006653
0 5
0 3
2 6
0 209654029
0 105540060
0 5
0 789797122
0 1
2 3
0 3
0 1
0 292815374
1 2
0 35345957
1 528487805
0 51226616
0 5
1 102969371
0 995823683
4 826204964
0 519688599
0 771781346
0 3
0 2
0 4
0 393548961
0 452911620
1 4
0 3
0 135872288
1 913676297
1 214038566
4 704584317
0 3
0 611589740
0 425486119
0 5
0 3
0 80801646
0 2
0 954066221
2 5
0 107997414
0 3
0 3
0 627819771
0 2
0 939979858
1 688096360
0 703720511
0 643126672
0 2
0 2
1 964204949
0 752096129
0 904623408
0 569824462
0 2
0 2
0 5
0 527181227
0 5
0 2
1 6
0 481699088
0 428550576
0 1
0 2
0 2
0 462787651
0 3
0 945203237
0 731886375
1 5
0 10946777
0 676218902
1 612135054
0 450831209
0 5
1 712636656
0 2
0 4
3 679547597
0 5
1 4
0 902389716
0 3
0 709516487
0 373159570
0 337457403
0 2
0 628008618
0 99320833
0 3
0 1
0 366741716
0 2
0 5
0 3
0 856785839
1 5
0 1
1 4
1 476536966
0 797143731
0 2
0 4
0 5
0 868084131
0 620895854
0 5
0 4
0 584535216
0 993425202
1 434684506
0 852815579
0 2
0 763620172
0 958849730
0 456355793
4 9
0 342852815
0 4
0 5
0 34622229
0 707230693
0 933944012
0 1
0 818854079
0 3
233646112 233646116
0 2
0 972507819
0 79798255
0 806212656
1 533020349
2 7
0 148022270
1 6
0 389243843
1 4
0 4
0 630238048
1 128471196
0 5
1 3
0 649484660
0 679837167
2 979824590
0 920551811
0 770444532
0 657674976
0 1
0 568892379
0 2
0 5
0 678746830
0 4
1 4
0 285210449
0 1
1 4
3 5
0 298793047
0 3
0 2
0 1
0 495748205
0 524845355
0 5
0 5
0 4
0 2
0 5
0 587309250
0 2
0 159989761
1 3
0 5
0 330852072
0 2
0 5
0 888882461
0 684514831
0 4
0 384550935
0 2
0 5
0 1
0 4
0 793990710
1 6
0 935100291
0 205221824
0 5
0 3
0 4
0 827048057
0 5
0 406674797
1 5
0 2
1 207993546
0 4
545712678 600639880
0 2
0 3
0 417940047
1 4
0 3
0 1
0 2
0 4
1 766349849
0 4
0 772179419
0 3
0 11778990
4 9
0 1
0 1
1 735988014
0 2
1 5
0 1
0 4
1 770744183
0 1
0 5
0 4
0 3
4 921170639
0 2
0 639589954
0 869917695
0 941053706
0 911855449
0 3
0 3
0 2
0 5
3 4
0 698951025
0 1
0 4
0 1
0 5
0 2
0 828056610
4 8
0 4
0 5
0 35713728
0 8998368
0 545156802
0 482619129
0 1
0 3
1 929542351
0 293668968
0 338875426
0 364628985
3 834481489
0 4
1 921442279
2 816468753
0 66195048
0 778441899
0 5
0 5
0 1
0 3
0 446520268
0 5
0 2
0 138645807
0 4
0 523936180
0 1
0 883406427
0 2
0 735743904
0 3
0 978048851
0 739374536
0 475459240
0 4
0 652994639
0 4
0 2
0 772287171
0 135567990
0 3
0 1
0 60643371
0 3
0 843698892
0 733032053
1 171582336
0 5
0 553656116
0 4
0 3
0 78406108
0 1
0 2
4 5
0 71544657
0 1
0 4
0 3
0 724887042
0 954795294
0 470424286
0 5
1 2
0 3
1 413353641
0 828473127
0 289893545
0 718374303
0 157550249
0 2
0 4
0 874331525
0 1
0 855695055
0 5
0 291205126
0 3
0 513674262
0 695198691
0 2
0 1
1 994805348
0 5
0 30642377
0 3
0 519024892
3 319620876
0 1
0 366960448
0 4
1 949387264
2 558422182
0 957545663
0 5
0 229622036
0 725378581
2 69339122
0 1
0 822533447
0 1
0 818054381
1 2
0 3
0 467982068
0 1
0 4
0 469745054
3 160875241
0 98628330
0 188693387
0 610489378
0 3
0 2
0 5
1 4
0 676517200
2 3
0 923576165
0 1
0 456502444
2 7
0 4
0 796622291
0 5
0 344289888
0 97527533
0 596504487
0 846861955
1 808395526
0 512748495
0 5
0 987840723
2 757606974
0 3
1 4
0 3
0 409888500
0 714811049
0 4
0 661778129
0 905275940
1 3
0 783581686
1 899272647
0 1
0 2
0 512598678
0 371581082
0 3
0 16320164
1 3
0 4
0 734862285
0 9439770
0 3
0 795571628
0 414259749
0 302730745
0 5
1 3
0 427212447
0 93088685
1 2
0 369014991
0 3
2 3
0 4
0 4
0 705235981
1 982402126
0 572693254
0 119470684
1 2
0 5
0 4
1 989527683
0 181411504
0 454388451
2 340260832
0 1
1 910564771
1 3
0 3
0 284324281
0 564100690
0 887358641
0 5
0 5
0 818721915
0 808029808
0 4
2 442944795
0 1
0 5
0 901024186
0 3
0 2
0 2
0 4
0 595372834
1 410122578
0 5
0 3
0 592091046
0 3
0 3
0 5
0 692280344
0 3
0 621222683
2 270609621
0 1
0 575024975
1 919176038
0 161076072
1 231412555
0 791764769
0 4
1 5
0 342441091
0 1
0 361735084
0 1
0 5
0 943183632
0 4
0 2360719
0 2
1 5
0 119298137
1 689285880
0 191943949
0 3
0 816395498
0 1
0 4
0 3
0 2
0 62709887
1 88593999
0 4
3 7
0 628237461
0 481721351
4 6
0 4
0 887751422
0 2
0 695785358
0 5
0 4
0 529170027
0 5
0 42991453
0 728288842
0 3
1 130163315
0 821847589
1 6
0 2
0 1
0 95510121
0 2
0 203749273
0 966531501
0 5
0 483800292
0 1
0 4
3 6
1 827483111
4 7
0 839717053
0 226021963
0 1
0 4
0 5
2 6
0 2
0 4
3 560025693
0 5
0 989708787
1 5
4 5
0 789960314
0 4
0 3
0 4
0 375792813
1 3
0 587608855
0 396086652
2 250442565
4 9
1 619888005
0 657717373
0 1
0 2
0 1
0 2
0 861933924
0 649698697
0 4
0 2
0 1
0 4
0 2
1 580329160
0 1
3 4
0 511442337
0 1
0 5
4 7
0 433291809
1000 20
0 2
0 573869244
0 4
0 4
0 353933179
0 3
0 970404461
0 618527893
0 290494038
0 2
0 234119252
2 5
0 1
0 442557246
0 745087076
1 3
0 845835222
0 4
0 821923422
0 2
0 199471332
4 988442193
0 5
0 644131366
0 3
0 803871714
0 1
0 842917920
1 975919528
0 688457030
0 603096688
1 830408706
1 205458925
1 4
1 41996202
0 1
1 6
0 122192274
0 3
0 3
0 2
0 36209440
0 4
0 333022251
0 475559472
0 5
0 817140690
1 976542691
1 344425035
0 561556472
1 6
0 375857532
0 4
0 564665889
0 178022361
0 5
0 916005696
0 30004671
0 2
0 798134662
0 5
3 5
1 5
0 543665222
0 911483498
1 537848648
0 767611984
0 3
0 1
0 261432901
1 6
1 4
0 2
0 667256847
0 524587930
0 4
0 2
0 1
0 988864812
0 949919104
0 674117463
0 281435686
1 852495471
1 103832441
0 1
0 3
0 114217845
0 338583562
0 5
0 1
0 692573277
0 4
0 859310562
4 6
0 697209572
1 4
0 3
0 341265276
0 110109503
1 6842108
1 43158309
0 5
0 5
0 1
0 337095881
0 81022395
1 296320238
0 4
0 2
0 357507427
1 3
0 143486270
0 733529753
0 3
0 248018938
0 165258505
0 1
0 123067400
0 155605708
0 592236311
0 583916647
0 526196257
0 2
0 1
0 1
0 834030635
3 7
0 532021491
0 535527038
787251735 887001666
0 313162652
0 2
0 2
0 742520175
0 136203596
0 300895785
1 4
0 1
0 5
0 449846496
0 136316472
0 59247448
4 393144078
1 4
1 4
0 1
1 5
0 210709911
0 1
1 3
0 1
0 585992767
0 686257910
1 2
0 1
0 1
0 680948796
1 843520430
0 5
0 452413069
0 3
0 950236727
0 243608691
0 2
0 849033514
0 4
0 475555578
0 206569967
0 5
0 111925739
0 4
0 3
0 2
0 5
0 1
2 231864527
0 518345059
0 5
0 500453137
0 474448525
0 876206073
0 621537042
0 511944214
1 3
0 4
0 714526893
0 5
0 776035015
1 2
0 3
0 280966344
0 1
0 4
0 487961895
0 4
0 247279601
4 5
0 1
0 5
0 313333519
1 713507634
0 61111068
0 2
0 61161429
1 923119313
0 3
0 919040750
0 231670588
1 3
0 5
0 2
0 1
0 2
0 4
0 767818363
0 622859409
3 4
3 734587251
0 4
0 4
1 6
0 4
0 129283388
0 904353244
0 550343686
0 1
1 923572393
1 60135124
0 717020821
0 799322712
0 1
0 1
0 73361474
0 1
0 5
0 4
0 2
0 4
0 2
0 5
0 891089669
0 916164550
0 4
0 109826874
0 117548692
0 5
2 5
0 4
0 616991964
0 2
0 5
0 790394605
1 46516118
0 421942698
1 6
0 259761930
0 4
0 774730406
0 4
0 147660414
0 1
0 1
0 1
0 716744438
917831860 917831865
1 417802487
0 4
0 2
0 793825598
2 45237510
0 549646472
4 8
0 2
0 979612054
0 134224725
0 897259803
0 916953420
0 681036359
2 929399801
3 444216930
0 2
1 3
0 333300038
4 5
0 104853234
0 492170542
1 571029969
0 2
1 6
0 859496788
0 2
0 4
0 5
4 468748044
0 1
0 837670826
0 5
0 3
0 274533143
0 660849316
0 3
0 226765313
0 3
0 467426464
0 4
0 2
0 423925256
1 3
0 3
1 4
0 829219852
0 439909516
2 630160674
0 163408053
0 1
0 3
0 2
1 776818197
0 1
0 5
0 30954230
0 4
0 351894542
0 958974683
0 2
0 4
0 2
1 912604566
0 402705646
2 514496816
0 426111003
0 4
0 4
1 591467626
0 3
0 3
1 6
0 347414888
1 6
0 621013919
0 4
0 305602850
0 4
0 4
1 10038358
0 3
0 923842427
0 931236901
0 4
0 2
0 566636244
0 1
1 355446229
0 874392389
0 4
0 5
0 258349479
0 1
4 275200127
3 82023464
0 700485023
0 570232819
0 1
0 161470722
0 973111555
0 3
2 6
0 467310841
0 58594916
0 2
0 533954979
0 5
0 4
0 665802280
0 2
0 1
0 428223192
0 5
0 755841605
0 981510545
1 209153646
0 541481564
0 347623115
0 2
4 8
0 189042159
0 5
0 776192592
0 1
0 284081002
0 230059322
0 5
0 95641665
0 679252031
0 1
0 190919831
0 614979873
1 618847654
0 586381353
1 441776983
0 1
0 4
0 3
0 5
4 583886702
1 55267857
0 471918782
0 4
0 4
0 173581002
0 5
0 1
0 3
0 3
0 2
1 777057778
0 3
0 869670057
1 155464398
2 23295791
0 2
1 3
0 5
0 416295293
0 424426549
0 3
0 1
1 425086248
0 566602605
0 25563040
0 5
0 4
0 5
0 2
0 817137565
0 867263816
1 2
0 5
0 1
1 3
0 4
0 482132867
0 970436664
0 942852803
0 919014995
0 16571537
0 783765896
2 7
0 542795842
0 4
0 214461590
0 2
0 1
0 2
0 16876004
0 947808496
0 659622424
0 922470085
0 568628282
0 4
0 121574319
0 5
1 857769196
0 73877307
0 3
0 5
1 4
0 975097182
0 526758713
0 4
0 676948637
0 169919523
2 724394679
1 803450632
1 5
0 481952798
0 347543181
0 3
0 3
0 1
0 4
0 872828883
1 2
0 3
0 5
0 5
0 733698286
1 4
0 1
1 4
0 899759882
0 4
0 254326756
0 5
1 84440379
0 3
0 569769711
0 773130865
0 923920167
1 758830016
0 313488335
0 4
0 932613907
0 673885541
0 4
0 1
0 753792983
1 4
0 2
0 6053118
0 886889215
0 5
0 985723024
0 4
0 1
0 5
1 3
0 283893515
0 4
0 661749951
0 917093369
0 89999107
0 561236141
0 395778323
0 580077143
0 428982309
1 4
0 3
4 381692653
3 8
0 3
0 152448781
1 71466500
0 131785630
0 794521880
0 2
0 1
0 880932051
0 138740487
1 934132027
1 2
3 436628011
0 947403050
0 2
0 525741782
0 860262234
0 3
0 5
0 2
0 5
1 24852281
0 3
3 8
0 2
0 641636777
0 5
0 182225207
1 6
0 357947320
0 386339415
0 1
0 15623614
0 801724368
0 5
0 3
0 3
1 2624725
0 4
0 431273846
0 961805544
0 1
4 9
0 442347168
0 707362017
0 919807093
1 160082624
0 5
0 440546481
1 3
0 876930345
0 57600824
0 306429581
426561617 426561620
0 5
0 5
0 481712267
0 496601871
1 188112895
1 4
0 4
2 6
0 4
0 198754263
0 67911834
0 534896359
1 4
0 3
0 5
1 179190605
0 1
0 5
0 228433254
0 5
3 6
1 405393876
0 766178226
0 5
0 3
0 1
2 35666740
1 2
0 4
0 415003718
1 4
3 8
0 2
0 568935376
0 580745053
0 4
0 1
0 2
0 4
1 453001182
0 2
0 1
0 514007048
0 733018919
0 560727844
0 39627033
2 3
0 220761229
1 4
0 587008308
1 119165258
1 3
1 6
0 2
1 464901578
0 2
0 5
0 2
0 389276300
0 177133602
0 421580822
0 4
0 1
0 709972274
1 4
0 3
0 3
1 146222955
1 416796424
0 2
0 4
0 566714916
3 4
0 767707123
1 714787767
0 995051944
0 2
0 833655768
0 716448457
0 651108085
1 4
0 3
0 4
0 956934056
0 109155374
0 5
0 4
0 185489713
0 127474257
689624251 689624255
0 2
2 482324
0 5
0 889851316
3 6
0 1
0 1
0 1
2 711395770
0 3
0 3
0 977118810
0 2
0 3
0 5
0 656607704
0 2
0 649967681
0 2
0 601914398
0 4
0 73075896
0 5
0 5
0 733040572
0 469164352
0 911012142
0 3
0 5
1 5
1 910199692
0 479283006
0 354469352
0 4
1 3
0 670488941
0 5
0 973972393
0 2
0 1
0 3
155050 398883315
0 5
0 123882676
1 2
0 4
0 5
0 1
0 1
0 3
0 5
0 299526250
0 22850851
0 1
4 7
0 3
0 4
0 87594758
0 442081491
0 3
0 423100300
0 3
0 892283650
0 729797876
0 61095521
0 293611974
0 5
0 907060563
0 890771687
0 4
0 5
0 5
0 11000960
0 1
0 4
1 85462756
0 340423697
0 365365447
1 2
0 5
0 1
1 840593169
1 4
1 6
0 581215040
0 13742662
0 841139069
0 3
0 859263138
0 1
0 1
1 895382874
0 518209567
3 278140156
0 5
0 700185117
0 572245682
1 5
0 4
0 811270804
0 4
0 884567247
3 787465537
0 446568509
0 2
0 208294547
0 559096871
0 399511179
1 4
0 229343908
0 1
0 4
0 1
0 538732555
3 737168391
0 4
0 51519476
0 3
0 870580244
1 231163344
0 62019676
0 350270694
0 1
1 5
1 80005451
2 711052755
0 196938329
0 898712738
1 486228549
0 78625531
0 2
0 153710230
0 943010757
0 5
0 1
0 5
0 503122866
1 6
378795850 548089790
1 108631739
0 986555221
0 2
1 228702229
0 356532140
0 898514987
0 5
0 3
0 110261777
0 5
4 489972386
0 352045426
1 408915219
0 1
0 236543240
0 480003358
0 457294513
1 2
0 212430378
0 148711616
0 417221873
0 3
0 237293996
0 388945400
0 644215465
0 14135955
0 437078556
0 2
3 7
0 125784916
0 3
0 2
1 3
0 2
0 261926070
0 2
0 544719355
0 368169102
0 4
0 5
0 3
0 2
0 3
1 5
2 6
0 846713497
0 5
2 6
0 3
0 1
0 506341137
0 958307438
4 742721145
642785042 642785046
1 445409115
0 989857661
3 4
0 137747838
1 5
0 4
0 5
1 3
650098532 793757216
1 4
0 529479078
0 286040666
0 4
1 613849561
0 829248176
0 745151752
0 78253037
0 625250321
0 823337622
1 3
0 295262843
0 402647080
0 432731430
0 4
1 2
1 5
0 764560441
0 629208527
1 278953042
0 4
0 5
0 1
1 839224627
1 5
0 444717207
0 636327268
0 407074536
0 773053558
0 439580106
0 5
0 700243944
0 4
0 775111822
0 988830540
0 199435451
0 868922384
1 3
0 1
0 5
0 838351370
0 337197039
0 5
0 3
0 524744873
1 631401840
0 691284955
0 179793077
0 708926461
1 639156293
0 204907319
0 1
0 582906308
0 119873003
0 1
0 535918998
0 225670629
0 3
0 5
0 3
0 319209449
0 107323930
0 5
0 5
0 3
0 2
0 3
3 8
1 165880757
0 588286490
0 5
0 275576134
1 398842001
0 889072381
1 576654774
0 1
0 3
0 745190602
0 5
1 339182299
0 759563415
0 662512019
0 275684973
0 1
0 703756798
0 875768529
0 284410140
4 252658218
526221241 591342834
0 3
0 74971452
0 2
0 228316535
1 285694210
0 808611519
3 6
0 4
0 280596970
0 937504897
0 583264796
0 469944516
1 6
0 2
0 932928478
0 4
0 492014290
0 961033572
0 4
0 2
601544506 699704833
0 161226746
0 1
0 195596596
0 920415559
0 1
0 382011976
0 858990125
1 3
0 996836042
0 381120895
0 5
0 2
3 4
1 3
1 2
1000 91
1 482596103
0 203938406
4 7
0 4
0 73837890
3 679598971
0 621269933
1 2
0 459987562
0 5
0 1
0 893932453
1 4
0 3346143
1 851214700
0 3
0 877471050
0 1
0 203191769
0 132097220
0 2
0 1
0 708836652
0 186733273
1 5
0 4
1 3
0 3
0 782466623
0 230832452
0 3
0 2
1 6
0 456410966
0 10804558
0 427390967
0 801301024
0 313427170
0 2
0 1
3 4
1 672161799
0 2
0 5
1 2
0 676816375
0 340290730
0 1
129544846 129544848
0 4
0 2
0 370649879
0 2
0 3
1 4
0 1
0 988450531
0 730877898
0 1
0 418324364
0 4
0 2
0 246228051
0 661444400
0 1
1 479562136
0 4
0 1
0 2
2 5
0 435104599
0 174592490
0 938156132
0 102697892
1 3
0 4
4 773089615
1 5
2 816010916
0 461799736
0 5
3 8
0 16054834
0 4
0 1
3 4
0 3
0 3
0 4
0 67452404
1 62220505
0 549630134
0 5
0 1
0 914160181
0 128352056
0 3
4 6
0 2
0 110951406
0 5
0 5
0 398706268
0 2
0 428216033
0 1
0 1
4 716726517
0 252565826
0 669367564
0 4
0 5
0 1
2 925676740
0 4
4 348986544
0 5
0 2
0 4
0 265906212
0 2
1 683459217
0 2
0 550676692
0 507559457
0 248169362
0 5
0 5
0 5
0 415522658
1 739408031
0 396166403
0 3
1 4
0 170529952
0 918901286
0 386872077
0 1
0 3
0 155957818
0 443914849
0 912396049
0 216484936
0 3
0 355390718
1 3
0 262950053
0 103420498
0 5
0 578910585
1 3
0 650750014
0 212388122
0 5
2 3
0 794917792
0 3
0 123937319
0 1
0 5
0 534242960
0 328492438
0 5
0 1
1 4
0 130918877
0 2
0 346681084
0 4
0 400783239
0 5
1 5
0 5
0 398377999
0 5
0 2
0 1
0 3
0 907894347
0 864429045
1 3
1 4
0 766537641
0 4
0 730914014
1 4
2 4
0 823690385
0 1
1 4
0 2
0 5
0 4
0 3
0 4
1 2
0 22610860
1 968208312
0 2
2 5
0 1
0 167722037
0 16041129
0 921755485
0 720207252
0 5
1 4
0 113688122
0 1
0 319106934
0 5
0 204127857
0 4
0 623891470
4 28167099
0 4
0 3
0 3
0 5
0 1
0 24083692
0 467821166
0 914941780
0 800820581
0 3
1 565023956
0 1
1 730860083
0 533769163
0 338604363
0 242989919
0 4
0 3
1 497714804
0 3
4 7
0 624630826
0 141283280
0 3
0 1
0 2
1 6
0 941589069
0 691831399
0 2
1 2
0 676867200
0 609137254
0 12298088
1 4
0 1
0 1
0 3
0 928202296
0 412589298
0 1
0 502582826
0 314028593
0 197069983
0 737580061
0 3
0 216293609
0 5
0 3
0 4
0 343911885
0 4
0 836613776
0 692222489
0 5
0 5
0 603567897
0 296776917
3 8
2 6
0 955034993
0 237474615
0 4
0 5
1 1152173
0 4
0 2
0 394632537
0 5
0 5
0 151655358
0 2
0 1
0 294009118
0 5
0 3
0 3
0 2
0 269225505
0 539244992
0 964870174
0 5
0 5
0 5
0 353712250
0 326850378
1 2
150356978 440890319
0 880109516
0 677922516
0 3
0 192438083
1 829916084
0 915802744
0 488517806
0 985149373
0 5
0 3
0 1
0 2
0 367444696
3 7
0 1
145632096 700368978
1 2
0 103605614
0 3
0 36413709
0 2
0 1
2 642927566
0 545125820
0 2
0 663115878
1 6
134931732 134931736
1 589828978
0 64238317
0 4
0 2
0 281934808
0 3
0 105796833
1 781589510
0 661645317
1 831700364
0 450368841
2 5
1 362199371
0 728874960
0 1
1 3
0 876768186
0 3
0 5
0 3
0 4
0 91179247
0 3
1 5
1 6
0 183907666
1 68105427
0 4
0 5
0 5
0 1
765987879 765987880
0 4
0 4
0 900008238
0 5
0 946485901
1 862617466
1 6
0 2
0 3
1 489017155
0 4
0 250682034
0 5
0 782654527
0 2
0 465155773
0 920810498
1 6
1 507654340
0 830971052
0 3
0 5
0 1
0 2
1 197179654
0 718907238
0 703136586
0 978752443
2 756204578
0 528913650
1 709136089
0 5
0 196388548
0 588444244
1 583202126
0 4
0 5
4 308588593
0 3
0 1
0 680527472
1 979321955
1 3
0 3
322421399 322421401
0 5
0 5
0 4
0 186636850
0 5
0 212539830
0 3
0 1
0 2
3 582843830
1 2
0 997771480
1 135551720
0 922419952
0 3
0 4
0 275533657
0 2
0 568393582
0 1
1 448272469
0 678249912
0 3
0 2
1 893871606
0 722391310
1 4
0 815763239
0 5
0 495481264
1 3
0 463467161
0 3
0 393301410
0 609981767
0 722020018
0 5
0 5
1 491041828
0 373674008
0 4
1 728553810
3 5
0 517964792
0 34544794
0 2
0 549512259
0 3
0 282920670
0 494008180
0 4
0 614485389
0 379156511
0 5
0 2
0 644500456
0 2
0 601373536
0 2
0 443516638
1 4
0 643646145
3 21072261
1 613840781
0 3
0 528312809
0 1
0 294429617
1 534684937
0 657313100
0 2
0 5
0 2
0 2
1 617259602
1 476227603
1 961036015
0 4
3 397222214
1 212049429
0 566483397
1 6
0 5
0 478541447
0 952327260
1 2
0 280952992
1 667294105
0 878992878
0 3
0 714445160
0 701442762
0 41375938
0 84228353
0 2
0 782681968
3 969863359
0 4
0 649378184
0 3
1 47181959
0 955759797
0 543871798
1 5
0 1
1 2
0 5
1 486249052
0 1
0 3
0 1
989444789 989444794
0 346483532
0 883044256
0 3
0 155410963
0 415897367
0 204195120
0 962597755
0 523586127
0 1
0 824539480
0 813095039
0 2
0 4
0 5
4 729588028
0 3
0 62011611
0 1
0 612815447
0 772067342
0 151552184
0 372252723
3 6
1 730190570
0 2
0 903097897
0 144763464
0 3
0 109513079
1 2
0 482807728
0 1
0 3
0 1
0 5
0 5
0 3
465905552 465905555
0 261763942
1 878348404
0 1
0 638006558
0 4
0 63900169
0 819320426
0 27847339
1 6
0 187668664
1 625120821
1 601694509
0 4
1 3
0 3
0 1
0 2
0 1
1 493919954
1 3
0 4
0 871720599
1 450078757
1 808682094
0 4
0 2
0 4
0 982935744
0 4
0 535461222
0 3
2 116870799
0 535781888
0 1
0 2
0 5
0 947160355
0 497457358
0 5
0 2
1 369052681
0 687807732
0 265563930
0 468811150
1 3
0 73228235
0 879746024
0 17253162
0 319230695
0 3
1 5
1 64773866
0 1
0 1
0 5
0 1
0 170671451
0 4
0 899447462
1 3
0 865318838
1 795632816
0 3
0 815995270
0 3
0 593820778
0 4
0 247251575
0 3
0 1
0 5
0 2
0 656775372
0 899005315
0 454645300
0 974340535
868279096 868279101
0 77150028
0 667172095
0 920214727
1 2
0 3
0 896508843
0 5
0 453301886
0 892969243
0 3
0 760907324
0 840104084
0 1
0 184081070
1 4
1 4
0 457954099
0 497161014
0 24516677
0 4
1 3
0 382674995
0 3
1 375016096
0 2
0 760548937
0 78280728
0 5
3 322202364
0 1
0 338402508
0 447505995
0 2
0 5
0 995944007
0 184156568
3 4
0 589279371
0 388282679
1 580152079
0 2
1 3
0 5
0 879207510
0 766446940
0 805018176
0 2
0 5
0 4
0 600327521
1 2
1 5
0 179752721
1 38980120
0 406074991
3 695627787
0 3
0 2
0 5
0 2
0 910832000
0 436607093
0 394462746
0 135318639
0 423838858
0 209914739
0 2
0 445612495
0 3
0 27699267
3 507596532
0 729754879
0 1
0 5
0 944769779
0 3
0 41190461
0 2
0 1
0 858469174
0 947952434
1 6
0 2
2 3
0 166377973
0 2
0 5
0 422685231
0 262987006
0 439965450
0 1
0 3
1 5
0 1
0 1
1 863848442
1 465628892
1 596979276
0 1
0 41746780
1 6
0 561965173
0 5
3 4
0 122948963
0 5
0 353311319
0 5
1 3
0 1
0 4
0 245029502
0 733638282
0 1
0 738856209
0 1
0 268477419
1 5
0 2
0 2
2 767916295
0 5
0 1
0 5
0 930245694
0 200112044
0 937317204
1 3
1 723365644
0 2
0 676265711
1 647313300
0 304292402
4 494535195
0 577811535
0 4
0 4
0 503393992
0 185467663
1 80505566
0 5
0 3
1 302285518
0 351220798
0 39397086
0 360167553
0 4
0 5
0 499974192
0 424903835
0 191642395
0 38493257
1 3
3 5
0 902351101
0 296304003
0 279378219
0 490082214
0 396699452
0 3
1 2
0 3
0 365647393
1 809667593
0 1
0 2
0 525689547
0 4
0 2
0 844373417
0 855749912
1 806639527
0 4
0 4
0 3
1 524328869
0 2
1 3
0 907558528
0 5
0 679511213
0 124789246
0 4
2 262156404
0 555857774
0 410246108
0 2
3 822963229
0 610277549
0 3
1 6
0 4
2 966083753
2 601236251
0 5
0 229459406
0 4
0 258236737
0 3
0 5
0 17996822
0 1
1 3
0 677445033
0 4
1 760380974
0 695179155
3 291462325
0 3
0 2
0 2
0 384802086
0 211814611
0 799725785
0 1
0 574260803
1 498634566
0 419297158
0 3
0 3
0 463680968
0 703905370
0 1
0 14377245
0 5
0 1
0 555939981
0 739261575
0 4
0 4
3 576466313
0 1
0 3
0 316359424
3 955540517
0 5
0 4
0 2
0 912027360
1 524424834
0 480033902
0 122945842
4 344617271
0 3
0 880758004
0 2
0 273326514
0 765988975
4 970991645
0 806037425
0 413352421
0 313812363
0 937977580
0 1
0 739994678
1 152277722
1 211924629
0 705800304
0 4
0 218666722
1 3
0 138690997
0 267554305
0 703585714
0 3
1 6
0 731122663
0 2
0 1
0 1
0 3
0 5
0 302567483
0 2
0 649218843
3 7
4 2603391
1 5
0 809810625
0 4
0 4
0 233441340
0 2
0 347345450
0 397156186
0 5
1 4
1 6
1 147246402
0 967509020
0 597737621
0 95896852
0 707591054
0 3
0 297256906
0 473208966
1 115790657
1 5
0 700302077
0 2
0 736653239
0 4
0 3
0 1
1 5
0 968583716
0 1
0 3
0 746359761
0 2
0 484716019
0 3
3 4
0 2634639
0 644390386
1 5
0 2
0 242732311
0 454990091
1 5
0 2
0 5
0 4
1 4
1 2
0 666293071
0 2
0 536537973
0 529525426
4 8
0 3
1 295640120
0 476434926
1 6
0 397304779
0 3
0 246157097
0 3
0 194352846
1 739181744
0 173373151
1 4
0 1
4 389963989
1 433140681
0 2
0 106496899
1 196106035
0 2
0 4
0 285756582
0 3
0 483390678
0 63779572
0 1
0 2
510188071 510188072
0 548068725
0 279576847
0 4
0 404218927
0 2
0 1
0 965635949
0 442500496
1000 97
0 5
0 2
0 5
0 5
0 516890051
0 3
0 3
0 855763146
0 3
0 539048352
0 257983390
0 3
0 218697633
0 896586866
0 689454076
710459947 725657114
4 6
0 2
0 3
0 1
0 32588186
0 5
1 6
0 10833110
0 606207107
0 209847393
0 533381988
0 467749328
0 198977647
1 373980733
0 479746780
0 542045711
0 399883245
0 3
0 4
0 714443516
0 5
4 971028616
0 754399150
0 2
0 4
0 4
0 302735973
0 16181425
0 696768813
0 5
0 3
2 922865548
0 627274702
0 358245908
0 880080852
0 5
0 661178655
0 5
0 875281350
0 2
0 529433232
0 5
0 815076798
0 493925228
0 462773436
0 3
0 400258582
0 5
0 3
1 3
1 763382020
0 5
0 4
3 896637026
0 4
0 1
0 4
0 4726414
0 74295353
0 491793898
0 2
0 1
0 804278418
0 349248806
1 6
0 1
0 2
1 3
1 702420780
3 390657415
0 972586111
1 2
1 178719632
0 4
0 449929141
0 205131734
0 4
0 23415611
0 768012246
0 4
0 858486416
0 3
0 325292894
0 66598124
0 116375843
0 5
0 936539564
0 55639764
0 1
4 225581444
0 317629772
0 2
0 748352350
1 4
1 2
0 276430058
0 337741048
0 380775942
0 1
0 4
0 311167974
0 362950507
1 853912446
0 98537152
4 212468333
0 47342065
0 913593659
0 750584005
1 65563544
0 1
0 4
0 4
0 1
0 2
0 296253959
0 3
3 4
0 974029681
1 2
0 278650030
0 4
0 3
0 34564521
2 978585662
3 177479196
0 4
0 3
1 6
3 5
0 2
0 802497651
0 402243380
1 761981521
1 3
1 447541249
0 916534358
0 116892426
0 1
1 4
0 580976621
0 1
0 5
0 2
0 3
0 4
1 2
0 850013905
0 5
0 5
0 5
0 2
1 3
1 5
0 801108577
0 4
1 646191442
0 4
0 836725318
0 4
0 680249714
0 3659004
1 5
0 2
4 683627694
0 5
0 3
0 590734518
0 1
0 3
1 682094601
4 93813811
0 654563755
1 543111062
0 756712186
0 4
0 3
0 246880106
0 87160447
0 172156286
1 6
0 2
0 272984641
0 917975942
0 412085438
0 1
0 445973664
0 4
0 5
0 448727375
0 5
0 4
0 881773400
0 511958960
0 5
0 820382120
0 265649088
0 1
4 7
0 287311298
0 955914372
0 1
0 3
0 5
0 4
0 1
0 72276152
0 5
0 1
0 482653611
0 5
0 575528845
0 3
0 4
0 3
0 3
1 2
0 747649079
0 2
1 702606135
0 380447534
0 770755968
3 4
0 5
0 852609798
3 459418826
0 5
1 356248636
2 4
0 801617010
1 3
0 5
0 2
0 4
0 151533554
0 982680469
0 4
1 217056660
0 55555180
1 6
0 682607683
0 138854518
0 959145302
184792671 326661656
0 1
0 971422690
0 751236476
0 3
0 4
0 2
0 4
0 5
0 997574330
0 1
0 4
0 3
0 2
0 3
623809798 623809800
0 2
0 294691196
1 6
0 1
0 725389894
0 4
0 125307485
0 1
3 6
0 2
1 4
0 612683998
0 257704858
0 4
1 6
0 4
0 622716540
0 497212328
0 923661571
1 209472008
0 5
0 2
4 630625958
0 2
0 824336876
0 422625004
0 4
2 6
0 3
3 7
0 833845469
0 4
3 27254810
0 2
0 573679215
0 5
0 5
0 149636718
0 4
0 957637565
0 258540210
0 5
1 559012553
0 222101698
0 2
1 278884872
0 922846265
1 337301252
0 50056730
0 2
0 2
0 711792275
0 386355965
1 754336952
1 2
0 140179311
0 1
1 315572682
0 661803333
3 7
1 2
1 4
0 3
0 4
0 871388565
0 4
0 640359608
0 657262987
4 416034501
0 408504603
0 5
0 5
0 375068030
0 4
1 6
0 686220008
0 5
0 913212711
0 852159856
0 4
0 3
0 2
0 264987291
0 579086334
1 6
0 4
0 5
0 504786754
0 472477925
0 5
0 676384107
0 657215013
562234755 562234756
0 2
0 5
0 3
0 1
0 5
0 1
0 367553260
0 373391322
1 4
0 230524446
0 285936853
0 490796226
0 1
0 4
0 253872886
0 306511932
0 465493114
0 616628694
0 455683034
1 951410174
0 3
0 282075323
0 595408811
0 728795285
0 595076809
0 29348018
0 348657287
0 656207192
3 6
0 3
1 2
0 595379579
0 526805963
0 472575917
0 42626988
0 1
0 1
0 4
0 4
0 4
1 275091949
0 675436807
1 3
0 5
0 1
823393358 823393361
0 4
0 1
0 1
0 706465228
0 124759778
0 1
0 561159591
0 3
0 4
0 503817042
0 579489715
1 89617978
3 5
0 4
0 1
0 3
0 2
0 2
0 890900502
0 3
1 5
0 530317732
0 4
0 728416316
0 3
0 4
1 543140371
132133391 132133393
0 3
1 4
0 412731104
1 5
0 219683458
0 3
1 5
0 960928430
0 830846515
0 1
0 3
0 15303190
1 293784673
0 3
0 3
0 809375398
571685716 571685721
0 827772354
0 4
0 344540199
0 1
0 4
1 876534429
0 431832719
1 490288993
1 786167554
0 3
1 222380217
4 8
2 601238847
0 548767454
0 131916959
1 6
0 4
0 443737442
4 5
0 154570029
0 4
0 3
0 30542493
0 5
0 902882203
0 580878176
0 3
0 107811227
0 5
0 936577338
0 856914637
1 6
0 5
2 7
0 2
1 332034724
0 434099872
0 857592959
0 5
0 98884544
0 415488334
0 1
0 3
0 1
0 2
0 1
0 908439903
1 131149939
0 4
0 1
0 510060199
0 289649189
0 1
0 406235884
0 4
0 2
0 284754826
0 418943796
0 48275639
0 5
0 400318366
0 116214169
1 5
0 150573971
0 2
0 450762743
0 119826904
0 3
0 254611108
0 467193346
0 3
0 147072486
0 4
0 225828805
0 3
0 5
1 5
0 3
0 1
1 890749147
1 5
0 5
1 6
0 781475951
0 3
1 5
0 5
0 532398850
1 3
0 2
0 2
1 510313462
0 2
0 825647062
0 3
3 8
1 4
1 48328398
0 2
0 513596020
2 3
0 43359497
0 3
0 789274209
0 343580817
0 227548556
1 5
0 260351442
0 3
0 320592362
0 4
0 957633824
0 2
0 1
0 1
1 5
0 396869668
0 2
0 875395705
0 5
1 2
0 971659003
1 690459568
0 5
0 2
1 2
0 5
0 73180379
0 278488209
0 824038740
0 4
0 846188560
0 2
0 487123196
0 511292948
0 3
3 882403741
0 656691789
0 56232181
0 4
3 92735199
0 5
0 4
0 1
0 307466595
0 292160755
0 971832305
0 5
1 2
0 440268439
0 916803763
0 3
0 4
0 59094691
0 865777119
0 2
1 857034675
0 393645287
1 309143001
1 4
140292395 140292396
0 4
2 364072677
0 863476649
1 201501512
0 4
4 5
0 624584052
0 782771760
0 960164984
0 120451080
0 3
0 5
1 2
1 126269409
0 954191002
0 515543316
0 242961238
0 3
0 4
0 196311787
1 3
1 6
0 216518964
0 2
0 656189655
0 3
0 1
0 4
0 5
0 207820812
0 793687623
1 350884512
0 1
1 6
1 587497762
1 4
0 5
0 3
0 815495017
0 2
0 932214229
0 653996204
4 833752170
0 3
0 5
0 787964913
0 612610339
0 705997499
0 116182976
0 1
0 828686747
1 4
0 3
0 5
0 451167876
1 3
1 442834330
0 1
1 44337455
0 2
4 8
1 5
0 4
0 2
0 4
1 3
0 3
1 985766502
1 5
0 5
0 3
0 556272798
0 86388297
0 270716009
1 6
4 6
0 3
0 5
0 810949691
0 601032278
0 4
0 723323652
0 181261740
0 2
0 5
0 1
4 7
0 2
0 909154915
1 5
0 5
1 3
4 6
0 5
0 2
0 631053814
1 129280256
0 362946959
4 919350614
1 64806802
0 3
0 4
0 581751763
0 349785153
0 411674835
1 5
0 3
0 2
0 755132477
0 747974281
0 5
0 4
0 4
0 990320823
1 62620239
0 5
0 110934631
1 95794504
0 5
0 1
0 459871405
0 551927206
0 1
1 728187085
0 533787171
1 6
0 1
0 2
0 2
0 4
0 4
0 286899639
0 2
1 962160471
0 855491471
0 248292860
0 659058558
0 5
1 341273799
0 5
0 965897987
0 322049190
3 551112328
0 717185493
0 5
0 5
1 648891070
0 1
0 13012301
0 3
0 5
0 646964461
4 770313622
0 544167208
0 3
0 2
0 63407787
1 5
0 4
0 789697010
0 4
0 69645329
0 856297646
0 60841536
0 793857510
0 821659380
0 1
4 6
0 2
0 105548627
0 906426818
0 732851824
0 3
0 2
0 1
0 747480012
0 116948155
0 285748067
2 286440586
0 4
4 5
1 320988010
0 4
0 696475286
0 40833028
0 177714688
0 71337790
0 2
1 6
0 3
0 5
0 681427209
0 970678979
0 883318019
0 3
0 5
0 1
0 1
0 3
4 35723355
0 3
1 6
0 927127125
0 171384040
0 828390661
0 386937882
0 26900120
0 2
0 884717895
0 816644850
0 4
0 124232981
0 694987921
0 50339502
0 4
2 172775348
0 807194561
0 701301955
0 1
1 4
0 2
0 3
0 790324548
0 2
0 3
0 5
0 2
0 308952853
3 7
0 601084492
1 5
0 4
3 8
1 5
0 4
1 2
0 4
0 4
0 563488068
0 570445009
0 792320966
2 5
1 2
1 6
0 800512742
0 298710171
1 257609251
0 951114712
0 2
0 537404536
0 3
0 1
1 373698982
0 1
0 98770646
1 779300769
0 1
0 4
0 641611908
0 470074313
0 2
0 292256892
0 24335657
1 147455556
0 1
0 72077514
1 6
0 67834799
0 5
0 464127864
0 1
0 639067558
0 872471936
1 65588090
0 720556281
0 704170848
1 5
0 738244957
0 279595781
0 167911443
0 831752444
0 5
0 3
0 1
0 2
0 718537444
1 515494718
0 666587080
0 2
0 256180532
1 2
0 131983990
1 2
0 2
0 779003455
0 978109014
0 733597438
0 1
0 373219567
0 2
0 1
0 1
1 2
0 740411661
0 595961679
0 32207288
0 412661221
0 253017201
0 453004792
0 529459749
0 911697915
0 72121697
0 931907643
0 917957381
0 5
0 3
1 4
1 2
1 5
0 1
0 1
0 989086072
4 191626000
0 1
0 2
1 6
0 583969009
0 337312141
0 4
0 5
0 3
0 2
0 1
1 6
0 1
0 896167779
0 3
1 719953827
0 248747981
0 2
0 2
1 3
0 778162997
0 5
0 2
0 334095256
0 649722063
0 1
0 742703943
0 407519289
0 3
1 5
0 34849219
0 454538779
0 1
0 727297147
0 583404545
0 252423348
0 613159247
0 3
0 3
0 350691880
0 4
0 928006524
2 7
0 806833195
0 1
0 838301507
0 399583223
1 144596039
0 531528955
0 493013906
0 5
0 1
0 652849643
0 2
0 3
1 191250121
0 2
0 4
0 169247880
1000 98
1 396179224
0 5
1 5
0 4
0 832268510
0 35977461
0 4
0 2
0 615108198
0 2
0 2
0 4
0 714028483
0 898613811
0 2
0 864612947
0 245058007
0 1
1 437003779
0 480803722
1 258859936
0 3
0 905843812
0 4
0 403870425
1 119480517
0 4
0 191439736
0 3
1 4
0 2
0 42874301
0 4
1 2
0 2
0 5
0 3
0 965846039
1 681428406
1 555071438
2 3
0 968413120
1 3
0 130139457
0 344358309
0 2
4 474120549
0 5
0 241956587
0 756994037
0 2
0 449914509
0 4
0 3
0 1
0 861740302
0 336329424
0 1
0 653155859
0 536021137
0 2
0 2
0 1
1 3
0 543175086
0 523312920
0 2
0 3
0 3
1 733047093
0 4
0 3
0 1
0 4
0 339464800
0 2
1 347165698
0 5
0 764506487
0 4
0 5
0 390546630
0 4
1 987229786
0 799789453
4 5
0 186556931
0 1
0 1
1 6
0 4
0 1
3 104151120
0 5
0 3
0 522109665
0 4
1 4
0 1
2 3
3 4
0 1
0 829929361
0 5
0 2
0 5
0 474985488
1 834447713
0 3
1 2
1 879596795
0 942034733
1 4
1 6
0 755842449
0 415230526
0 3
0 5
0 2
0 5
0 2
0 971589304
0 3
1 2
0 58115517
0 3
0 1346013
0 1
0 107467300
0 180873923
1 456897656
0 219870779
3 842650459
0 2
0 2
0 4
0 5
0 1
0 849663802
0 3
1 428692870
1 6
0 128032931
0 300285457
0 4
0 4
2 7
0 45404342
382254643 910806110
0 826647256
0 2
0 3
0 373610443
0 5
1 6
0 733068454
0 69621845
0 2
0 648449660
0 2
0 4
0 791323122
0 2
0 843781884
0 2
0 4
0 514143028
0 5
0 1
0 3
3 8
1 52986050
1 702800046
0 639954249
0 329533008
1 295675187
1 2
0 578000089
0 189841165
0 750281415
0 508548768
0 948573451
0 3
1 13466658
0 5
0 628671431
0 5
0 850635590
0 217312065
0 411498819
0 826548192
0 5
0 2
1 769389777
0 2
0 4
0 5
1 922976423
0 363968205
0 413808163
1 3
1 463200825
0 721571267
1 564744556
0 4
0 251191361
0 5
0 181866640
0 985195882
2 3
0 776337067
0 4
0 3
0 4
0 343743129
1 67208365
0 593075066
0 517319313
0 4
1 4
0 728979677
0 2
0 777425063
0 2
0 5
0 529022353
0 5
0 620501425
83156004 83156005
0 1
0 611208326
0 3
4 417904881
4 1999625
0 553107252
421608768 421608771
0 1
0 2
0 72487351
1 5
0 1
0 1
0 24649143
1 693117092
1 2
1 2
0 5
0 704250289
0 5
0 3
2 4
0 5
0 3
0 42694941
2 4
0 919054229
0 48551136
0 3
0 667709002
1 240992185
1 680200268
0 4
0 3
0 275708092
0 477168691
0 200217687
0 2
0 822885863
1 812507209
0 47699332
1 987659432
0 642439068
0 5
0 1
0 4
0 942887813
1 6
0 259290100
0 3
0 2
1 428753594
0 292472167
0 279155993
0 4
0 5
0 1
1 4
0 1
0 438411812
1 115171858
0 5
1 731806208
0 293486074
679393762 796610308
0 3
0 381209112
0 4
0 614526865
2 4
0 353214503
2 3
0 5
0 4
0 5
1 5
0 1
0 629238288
0 977548538
0 711141725
0 769682505
0 217110840
0 3
0 22157315
0 705112967
0 1
1 2
0 5
0 1
0 5
0 4
0 342996822
1 5
0 82998081
0 3
0 47003874
0 791679385
1 872229279
0 879852328
2 6
0 376045103
0 3
0 4
0 5
1 173113146
1 4
0 403844072
0 643112358
0 377004799
3 86509819
0 920424965
0 953551614
0 3
0 5
1 3
0 589556559
0 5
1 5
1 220072459
0 2
1 217332007
0 2
0 4
0 3
3 864743530
1 412564793
892195944 892195947
1 4
1 2
0 423167769
0 961216851
0 4
0 4
4 961415877
0 2
0 2
0 159717101
1 562692974
0 1
0 1
0 490341910
0 121367116
0 1
0 656131699
0 75729202
0 5
0 5
1 795069190
0 865655609
0 217439422
0 3
0 4
0 145314466
1 654890581
0 993795610
0 1
2 3
0 645391050
0 608068304
0 317544168
0 2
1 4
1 135729757
0 4
1 3
0 639793831
0 4
0 622095561
0 797580484
0 629539367
1 459716080
0 230865794
0 524139360
0 2
4 8
0 625297512
0 835130593
1 526650067
0 52190292
0 288537527
0 992030582
0 1
1 225733266
0 4
0 4
0 655049516
0 3
0 3
0 706726918
4 7
4 5
0 3
0 2
0 4
0 210854963
0 2
0 5
0 5
0 2
0 4
0 924758175
0 154031816
0 769618065
4 5
1 4
1 3
3 7
0 4
0 640263819
1 449955359
0 930429291
0 2
0 4
0 830097457
1 476716650
1 5
1 4
0 1
0 3
0 3
0 410577851
0 2
0 2
1 5
0 4
0 448202133
1 61252109
0 941287318
0 465501683
0 316936751
0 4
0 5
1 4
0 4
0 3
0 4
0 2
0 4
0 3
0 320305034
0 715679651
0 435882188
0 1
0 2
0 341228429
0 861248730
0 734849418
0 5
0 2
0 500694993
0 1
0 796188273
0 844979876
0 5
0 735759811
0 76292926
0 4
0 1
1 5
0 21130291
3 6
0 209990827
0 4
1 5
0 731146251
1 4
0 322152211
0 946471604
0 4
0 914192442
0 5
0 464802546
0 319806705
0 2
0 4
0 501308607
1 953140739
0 5
0 3
0 199871929
0 5
0 534239682
1 3
1 491213790
0 930376301
0 674362788
1 724197758
0 1
1 617391426
1 16171780
1 2
0 5
0 129512373
0 168492459
1 6
0 1
3 635297541
1 65723842
0 875302421
1 104898774
0 374976680
0 3
0 889884815
0 168910521
0 3
1 2
1 4
0 3
1 737704881
1 5
0 5
1 3
0 3
0 881425565
0 3
1 3
1 3
0 1
0 1
0 878716407
98043389 98043391
0 660554403
0 5
1 904093821
0 291246006
0 3
0 60715928
0 1
0 623318459
3 762095633
187936787 636351931
0 4
0 271742982
1 205041027
0 1
0 556770583
0 3
1 53990778
0 2
0 3
1 375150762
0 38235667
0 551948743
0 3
0 354911452
0 2
0 3
0 26322725
0 4
1 3
1 4
1 3
0 5
0 2
0 2
0 2
0 203734776
0 3
1 217642421
0 28631033
0 4
0 952655403
0 1
0 5
0 5
0 369343946
0 748287338
0 2
0 5
0 900421704
0 954213617
0 2
0 429757027
0 17886516
0 4
0 527049256
0 892893410
4 362201941
0 1
0 308105215
0 20929228
0 5
1 3
0 3
0 3
1 3
0 231470577
0 4
0 46163742
1 288287965
0 11494757
0 352293957
1 6
2 910553751
0 1
0 4
1 3
0 4
1 3
0 774085231
0 1
0 335486834
778125495 778125500
0 4
0 3
0 558571109
0 208001658
0 497601288
0 566771117
1 2
0 719464092
0 2
0 2
0 295456756
0 2
0 4
0 509599477
0 2
0 127831737
1 3
0 1
0 236051050
1 5
0 279059105
0 649530864
0 485604984
0 287318039
1 62827247
2 384022827
1 528450587
0 3
0 35613598
0 3
3 6
0 947397974
0 1
0 507270054
1 959345384
0 498491244
0 2
0 1
0 508280010
0 846682977
0 2
2 5
0 311831394
1 962087229
1 293908323
0 5
0 4
1 2
1 751725934
1 2
0 2
0 2
0 5
0 388587246
0 867983966
0 421094176
0 34157951
0 324031143
0 2
0 4
1 408464160
0 181014265
0 3
0 582203503
0 3
0 1
3 326330515
0 549125206
0 5
0 5
1 147066907
2 563873882
0 4
0 21286601
1 729687022
0 951289498
0 573345702
0 34576174
0 124524169
1 2
0 269677432
0 97368998
1 86648844
0 506045195
0 4
0 4
4 6
0 680131332
0 531507462
0 2
0 4
1 4
1 814088698
0 1
1 2
0 2
1 3
0 4
1 3
0 552488915
0 976202672
0 378946930
0 3
1 3
1 2
0 1
0 2
3 8
0 102076756
0 3
0 953439147
0 2
0 78161331
0 5
0 355053246
0 84898635
0 886330590
0 605542794
1 688311044
0 2182493
0 589713586
0 1
0 4
0 341525940
1 619170970
0 770818629
0 977881052
0 3
0 697719671
1 373710760
0 893076747
0 269796441
1 756708296
0 4
1 5
0 775857446
0 1
0 460295600
1 6
0 4
0 4
0 3
1 2
0 746568666
0 714656604
0 3
0 553051619
1 2
0 4
0 4
0 361404710
0 1
4 798639853
0 169870540
0 831801989
1 2
0 128107915
0 3
0 2
0 4
0 4
0 483744638
1 3
0 637306176
0 3
0 4
0 70606668
0 3
0 137019541
0 5
0 1
0 910500422
1 3
0 39640920
0 5
0 3
0 2
0 5
0 3
0 3
0 546861822
0 5
0 5
0 210804002
0 4
0 1
0 5
1 3
0 2
1 659667991
0 506793296
0 5
0 3
0 3
0 1
0 895344479
0 3
0 3
2 5
0 5
1 521623906
1 2
1 234805065
0 505745852
2 5
0 375637783
0 352895983
0 711597681
0 2
0 1
0 3
0 4
1 6
0 479619820
1 6
0 683387979
0 570873854
1 646027683
0 4
1 4
0 1
0 167609812
0 182466992
0 3
0 770246677
0 1
3 4
0 5
0 1
0 992963628
0 340699743
0 5
0 871699308
0 788806530
0 434762694
0 2
0 227795547
0 837206617
0 5
0 42551987
0 875174363
0 4
0 2
0 5
0 3
0 5
0 82455243
0 1
0 894692326
0 945667933
0 1
0 1
4 313357306
0 247766168
0 738516442
0 484594594
4 337414772
1 184827432
1 2
0 76157234
0 4
0 171477810
0 872734783
0 838172594
0 127985517
0 2
0 30111759
1 586170079
0 149387292
0 972262534
0 5
4 162198945
0 569233148
0 907605194
0 2
0 375095089
0 660704524
0 692124006
0 925179975
2 3
0 839363622
0 689086917
0 280736533
0 4
0 1
0 424494943
0 511137316
0 277002069
1 965976960
0 5
0 574192741
1 6
0 4
1 91797763
0 118887508
0 522623964
1 4
0 7596471
0 2
0 892312477
0 153604371
0 4
1 635307697
0 86911701
1 5
0 354733772
0 2
0 2
0 705327294
1 2
0 772931259
0 5
1 281199698
0 3
0 4
0 692040167
0 591629402
0 147010217
0 563933425
0 915505712
0 5
0 2
2 7
0 1
0 2
0 177031149
1 3
0 316141482
0 925088597
0 772953706
0 70386360
0 367565053
0 2
0 4
0 1
0 4
0 4
0 5
3 8
0 351014633
0 664621873
0 4
0 5
0 931997315
0 1
1 5
0 492144505
1 2
0 158418683
0 220201853
0 542555794
0 3
0 722875229
0 2
1 192888852
3 209835251
0 597867335
0 101568403
0 4
592831326 986417023
0 1
0 398372796
0 662322964
0 2
1 400287837
1 4
0 577928396
0 1
1000 98
3 402043679
0 234899674
1 941758623
0 572260839
1 2
0 4
2 291870765
0 5
0 636939654
0 19886998
0 279760752
0 1
0 248406931
0 262398121
1 4
0 495653063
1 3
1 1267587
0 301400271
1 827668414
1 171887497
0 1
0 1
0 2
0 2238536
1 6
0 3
0 371249162
996472344 996472346
0 244485685
0 91904960
1 526223328
0 4
0 180540475
0 883462692
0 81767155
0 1
0 814896161
1 20448498
0 4
0 1
0 3
0 239188961
0 482421849
0 4
1 4
0 741833235
0 573232950
0 555375470
0 4
0 5
0 885496651
0 2
4 685224938
0 206304626
0 2
0 26588793
0 2
0 3
0 547761006
0 3
0 98648950
0 2
0 5
0 913191476
0 1
0 4
0 575048222
2 997020484
0 4
0 219350984
2 6
1 107746765
3 4
0 534454333
0 2
0 4
0 5
0 224016710
1 189559533
0 339609341
0 4
0 997425964
1 677447891
0 5
0 575015243
0 4
0 3
1 2
1 339328829
0 1
0 415411698
0 937844824
0 888981427
0 4
0 671513841
0 4
0 5
0 391900334
0 3
0 2
0 690118057
1 6
0 5
0 27006845
0 156135171
1 3
0 554538700
0 809476164
0 931471078
0 2
0 108290928
0 734195865
0 5
1 692266599
0 139522375
4 7
0 1
0 773658839
0 191337151
0 5
0 3
0 581794162
0 349203313
0 985634550
0 1
1 808923138
0 5
0 105408818
0 5
0 1
1 6
1 251419721
0 775100278
0 1
0 2
0 3
0 185536866
0 3
0 5
0 13564654
0 2034159
0 855598750
0 22667906
1 3
0 563390255
0 951236393
0 949939119
0 1
0 3
0 2
3 6
0 4
0 4
0 693095042
0 4
0 1
0 1
2 5
0 3
0 2
0 589427338
0 777170475
4 469366115
1 6
0 2
0 1
3 987044560
0 1
0 4
0 950368876
0 712112254
0 3
0 5
0 318019667
0 1
1 6
0 3
0 452799107
0 3
0 2
0 5
1 540658453
0 5
0 2
0 816022939
0 229980011
0 4
0 600011856
0 5
2 629090604
0 3
0 633875286
0 4
0 534751129
0 5
0 4
0 196020453
1 3
3 309838249
0 366447055
0 5
0 718237163
0 598556013
0 50322205
3 5
0 5
0 4
0 910874886
0 215825207
0 1
0 152717842
0 1
0 166398919
0 5
0 655218728
1 4
0 2
3 6
0 114539032
1 5
0 681508695
0 658337322
0 156216249
1 2776585
0 965532013
0 5
0 750968270
1 19510477
0 1
0 2
0 424287546
0 2
1 3
4 6
0 5
1 614434774
1 2
0 4
3 7
0 665521952
1 5
0 1
4 6
0 2
1 4
1 4
0 4
0 3
0 378213669
1 982522955
0 3
0 356078036
0 2
0 1
0 3
0 2
0 504733160
1 5
0 804968278
0 812475658
0 1
0 5
1 136051351
0 436624802
390976659 424281223
0 3
0 2
0 1
0 3
0 1
1 5
1 148997608
0 2
1 2
0 5
0 5
0 3
0 330062164
1 4
0 2
0 3
0 387301638
0 10332529
0 5
0 758046007
0 1
0 4
0 1
1 6
0 2
1 6
0 182644680
0 1
0 3
0 1
0 794372839
0 344407589
0 154870577
0 369656501
0 277391109
1 5
1 851696497
0 4
0 2
0 2
0 3
0 48232553
1 360844179
0 4
0 1
0 828846561
1 764794903
0 838366875
0 5
0 573986134
0 551293687
0 2
0 2
0 885532183
0 4
0 70329873
0 346137273
0 534047495
0 5
0 5
0 3
0 3
0 298313196
0 195779848
0 3
1 3
0 2
0 4
4 323125238
0 782163393
0 226834590
0 5
1 6
0 3
0 4
0 4
0 3
0 658776906
0 278699855
0 4
1 2
0 2
0 5
1 687051484
1 2
0 5
0 2
0 3
0 4
0 53802174
0 5
0 5
1 364938813
0 1
0 2
0 5
0 3
0 930667579
0 4
1 4
0 516772744
0 1
0 901489546
0 131418636
0 3
0 628157998
0 3
1 22695264
0 1
0 5
0 360975671
1 147084303
0 32552345
0 498493226
0 124565529
0 610372116
0 2
0 913634881
0 369787173
0 855910486
1 2
0 5
0 352338131
0 348287907
0 5
0 2
0 5
0 3
0 960107025
0 2
1 4
1 698430876
0 203287413
3 4
1 3
0 5
0 693931075
2 220425966
0 913233925
1 57032103
0 796858947
2 744865170
3 6
0 2
0 1
0 4
0 3
0 5
0 4
0 279421993
0 5
0 413817930
0 942412020
0 1
0 5
2 270654277
0 4
0 2
0 5
0 3
0 5
0 824827304
0 879655482
0 80286712
0 2
0 4
0 3
0 3
0 4
0 118000895
1 518360915
0 4
0 898371647
0 3
1 179617582
0 544043405
0 475389309
0 3
0 705627319
3 835678840
0 322353445
1 342068236
0 640376737
0 375245803
0 709776140
0 793477508
0 3
1 736877852
0 690818166
0 3
0 5
0 5
0 2
0 718839534
1 3
0 2
0 4
1 9350589
0 451351880
0 4
0 1
0 593871357
0 1
0 601469494
0 3
0 858550874
1 435517498
0 453785776
4 6
0 572757578
0 356522450
0 551934722
0 782170412
1 910671457
1 2
0 2
0 3
0 74435920
0 611392732
1 265062404
0 932855093
0 5
0 755425403
0 2
0 746363072
0 4
0 4
0 833640437
0 5
0 2
0 3
0 3
4 9
2 714469357
1 3
0 4
1 2
0 402026778
0 2
0 205793518
0 651775997
4 448287427
1 273568716
0 776726408
0 304390706
0 2
0 167330784
0 184439197
0 1
0 941480528
0 3
1 5
0 966784571
1 70773314
2 434794946
0 5
0 3
1 151825344
0 1
0 948743585
0 265430292
2 565818678
0 623368281
0 2
0 486048984
0 4
0 5
0 872972538
1 716919910
0 861854625
0 488396907
0 292699812
0 2
0 373007424
0 814413745
1 5
0 350683609
0 5
0 5
0 56487677
0 5
0 5
4 737600879
0 277059658
0 333981793
4 735191498
3 7
1 327746853
0 3
1 5
0 5
0 475735752
0 168657641
1 884112057
0 1
0 1
0 2
0 4
0 622090073
2 669599164
0 5
0 749900040
1 696074629
0 581149341
0 1
0 4
0 486850101
0 1
0 380100748
0 29839453
0 996162696
0 961015229
0 4
0 3
0 239241825
1 3
0 206977743
0 887295438
0 775326593
1 4
0 923793017
0 2
0 323648879
0 4
1 989928712
0 5
0 745923376
0 5
0 396589829
3 367707395
0 2
0 4
0 4
0 2
0 1
0 2
0 591253407
0 721523405
0 2
0 3
0 28669158
1 4
0 2
0 851495823
0 5
0 375140595
0 779047817
0 470431663
1 3
0 508662502
1 230265280
0 4
0 72205096
0 19998471
0 2
0 5
0 1
0 1
0 40253232
1 3
0 3
0 3
0 255122657
0 2
0 1
0 1
0 340955774
0 775677703
0 139782074
0 126821618
0 575398159
1 898076764
2 3
0 91301934
0 571549360
0 237485831
0 843430367
0 2
0 3
0 825443576
0 148063047
0 398873080
0 605415184
0 2
1 616513429
0 885278611
2 844924635
0 625388147
0 894707918
0 4
0 656055663
0 606541109
0 513413568
1 6
0 5
0 3
0 582533471
0 132246089
1 152881677
1 493596128
0 4
0 1
0 204819023
2 171834792
1 977106570
0 2
0 119682221
0 4
0 219903100
0 1
0 3
0 1
0 1
0 19024397
3 706092208
0 3
0 744433220
0 5
1 339804646
0 4
1 4
0 2
0 617818718
0 306367604
0 774046208
0 703439512
0 294559870
0 5
1 5
0 4
0 958917670
0 3
1 3
0 300841573
0 995698484
0 860612828
0 2
1 596922112
3 152653654
0 4
0 5
0 2
0 734477490
0 5
0 23164232
0 4
0 583405213
0 760856720
0 967102136
0 744304573
1 4
0 356477005
0 890967950
0 4
0 1
0 1
0 822438337
0 3
1 6
0 3
0 1
0 1
0 4
1 6
1 717320291
0 477255886
0 3
0 950334169
0 1
0 266557564
0 841780026
0 436683051
0 596618070
0 325705263
0 3
0 204589392
0 5
0 1
0 2
1 3
1 4
0 2
0 2
0 3
0 978891592
4 5
1 6
0 756517539
0 603724088
0 1
0 3
0 943930159
0 555317437
1 181597304
1 37966002
0 849169236
0 3
0 937329627
1 4
0 5
0 2
0 529380113
1 208135198
0 973486299
107523915 770268589
0 1
0 3
0 210261395
0 51265043
1 711484547
0 635286526
0 224178410
0 4
4 584416854
1 2
0 432255075
0 5
1 5
2 3
0 5
0 5
0 769829556
0 796661972
1 2
0 5
0 440920398
0 223708806
0 1
0 2
0 5
0 389131154
0 749700949
0 5
0 342939366
0 183895097
0 2
0 870199893
0 324345862
1 209305664
0 3
0 2
2 3
1 2
0 800842535
0 786967563
0 2
0 3
0 618028197
0 644759370
0 5
0 863428746
0 1
0 188940741
3 4
1 6
0 579387632
0 3
3 8
1 644022540
0 4
0 461444958
0 2
0 5
0 973415626
0 172986463
0 188334847
1 692654565
0 176078685
0 5
0 1
3 7
0 4
0 937618764
0 364341169
0 5
0 3
0 433336527
1 594704752
0 898417296
0 628725056
1 86896307
0 4
0 102105016
0 1
0 948199459
0 331276942
0 665733179
0 1
0 107391892
0 5
0 4
1 250211431
0 491527010
1 4
1 3
0 582823096
0 432870082
0 3
0 2
4 7
0 4
0 5
0 1
1 752873078
1 6
0 5
0 865211828
1 6
0 2
0 4
1 5
0 811168938
2 927161509
4 484566634
0 4
0 4
1 6
0 741552484
0 1
1 806440794
0 3
0 673639510
0 966934501
0 553954299
0 644977194
0 3
0 440082663
1 827928831
1 2
767548251 767548254
0 5
3 7
0 690633502
0 340620753
0 4
136224151 933647141
0 2
0 3
0 5
0 564607191
1 197903150
0 3
0 2072695
0 1
0 1609822
0 833335924
1 6
0 5
0 2
0 215994539
0 2
0 389121282
0 486894973
0 2
0 1
0 285489524
0 35360507
0 1
1 733009688
0 3
0 2
0 3
0 4
0 242947214
0 745596594
1 4
1 118056828
0 250735178
3 8
1 299200823
0 5
0 651220786
2 3
0 2
0 174718852
0 2
4 7
1 5
0 2
0 3
0 1
0 2
4 101949277
0 659746265
1 3
0 577058924
0 2
0 201840992
0 554166341
0 1
0 1
0 2
0 190460080
0 1
0 752586023
0 838762700
2 6
0 2
0 378684177
0 107418952
0 1
0 3
0 5
0 2
0 4
0 444140233
0 1
1 800886954
1 2
0 179954242
0 1
0 92357257
0 495772962
0 5
1 384096290
0 5
0 777673819
0 408469066
0 2
0 527794836
0 708003113
1 217277028
1 5
0 913836312
0 5
0 856457263
0 1
1 2
0 922789839
1 3
0 939097868
0 3
0 1
0 1
1000 94
0 4
0 5
0 5
0 451063466
0 508969980
1 2
1 3
0 669935661
0 4
0 165793211
0 791239592
0 492753234
0 15168977
0 2
0 503556383
0 2
0 667023665
0 5
0 675048521
0 3
0 467982115
0 3
4 568020640
1 6
0 2
0 664892054
0 378421641
0 1
1 2
0 4
0 271466292
0 1
0 1
0 46609874
0 936841500
0 5
0 3
0 908175341
0 398472065
4 251789937
0 2
0 127778418
2 797829562
0 5
0 4
0 2
0 78502570
0 276048907
0 782467896
0 844452057
0 428437089
0 41268149
0 4
1 5
0 4
0 1
0 868219257
1 3
1 4
0 160731687
0 5
1 996391234
0 1
0 4
1 943466731
0 220589282
0 1
0 96759814
0 5
1 6
0 4
0 19788222
2 3
0 1
3 628280802
0 876147270
0 100604685
0 5
4 5
0 2
0 5
0 274250061
0 2
0 654569595
0 5
1 265066520
0 5
1 2
0 5
0 2
0 150692817
453310103 453310104
0 1
0 282369717
0 19039328
1 466205132
0 1
0 688100003
1 5
0 727096511
0 4
0 2
0 775129213
0 2
0 3
0 2
1 946080259
1 5
1 3
1 473581004
0 5
0 1
0 145473201
0 316298468
0 4
3 7
0 3
0 4
0 2
1 148031655
0 3
0 69064240
0 669160515
0 3
0 2
3 8
0 32902186
0 654809696
0 2
4 9
0 346788681
1 598827665
0 391847058
1 483987846
0 2
0 937657118
0 5
0 559881986
0 2
0 65480809
0 5
0 938389732
0 2
1 344318649
0 3
0 1
0 3
0 914461933
0 222880850
0 1
0 500383105
1 5
0 652458907
0 245398948
0 4
0 918466255
0 704651987
0 1
0 5
1 5
0 4
0 382108684
0 2
0 484670459
0 1
0 5
0 157577279
0 389535316
0 172090974
0 2
992104379 992104384
1 2
0 522539500
0 374381987
0 43743874
0 5
0 1
1 3
0 408417746
0 394524045
1 338371715
1 535301572
0 2
0 4
0 1
3 718409339
0 3
0 3
0 34709991
1 5
1 6
0 780445176
0 4
0 4
0 866827276
0 2
0 5
0 2
0 466207633
0 2
2 6
0 571154712
0 2
0 1
0 1
0 5
0 782964075
0 2
0 4
3 7
2 901498684
0 662616639
0 684779689
230200259 500511198
0 1
0 1
787274165 797922022
0 984531222
1 20890335
1 6
0 605427863
0 5
0 1
0 424280885
0 264335495
0 946779684
0 1
0 317636803
0 757783826
1 2
0 5
0 4
0 3
0 991672104
0 839471808
2 786180328
0 5
0 5
0 3
0 712708784
3 413827295
0 1
0 5
0 630247278
0 1
0 1
0 749389202
0 4
0 260884766
0 5
0 2
0 1
0 1
0 279413302
0 5
1 148726019
1 50067135
0 3
1 6
0 5
0 372009195
0 5
0 368326544
0 4
1 768549275
0 5
1 4
0 3
0 5
1 4
0 784431496
0 200226428
0 128903372
0 332244686
0 453084522
0 400675337
0 513569853
0 812762486
0 5
0 1
0 5
0 4
0 664584500
0 5
0 606824770
0 1
0 4
0 2
1 5
0 468277832
0 2
0 4
0 131925929
0 4
1 4
0 680637139
0 2
0 44489904
0 448146445
0 760651894
0 690321980
0 780961915
0 691001552
0 99584783
0 499585528
2 7
0 17828433
0 5
0 685280783
0 967665919
0 354416684
1 2
0 950431759
0 113794341
0 78277234
1 5
0 2
4 5
0 3
1 5
1 3
0 5
0 498634361
0 417419713
0 739863930
1 4
0 599344022
0 52428587
0 474021532
0 991863503
0 4
0 1
0 104742851
1 798717602
0 2
0 5
0 731151461
1 2
0 2
0 3
1 5
1 89495914
1 3
1 309439357
3 5
1 2
1 139133409
0 3
0 318100791
1 3
0 5
0 72914565
0 4
0 2
0 1
0 774190253
0 1
0 154244228
0 5
0 779400030
0 815286991
0 898553873
1 2
0 1
1 29958798
0 510653049
0 347535327
1 350595998
0 996591805
0 813666953
0 2
0 3
0 979147432
0 4
0 585014216
0 307084302
0 4
1 123358482
0 4
2 7
0 5
0 789422599
0 1
0 2
0 2
0 514145417
0 1
0 335155166
0 1
0 2
0 5
0 2
0 4
0 861566052
1 126151052
0 85289855
0 3
4 6
0 137564374
4 540077976
0 5
1 502758124
0 107172700
1 4
0 2
0 2
0 736422519
0 2
0 3
0 982698969
1 3
0 328960654
0 74722971
1 767834734
1 6
0 201770999
0 5
0 4
0 993091037
0 586534327
0 3
0 4
0 37684562
0 1
1 336377227
0 426886809
0 949726479
0 2
0 242270355
0 5
0 4
0 930534375
1 5
1 4
0 2
4 5
0 6338829
0 722710942
0 618856437
0 3
0 164428894
0 3
0 1
0 386119802
1 94846171
0 2
4 8
0 55765664
0 3
1 3
0 1
1 425306994
0 467536816
0 1
1 980606077
0 4
0 5
0 372225259
0 3
0 116096365
0 853879777
1 967001531
1 60914660
0 835558993
0 4
0 536946237
0 987834272
3 621252326
0 354383624
0 285122842
0 2
0 2
0 698340204
0 965438862
0 47628319
0 5
0 117590151
0 427728949
0 665357530
1 186272769
0 4
0 3
0 972721133
0 950065974
0 296171159
0 1
0 434724988
0 3
0 3
0 151061265
3 482908461
0 544538325
0 2
1 5
0 1
0 4
0 3
0 104542468
0 727685714
0 4
0 272369845
0 692128037
0 3
0 4
0 407717313
0 843646821
0 5
346079949 346079952
0 2
0 56947725
0 1
1 5
3 8
0 864565329
0 955639482
1 3
0 754103823
1 5
0 1
0 330292953
0 2
0 66085102
0 3
0 789547820
0 1
0 300729760
0 503902275
1 3
0 3
0 5
0 881028303
0 5
2 7
0 870136738
1 129885436
0 302630228
0 911585114
0 5
0 4
4 5
0 2
0 279324527
0 648601338
0 938720289
0 5
1 6
0 682490691
0 791766345
0 996819739
0 3
0 1
1 3
4 5
1 610800389
1 637811494
0 4
0 474180221
0 437603573
1 6
1 959849282
0 3
0 1
0 4
0 212663669
0 484553741
0 5
0 508748971
0 4
0 84922382
0 5
0 510771079
0 5
0 2
0 541934685
1 2
0 4
0 3
0 2
0 747505955
0 3
0 537827188
0 936478361
0 1
1 702584709
0 4
0 532847960
0 5
0 387214648
0 3
1 239806292
0 2
0 3
0 492484631
0 759411929
0 464113912
0 722466838
0 2
0 4
0 35985957
1 968474693
1 523701141
0 688498561
1 6
0 170383450
0 1
0 1
0 4
0 791495446
0 748373921
0 2
0 414731812
0 162605767
0 547453898
1 154300808
0 705394371
0 4
0 5
0 9538204
0 865217671
0 4
0 596630308
0 2
0 317812720
1 92206782
0 1
0 5
0 2
0 766417665
0 4
0 245912217
0 3
1 743284524
0 5
0 365846697
0 5
0 7497157
0 5
1 58774448
2 878717297
1 3
0 698307991
0 155657454
0 906078061
0 316983636
0 4
0 87219315
0 1
0 3
0 312498818
0 1
0 4
0 5
2 73618220
0 184180896
0 646976207
0 1
0 5
1 895631236
0 535435528
3 947444754
0 3
0 2
1 250181241
0 889654618
0 863697336
0 1
1 2
0 539197370
1 143361956
0 3
0 406453221
0 3
4 7
0 5
0 395231303
3 7
0 5928172
1 740991160
0 5
0 629937623
0 546148365
0 634288837
0 533491262
1 35710090
0 592200726
0 449419902
0 820712470
0 544122248
0 4
0 976197574
0 590346750
0 57757832
0 886867259
2 4
0 957991487
0 4
0 5
0 5
0 374973056
0 3
0 756961984
1 3353143
0 898219358
1 4
3 912331302
0 1
0 624991358
0 2
0 154089108
0 931669505
1 5
0 5
1 5
1 5
0 379632471
0 192334415
1 259320220
1 5
0 251523643
1 5
0 5
0 356159182
1 462632473
0 5
1 3
0 59726775
0 652405552
0 5
0 3
0 3
0 3
0 5
0 114611079
0 3
0 2
0 5
0 690170489
1 698817353
1 3
0 254723946
2 269521644
0 61519585
0 3
0 333829248
3 636985531
0 4
0 1
0 4
0 1
0 4
0 403379738
1 5
0 2
0 713326211
1 5
0 5
0 3
0 151161150
3 498160607
0 3
0 320876986
0 2
0 829804858
0 4
0 1
0 5
1 2
0 583743401
0 2
0 221837164
0 286492709
0 368649259
0 876253006
2 3
4 76767219
0 536923161
0 4
0 190022706
0 2
0 590869312
4 7
3 6
0 115563914
0 1
0 280986453
0 668136912
0 197996243
0 270147323
0 479430630
0 350004322
0 1
1 409253748
0 1
0 735064504
0 1
0 1
0 1
0 1
1 556519880
1 4
0 506052257
0 585090097
0 5
1 3
0 589123401
0 642458647
0 20339365
0 2
0 5
0 996037108
0 2
0 986652121
2 3
1 379688626
0 4
1 635020708
2 459173099
0 37138571
0 4
0 236284380
0 5
0 2
0 2
0 5
0 212118629
0 5
0 766525050
0 612387896
0 932798011
0 551246592
0 790695889
0 401707248
1 2
1 5
1 4
0 481526147
0 3
0 2
0 5
0 5
2 6
1 651324732
0 674620996
0 3
0 365552264
0 1
0 2
0 68663162
0 816862256
0 4
0 3
1 904973434
0 4
0 1
2 326462461
0 3
0 3
0 215414001
1 936742566
1 4
0 148102312
0 3
0 4
0 37922435
303570479 303570484
0 5
0 2
1 4
0 479775153
0 343427503
0 1
0 5
2 152635419
1 246227974
0 2
0 459735656
1 126078768
0 4
3 6
0 4
1 3
0 3
0 3
1 171240966
0 2
3 7
2 858436816
4 256393328
0 927843723
0 4
1 766370222
0 61176721
0 3
0 2
0 4
0 1
0 5
0 560209290
0 646525477
2 3
1 2
0 3
0 2
0 3
0 760519404
1 939341958
1 2
1 3
0 385977702
1 750830630
0 505855190
0 974564662
0 283552041
0 3
0 2
1 608380761
0 861681886
0 1
0 2
0 513458850
4 6
0 155255963
0 5
0 4
0 827736755
0 620751389
0 326716550
0 151837199
0 5
0 5
0 466214086
0 412974980
0 160763556
1 4
0 485057196
0 1
0 3
0 197237962
0 178271935
0 1
0 12869765
0 4
3 730141380
0 244725914
0 105752110
0 746620828
0 59252527
0 4
1 6
0 1
0 800359625
558814004 950609973
0 822203188
0 338337250
0 45726459
0 524302850
1 222105289
3 4
0 424466409
0 2
0 3
0 639246368
0 743255078
0 3
1 258824173
0 5
1 898463682
0 783451099
1 2
0 5
0 5
0 833359104
4 528066649
0 5
4 469932637
0 3
0 131165708
0 958521341
0 271466829
0 434219111
0 706902857
0 3
1 2
0 168625601
0 450597146
0 4
0 2
0 4
0 789517389
0 864452235
0 635565889
0 5
0 4
0 2
0 238403249
0 1
0 680660905
0 1
0 1
0 3
