0 5
97 0 9
1 2 3 4 5 6 7 8 9 10 11 12 13 14 15 16 17 18 19 20 21 22 23 24 25 26 27 28 29 30 31 32 33 34 35 36 37 38 39 40 41 42 43 44 45 46 47 48 49 50 51 52 53 54 55 56 57 58 59 60 61 62 63 64 65 66 67 68 69 70 71 72 73 74 75 76 77 78 79 80 81 82 83 84 85 86 87 88 89 90 91 92 93 94 95 96
94 1 10
1 1 3 1 5 2 6 7 9 6 8 10 13 11 11 12 14 14 18 17 18 20 20 21 25 25 26 28 26 29 29 29 29 30 34 33 33 37 39 36 37 39 39 44 42 46 45 48 47 49 47 52 52 51 53 56 56 57 55 56 57 62 59 61 65 63 66 68 65 69 71 71 71 71 72 75 76 74 75 80 79 81 80 81 83 83 86 88 87 90 87 88 89
81 1 10
1 1 2 2 3 3 4 4 1 1 1 1 1 1 1 1 1 1 2 2 2 2 2 2 2 2 2 3 3 3 3 3 3 3 3 3 3 4 4 4 4 4 4 4 4 4 4 5 5 5 5 5 5 5 5 5 6 6 6 6 6 6 6 6 6 6 7 7 7 7 7 7 7 41 44 20 17 68 54 13
95 2 9
1 1 1 1 1 1 1 1 1 1 1 1 1 1 1 1 1 1 1 1 1 1 1 1 1 1 1 1 1 1 1 1 1 1 1 1 1 1 1 1 1 1 1 1 1 1 1 1 1 1 1 1 1 1 1 1 1 1 1 1 1 1 1 1 1 1 1 1 1 1 1 1 1 1 1 1 1 1 1 1 1 1 1 1 1 1 1 1 1 1 1 1 1 1
88 2 0
1 1 2 4 4 6 6 8 9 9 11 9 11 12 12 12 16 14 18 19 18 19 23 24 25 23 27 28 17 17 17 17 17 17 17 17 17 17 17 17 17 17 17 17 17 17 17 17 17 17 17 17 17 17 17 17 17 1 23 7 36 23 3 1 27 61 20 26 38 27 19 27 62 47 37 7 9 74 29 46 73 49 15 84 70 53 11
