98
011
1101
1
1001101
011
0
10
0
1
011001000000110111101
100110101111100
1
0
1101010011010
0100
1
000
101011100101001001111111100011000
00100100111010001011
1000101011111001111100111110
001000000111
1101
011
1
1
000
1
1
011
000
1
0
0100101111100011
011
0
1
00110
1
1
1010111100001001000000011010
011
1
111100010001011
0
11
000
00111001010111001111011011010100001101111001110100101110111011101011101110001001001100010111011110110001100001001011100101100100011111111110001100010001111011100100011101010101111000111100101001011100111110111111111110001111001101100000111111011010001111110010100111111000101011111011111001001010110000011101001110110101001111000110010001011001001000001101001010001000101001111110100101101000001111010100110001110011001010011101100101111011110101011000101000100101101111011
00110
1
1
1
10
011
000
000
0001
0110000110110110011010001000001011
01
011
0
1
011
1
011
0
011
101010001
10010100
1
011
1
0
11101
000
0
0
1
000010110
001010001110101011001001110100010010000
0
1
000
10
10110
00110
0
1
0
0
01101010110110011101111
000
0000100101101101010000001010110101101
011
1
1
0
1
1
