97
1000
01000011111100101011110100110110110111010111000000011001010001011111000111000000111100101110110101001001010100001111000011010001101101100100111110101001000010111000100111100110010100100110101010011001101110000010111000101000011101110111110100100000110111011110000010010100100000111001
101
0
10110
1
01
10000100110
01011010101110101
00
1110100
10100
1
01101
0000
0100001111110010101111010011011011011101011100000001100101000101111100011100000011110010111011010100100101010000111100001101000110110110010011111010100100001011100010011110011001010010011010101001100110111000001011100010100001110111011111010010000011011101111000001001010010000011100
0
01
00
1110
1110100
1111011
1
011
010
0
1110100
0
100110110001
010
100
00001
01001101101000
1
01
11
0000001
11110001100
0
1110011110001000011011101000110
100101010
1110100
01
0
1
010
010
000101011010010011
10111001100101
01
01
1111000010
1111011
100111110
111100000
1
01
1
0101010011
1
010
10
01
1
01101
1110
010
0
00010100100111
0
0
0
1
10
010
01
1
10
1
10
1111011
1100
0
01
11010000
10
01111001011
1
1110100
1110100
0
0
01
1
00101100001
1
000
