96
1100110
10
1100110
1100110
11010
00
0010100
00110
000
100101
0010100
0
10110
110
11010
10110
11010
110110111110011100101011011111010101101011110101110100101110011100001001111111001110010000000011101100010100110100110010001011110111000111101001100011101101100101000101100011000011010111000010011101000010001000100111100010101101011101000010100011111101101010101101000101100100111111100110011100011010101000110011110010111101000101011111111101111111011111111011010101000010110111101011011110111111101110011011001001100001100000000110110000011001011110101101111011100011110100110010100110110001101001011101000111000000100001110010100011111101101000010011000101
11010
1
11010
011110
1110
00101
10110
01
0010100
000000
11010
0
1100110
11001000
011110
011110
011110
11010
1100110
11
100101
111001
11
0
01
11010
11010
11010
0010100
000000
11010
010
0
11010
100101
000111
111
011110
11010
110
1
000111
11
0111010
11010
1
1100110
100100111
11010
10110
001
11010
001000001
000
11010
0
110
01
1100110
1001101
1100110
000000
11010
1
10110
101111
11
0
1100110
0
1000
11010
11100
1100110
000000
101000001
00
0
