96
0
0011010001010
0111110
11111
1
1011011101
0011001010
0111110110000101000
1001101110100001100001100011111001011100111
101000
01010100
111001000001010111110101111101111010100
01
101000
101000
101000
0
101000
000100000111010001100011110000111010111111001010011
01110
110010001110001100011100011111
0010101010001010000
0
1010101
101000
00100101000000111100010011001111101111110011101
01110
101000
0100110
1010101
0
11010
100001001011101001010010011011001110
11111
00
1011
0111111010100000010011100111
001
0100110
11000010001001001111101
01110
10000011111011
101000
1010001000111101
00101001000000101010011
010100101
01000010101101010011001001010100000101100011
010100011
101000
1
1010101
101000
1
0100110
00111010000100111101101110
0011101010000010100000
00
1
11100010110
01110
1010101
01
1010101
1010101
0
10111111
1010101
0010001000001010001
1
01110
1010101
111010011000101010001010
1001
1
101111
01110
101000
1110000010001
111111001011
10110
11111
1010101
101110000010000000101100001
101000
11000101110001001001011
1001
1
001
001010101001
10
10000101011
1010101
101000
1
0110011011000
0001110100
