99
01
1
0
10110011001
01
00011
11010
0011011010011110101001110
0
1
110
0
0100010101101
0
0
00011
000010000010001001
0
110
0
11010
0
11010
1
1
0
0
1
010101010110101100000
1
11010
11010
111110
1
0
1
11010
01
0001011101
110
1010000000011000110001110010101001011010100000101000110101100001010010010010100011011010011110110111111111010101001011000111010010011010111101101010110110001111000
11111110001101101010100011000110100111100111000010010101000100001010110000000011010010011011100011110100101110111
110110000110010100
0
11010
01
01011111101111110010001011000011110
1
0
10110101110001100
0110
1
01
0
1
110111100001100011111011101001100111100100010011110
11010
0
0
0
0
01010
0
11001101010
0
1
1
0
1
1
1
0
01
0
0
0111001100000000110101000
01
1
1
00000101100101010010010
01
1
0110101000010101010101
001110101010110001100001001001001010110010111011010000011001001101011111100111001000010001110100000110000011010101110001001111
1
1
1
1
0
0
0
00011
1011111010010001001
0
0011101010101100011000010010010010101100101110110100000110010011010111111001110010000100011101000001100000110101011100010011110
110
1
0
0
