95
00010000010110101000
110001
0111111001
0
00000100111000110111
01101100100010001111001
010001
100100101010010111010000100110000000100101000100100010
10
010001
101100100111100001100111010001000000
01001111
10
0
0
0001110100001011010011111000010101010001010100101101110101110000011010111110000010010000
0100
011
01011010101
100100100
10
10
01
1011010100101
1
011
010
01010001
0110
10000010110111
0
010001
00011101000010110100111110000101010100010101001011011101011100000110101111100000100100000
10100111011101100111111011011
101100010000111100010101
110000101011001111001011010010110101111
1010
1110
010001
10
0001111010001111001000101010100111101
1011001100000101010001101101001010
0100
111100111
010001
101110000101001111011001011001001001
10
100
0
10
0
1010
0
11101110100011
1010
1010
110000110100
000101100110001000
010011
110100
10
10
1010
1101001
11110100001100101
10
10
1010
0
0011110011110
11001010
0
1011
010001
1
010001
11101000
0
10
10
1
0111110110100011111010000111011010011
010001
011
0
1010
001111001011000
1010
0
0100
110101
100010110101001101011111100010101010
1000
10
010111010111
