98
11101
111101
0
1
11
111101
11
1
11
010
1
1
111101
101101000
010
11111001111101010010001010110101100110001110100111011011010010010000010110111001110001000000000110101010011111101010101000001111000100101011011000000001001101000001011111001001111111011000111100111100001101011001111000111111100110110101100101000100000010010011010011111000010000111010101100110110010001100010110110000100000110001011010110111111000011000001100111100011010101110000100100010010111010011101101111110010101001100110101101011010010000110110
111101
0
1
1
0110110100011001000
010
010
1
11
111101
111101
010
0
0
011
010
00100000011100001110100101001100
00
11010010011011
0
010
1
1
01100010011101001
0001100001000000
010
000
1
11
1100010000
1
10011011001011
111101
0
11
010
010
11000001111101010001010100100100001001000
111101
1
11
1111101110000111
1101011011111001111010101101110
0
1
111101
01111000110010110100010001
100001
0101
1
1
11
11
1
10101011010000010110
1
1
11
111101
110000101101110000111000111010
1
01111111
11
01100
010
0
11
111101
1
010
1
11
001101110
1001101110
010
110100010110001001
11
111101
010
1
11
111101
