99
01
1000
00
1000
0
1
1
0
1
0100110111101101010000111
11011010001000010101001111000111011011001101001110110101100101101011011000110001010000101111
0111000000110010001110
01100100100000010110000001010111001100001000111001100001010001001110001100000001001
0
1
00
1000
1
00
00
00
111
00
00
1
0
1010000110010010101011101011101110001011101001000011011100100
11110010100101
111
11011000110
0
0
10101011101100011011
01
1101101100011011101011001110110000001101
00
1
1
1
111
1000
01
011000111111110000101110110101111010100100101010100011001010001001011
00
0
10
1000
0
00
1000
00
00000111011000011011010101011000
01
00
010011000010000110010011101101
1
1010
1110000111111111
00
0110010010000001011000000101011100110000100011100110000101000100111000110000000100
00
1
01
0001011011001
1000
111
01
10100001
0
111
1
010011100001110111011001101110001010110110010001001100101011101011101100000100
1
00
1
00
1
0111101101100010101000000110001110010011010011
000100000001100101
0
111
1000
0
1
0111100110000110111101011
0
0010110101110001
0
00
0
0011000011101001010000010110
1
0
00
111
111
10111100011011100110011
00
1110
