1000 10 1000
80532797 760697734 3657 4
455423135 82631379 450 2
309135013 550967587 3422 5
23365037 54044941 561 2
735812646 15692909 66 3
28077876 162454151 5708 6
325225354 69532912 1966 4
579609486 34403740 190 5
338031529 521820620 569 1
85717290 63711233 711 4
309338288 37785872 802 4
16265524 181917390 3905 4
216091749 55060600 318 1
808366338 66323798 458 3
22475075 263410548 917 1
25675372 184268294 3201 4
17388852 700376408 825 1
4097671 532281275 973 1
144741040 16147482 1206 6
39082970 444879689 3390 4
222809528 456026265 2530 5
489139547 25980642 211 6
152099184 73424182 767 2
130156937 11046510 2607 3
79152552 105529999 1693 2
153998693 30423554 334 3
39461876 258300469 956 1
56884543 11477363 697 2
233597811 93945606 719 1
31184890 488812770 3744 5
38003991 462697181 899 1
99893244 703861949 3972 5
116624254 176810707 3394 6
542790138 180821309 859 2
43301853 17382064 466 3
2994092 69742025 3978 4
386118707 32678883 957 2
475526739 25443637 218 2
754262341 128433142 974 6
488416660 202421305 802 3
427432330 3305891 203 4
76215200 208472090 2385 3
363367891 54656316 2382 4
517906348 39185948 373 1
67725677 94140429 1135 2
113008393 158401523 4225 5
34799039 12347729 2040 3
635880556 82729557 205 1
498117854 210598222 2253 5
422931896 2583711 29 1
3209361 588770777 1966 2
319148078 44898606 788 3
230620804 125497561 509 3
101055723 27125659 989 4
72432707 840273944 4336 5
68679852 113484884 3794 5
174002397 1695756 29 5
279656720 93457711 668 4
158044367 96375626 445 3
21192640 904060616 2898 3
146883709 225343449 755 2
423388288 318054762 1634 5
698752918 4775895 63 3
182509334 136226131 2419 3
87776469 425998786 3068 5
90366084 120883999 1174 3
309352326 119863172 829 2
306387402 163029313 875 5
27692190 9462985 121 3
718352 75296397 805 1
131698385 40178550 2590 3
138266260 7714422 1249 3
163734526 151493710 2200 4
19563260 187988366 949 4
28550715 675954666 2862 3
358529052 128420560 637 2
473304296 114495722 1775 4
313622291 250633034 1375 2
26889023 660398188 1958 2
138165814 71010525 2452 3
192502253 514004620 748 1
231654819 152605903 1053 4
123100870 158441421 2005 6
102526425 352586966 3354 6
240888234 103181262 1906 5
33206757 185062256 1036 2
64299146 53442379 1367 2
244260997 343450537 2145 6
36841631 19298105 1851 2
36068218 5456171 113 3
158761110 293645675 779 1
292101668 310137976 2103 5
130921112 61495764 634 2
612537524 25622861 1564 5
284163444 133466000 606 2
34682498 90260046 2378 3
246251487 35617110 3164 5
117891578 170200500 516 2
135747242 63269418 4282 5
62656740 133484054 3538 4
72084520 205438934 2551 3
98234085 28841768 1699 2
7457526 783689737 3558 4
171660993 61900119 3749 5
749152670 69580566 1444 6
254536648 39522249 2557 5
93345625 312857848 2036 6
31941671 6634958 1126 4
45378851 60426475 649 3
25218655 602798379 5165 6
679266168 36462691 831 3
118225454 19580549 236 4
28026680 557340477 3600 4
171771027 252958243 1106 3
110472927 48198235 2386 4
97673645 75988795 207 2
23725840 501271117 1553 2
228733629 18938125 36 1
354317733 19845985 708 6
296545534 37996325 197 1
187173452 482047656 4258 6
26466091 305021204 582 1
23417444 389011713 403 1
193090134 224986934 1467 2
5793769 460603655 4993 6
1946633 104412902 3636 5
388742513 358582389 534 1
255107978 29706273 783 5
154287226 52211954 1222 2
175574593 14572032 55 1
206264391 391139762 3641 5
62892336 486301055 1626 2
44060957 514975570 1864 2
273038967 52855083 1791 4
81938127 31509188 580 2
447601312 130594777 2768 6
23064018 38973963 905 1
336283454 222742318 1041 2
8315736 389676449 2889 3
30457460 37284937 1797 4
354476784 7090781 1915 3
343701944 75738726 1785 6
562876257 164405948 2092 6
358535826 93512568 816 2
7987606 583295648 4283 6
727461145 57285868 265 1
118719565 461816345 3233 4
416890083 204098668 1257 3
120347675 419192983 2823 4
195758480 220627194 2037 3
577877037 10168847 327 2
197541208 78552639 2219 5
267802588 78468596 586 3
151623385 495375132 2831 5
3857357 768262693 3990 4
300775820 316310655 511 1
211648545 170191832 2588 6
136586073 48515684 3082 5
826676 467092455 2449 3
264540062 28476395 1013 3
92588264 227444396 1762 5
565865918 38085312 122 2
46736890 798471994 4673 5
327301431 216134457 1888 6
240163759 29670667 3322 5
95760721 336803065 748 2
48141381 91225970 3768 6
237105870 61280810 419 1
368586636 62396361 765 3
115909570 36892763 1542 2
556742527 56880216 1706 5
29836555 118972508 3773 5
142823085 113742802 781 3
420783405 176069977 381 2
574986431 80593212 445 3
220128741 88998083 2985 4
53675444 262324055 619 1
404921523 68560358 309 2
201800293 3497152 738 3
72253341 139759581 848 1
146240401 223740565 1099 2
41423974 46790041 3098 4
170336887 115673579 1311 3
94599717 13015273 2040 3
123581035 204013859 2597 3
89252262 132320856 5355 6
22014448 188116304 4164 6
69749517 132979167 2461 3
410706996 157670281 2422 6
150601369 185554335 1657 2
79199843 71629048 2697 3
158603781 201833476 797 1
209621237 199490937 2582 4
24508865 373438840 944 1
953399517 23263250 239 6
28686921 656108856 3650 4
426829315 102134773 1047 5
2406410 959026874 4838 5
105905156 150929904 1025 2
112115239 626593795 4623 6
39573119 105594071 3796 4
852041091 97291922 627 5
549710 82477318 913 1
160052401 118579233 859 6
903637593 65563689 205 3
36133152 940738400 967 1
187799867 2982401 3360 5
149781382 113171399 1033 2
33444569 821171812 2758 3
66314393 50936780 3706 4
13684809 158630687 1465 4
324322852 212230942 646 3
128974382 236017414 672 2
576241834 71282858 1908 5
468780569 204015622 610 2
314026621 165140308 2467 6
69381887 94718527 3939 5
45671695 4520895 34 3
60893728 2242226 77 1
118191407 728148828 809 1
59285315 75050570 1070 5
816436409 67003081 668 6
143270817 5476173 2522 3
326308066 9432222 166 6
346229258 185620910 1971 4
128910235 565599141 2312 4
40691573 209287744 1306 2
69389689 197839035 839 1
548143359 19501059 148 1
17778687 681064661 3366 4
41842546 236112469 412 1
249653982 114650640 2330 5
32165600 400577855 576 1
344376572 399910109 3188 5
264855052 35576259 612 1
238777886 17837195 582 2
30199048 222246300 3743 4
512324201 21996192 171 4
90386746 68025100 3613 4
15234950 718444353 3908 4
48057549 63656001 946 1
292171965 131677571 932 3
278568422 211598038 234 1
277883953 131298200 489 2
231861277 50090562 580 6
44102624 547551677 2779 3
171997073 460768873 3964 5
111279542 157148507 767 4
1048027 87967533 276 2
88833753 269604890 4946 6
350510623 385281161 3403 6
3475693 383898415 3694 6
370534716 27709306 2218 6
254411500 407818534 2506 4
842114871 33043851 437 4
62800485 309031550 1007 3
411667037 379067354 2285 4
29329764 424054486 5239 6
488517378 80624425 298 3
113519265 37296886 1857 4
153891472 632708743 3612 5
104312338 138597142 778 5
88933769 639187416 2817 4
86802093 629440820 1309 2
135156951 318423730 714 1
113668907 3250241 596 1
69774270 134478252 1073 3
464519090 339418073 2046 4
78373254 591969692 717 1
174578411 68933539 2287 6
379291011 189051902 1737 6
322729547 131197009 815 3
143188438 80356700 143 1
76213567 173172892 2742 6
17189935 969969134 4859 5
550566358 6020010 100 5
514792976 11185001 210 3
110604574 64407408 465 4
242921564 296638570 3623 5
87243774 173198818 255 1
152859979 5755354 264 1
253491268 227817708 2317 5
147348553 94574014 1977 4
285703004 253340345 699 1
72547042 544585404 3666 4
155167756 193044768 1525 2
222401156 155295647 1481 2
149883461 39613172 187 1
243416519 77723754 329 2
121597933 79480707 1090 3
21953876 243858197 4819 5
30284600 141931990 1147 3
846812607 67657219 447 3
7640432 619527464 986 1
301839339 188633462 521 2
574542087 13975711 544 6
278123521 50393041 1759 4
39867903 83600091 936 1
776529418 33429007 436 3
122638145 92127283 1205 5
617645654 126303111 266 2
4465299 100166452 4821 5
472114887 8360923 951 2
28641403 175642475 1448 5
287677244 240040123 3481 6
34036155 857157454 3782 4
135069951 39450858 1374 2
154997864 429585539 561 1
62291422 166840249 1323 2
29994799 149419652 785 5
159628040 540273959 3217 5
57065446 674462580 916 1
248176805 21962006 220 6
659842688 73103256 407 2
338827071 30253072 288 4
103700725 304252931 2144 5
116463157 53914113 545 2
275868876 171597913 1151 2
265014391 52954600 655 5
44998216 52094477 372 2
152812893 293960673 3536 6
479504565 263573087 1202 3
113631881 61653518 329 4
18334991 232532965 2244 5
359168500 35110485 2097 6
120746867 225720926 2063 5
743461903 7243969 105 4
82072372 258934630 3682 5
28845549 105792997 3770 4
206118738 136436725 2251 5
872144090 19849467 343 6
118191258 636237930 1726 2
88039090 245168479 1093 2
640726691 91999099 632 2
135652818 81885779 353 3
23851481 478535925 2884 3
572990575 227421632 1903 6
7731680 100437266 247 2
455046395 187065151 1392 5
246765674 401134404 454 1
98340950 188007894 3364 5
90103533 41611065 2408 4
371442670 4126025 1905 5
25178488 227065134 3343 5
582766702 71251159 306 4
231510519 487116598 2360 4
718304412 35364063 465 6
115500297 37962155 500 4
304682320 1617331 1646 4
212687743 401789929 2374 4
83053187 95954038 3471 4
11731097 87960564 5484 6
62117245 30848739 380 4
330944348 419822035 610 1
154689265 360236013 513 1
287824082 242136048 2205 6
79018470 6511203 883 1
177218499 41361880 1167 4
50427031 844893 7 2
412860956 71385284 1104 2
199095711 12600619 3988 5
138295628 70542402 94 1
231713198 27026960 3854 6
82343593 221651617 1062 3
280412666 364131868 3348 6
2226848 58868946 537 5
174186280 194976802 3969 5
556309515 181846559 431 2
209248533 37271689 177 3
207958391 310368 1728 4
273601357 181910635 3098 5
387886401 164766126 2089 4
368798845 90953245 1487 4
52945300 86599655 391 1
508521607 14860869 108 2
96931354 50688730 793 6
730545566 49731113 383 4
157692825 385176957 590 1
768338154 23281826 1123 6
210758993 517801356 2936 4
827946225 73491109 393 4
254506136 129306369 879 4
256935209 168066319 601 2
191241662 272035668 2489 4
76496130 402602171 4446 5
73208280 32600564 93 1
540206141 71442617 249 3
822238207 88680596 681 5
123977654 751891066 1743 2
98188049 10739224 45 1
103401651 5892610 430 5
116161967 301040555 19 0
227836491 183145794 1139 5
213822220 61930989 2530 4
342871117 23260043 1951 4
36280294 80276745 673 4
182426912 374269775 1882 3
349375515 89656263 1835 3
71266544 60763296 2952 6
7606761 516291130 3156 5
7176779 496729190 626 1
344760793 451221746 928 2
1144387 52369999 542 5
34037331 158377110 2461 3
358335531 245209131 1498 5
634863790 11179856 29 2
199725602 365829857 3129 4
463212644 184186700 1642 4
382292558 248614700 1064 2
87172927 69484069 2409 4
551801096 332102192 1704 5
109057261 12376193 173 2
363008338 220809170 330 1
7501499 57854781 3766 5
146447670 637422938 2703 4
442902782 14479245 36 2
610568379 60542744 377 2
68633547 233093448 3336 4
4999905 223274143 4462 5
126069961 254307208 980 3
356479440 443297659 2759 6
118587420 255948269 1496 2
339688932 185145041 1676 3
7446948 803965427 1880 2
390791629 17588610 1750 3
91622730 87082814 217 2
3464017 167869853 1284 6
449484760 471295 25 4
101324586 386254265 3282 5
137995878 150630720 259 1
195094032 6724453 1672 5
73793031 29095744 3102 4
1113792 15766827 288 5
589746933 14681863 353 3
357490817 27321786 789 2
42561145 524735552 2887 3
426268228 164116073 623 3
45753551 265596864 2504 5
56546861 35928534 211 4
793892990 92022575 399 3
99674533 53844238 2977 6
365458013 107335681 466 2
723787294 176740582 210 1
66733624 208574931 3517 5
506030535 49321936 413 6
165109553 69886960 940 4
139773846 65463886 234 1
252999916 292601510 691 1
75120581 279974806 1335 2
127580432 269317781 4883 6
160123274 426607994 727 1
692248271 65605411 1056 6
111552041 789964079 3553 4
256605573 105483852 494 2
156523712 8483021 1034 6
14361574 31073823 4251 6
653945319 34972870 158 3
19101929 276001011 876 3
218098978 265837731 1301 3
491586299 313049433 978 2
114972065 1695163 611 2
38659049 715694771 5056 6
31487479 439763473 3005 6
31460907 246980565 571 1
259451810 56384680 185 1
6882841 519163079 2896 3
459399521 995481 15 1
108456368 277259958 2866 4
19703619 356795563 3160 6
422543767 77350013 905 3
21576811 763231457 5379 6
4195507 264427292 2151 4
445019108 168025886 1026 2
242413413 138107473 196 1
396828494 83007665 438 5
59957476 282912755 1945 4
229389 567934862 1995 2
111519232 233397092 4598 6
89128475 171471765 874 1
92224821 93476755 2607 4
445484339 133757944 608 3
401100984 10967795 60 5
7413993 825122989 843 1
220232814 612207116 4573 6
138587116 510980310 3066 4
160976912 811327092 2502 3
704913184 113086378 912 6
67438962 270105971 2225 3
195923259 367358270 1334 2
239680335 26122462 609 4
255259688 119324113 2481 4
10745274 326780228 2566 6
173336849 167009381 1826 4
402063053 198366073 1587 5
175607326 567767739 825 1
103223836 71018927 508 4
75090308 512001791 737 1
99958321 821674365 3435 4
235040638 28542135 129 3
47682598 140303469 4285 5
68317013 217803910 1216 3
114391159 61410230 316 5
239894009 92568452 1599 5
259390767 220645473 2073 3
232940362 30152576 152 1
348011316 168110474 1977 6
7649777 80613735 364 1
534841368 111405801 829 4
45716443 102396065 4409 5
21324972 80943823 2926 3
85748224 166177285 735 4
244544665 58095875 528 6
364665525 138337110 655 2
74766016 518510304 5571 6
204361617 66042023 1219 6
43979504 401400842 5439 6
31591241 742836213 4511 6
345559155 52984080 764 4
30356344 345637216 3105 6
46770113 655392860 2829 3
254549320 333075389 1557 4
214281359 266765551 1159 3
283627563 144777181 1567 6
546829208 76200744 115 1
502189669 389276297 1160 3
83620709 194377168 385 1
139662075 274594217 1645 3
121406836 50100535 1102 3
582526004 146021561 800 2
68775238 264368679 2718 3
132713756 99224080 790 6
60622476 15534999 1124 2
298559552 12174432 116 2
177056212 147044503 1528 2
556895478 15478409 834 6
165202422 201469974 2494 4
346615880 213013094 1616 5
882115600 10622497 88 1
16932680 14647791 1435 2
328410880 228079406 1088 2
120607185 50518785 890 4
249213851 532595101 1976 3
27859490 623962483 5277 6
213570882 357863443 415 1
204825812 267908943 1785 5
16457867 804570908 3676 4
79354379 342948955 2495 3
89905000 645185941 1760 2
140446066 414243825 1396 2
422587144 182674557 887 2
268271389 181496218 834 3
143031483 96101185 2296 5
133919896 453923395 2908 5
68195360 165413588 880 1
225530246 38866282 719 5
376049081 87550440 1437 4
289231014 450255763 1234 2
232579604 330577195 2894 4
13107998 23628847 5605 6
397600963 385199978 2302 4
124487305 256376174 3960 6
173291240 449892206 609 1
27876298 366627949 951 1
507549851 252335080 1955 5
535112118 200100957 308 1
594149421 133299232 361 2
162023105 61265053 408 4
449809741 86282900 679 2
19854802 116032828 3882 4
12667997 426036717 4650 5
610106812 46335965 375 3
93206271 12019021 531 6
313434998 39768230 1906 4
612511841 185044163 237 1
336322605 125109781 2038 5
185812210 2968073 2229 3
68733429 204002058 1486 2
86168114 289448234 769 1
396834622 501417675 1589 3
409505835 8593236 2042 6
783278904 38606251 344 2
532905968 133144255 217 1
13559432 114898740 3821 5
151920947 356926321 4704 6
15914549 87553161 2944 3
241752874 157857709 491 2
239168669 89182359 656 1
729283193 170194506 267 1
420267534 105745108 714 4
158012724 34625646 2210 5
225467229 151253213 3078 4
42562244 600638615 4203 6
663954056 122168730 478 3
602362675 8433513 681 3
4358594 313422568 4918 5
696806294 70633303 112 1
60725084 126039552 3369 4
17353558 198315198 728 1
43758379 365011985 940 2
220591432 185574307 1457 3
127012572 88318641 1543 2
1237039 420110540 2001 2
114061525 29896814 1729 6
12346127 291243925 5421 6
58295515 65609077 378 3
38782642 232496718 3547 5
41056207 37105468 114 1
99346713 376013364 4966 6
37065561 839288165 5223 6
7029454 11769179 158 4
11251779 223468807 1910 2
472800147 417958543 481 1
442771602 287720075 1956 4
156084279 191997260 1578 2
609107000 61236506 987 5
531898649 126866871 383 1
30437462 1464683 1886 2
79462284 244761488 1371 3
2289338 802952842 830 1
118581391 287943842 3106 4
275516768 379369837 3022 5
3343326 803123895 1683 2
967184776 3517874 28 4
89368892 200512097 3410 4
73783321 2679280 390 5
56254090 94178218 3733 4
912884622 3851085 144 3
239130156 165625266 472 2
259082006 243415816 341 1
252868224 267133277 1189 3
7947223 369645297 1862 2
628142042 52406843 1067 4
20265598 179582787 777 3
103287511 58584180 750 1
411142908 4772307 607 4
165547688 12726918 145 3
23698114 68447248 4417 5
391839619 488914159 1042 2
30350342 61726991 146 2
286071609 161379525 2401 6
574070054 70581041 1594 4
453110379 373033146 1633 3
95326991 378549362 2501 4
96432267 255512608 3423 6
34022286 71493856 377 1
80900458 726116178 5535 6
24722174 165545934 2999 6
465838117 341317728 1214 3
635481753 133105983 790 5
555045793 86151717 451 1
107968826 209100227 1571 2
521608183 246645351 954 2
34365962 761289359 5288 6
214042634 116032731 740 1
404570285 382676718 2679 6
81905063 428772377 1817 2
122642246 89396824 2905 4
220439554 526829247 1706 3
41213497 185949223 773 4
255675354 370568150 3512 5
11757105 562210921 3258 5
541576199 50114965 1257 6
482388247 33901133 2241 6
51979313 539575751 1856 2
126866280 430860142 1221 2
267254704 367781986 2121 3
25752878 168824233 5888 6
175382081 72357096 835 6
748129728 138242803 236 1
124032117 418272737 1085 2
968939513 8170632 30 3
249873781 21694615 114 5
163131130 567720621 3150 5
284174588 37747018 2024 3
26246562 246999586 2942 5
319605392 156783118 2120 6
30609543 107617253 4769 5
351531881 215567809 1949 4
104536706 238468992 356 1
6191256 585027605 4911 5
145792866 254145693 1602 5
27671664 909982097 2792 3
50401337 825632831 5234 6
921888792 54379076 123 2
127775761 278897476 1058 2
175401355 203047397 3892 6
276731385 245303845 1123 4
483082442 30531405 1557 3
258181460 307113424 641 2
5996591 173833412 4965 5
499974807 96388637 2510 5
120148543 143235568 733 1
151673943 297114316 1696 4
205228946 39983765 3120 4
51630788 61664220 465 6
381309988 89319423 1298 4
261202396 17102607 114 4
90496986 273664417 492 1
491380551 37441164 173 4
379553138 496777098 536 1
277264666 24253683 395 5
133178059 183584113 719 1
27495543 23618454 131 4
250949120 56600631 288 1
213327074 223037967 1517 5
165320688 126212737 810 4
93777280 231187761 1106 2
169657387 21224540 4165 6
7491372 694336518 4322 6
10638539 181852489 1425 3
111973366 369981383 3482 5
205003916 306440930 1188 3
626454327 252841313 1091 4
586607916 120387 174 4
322802824 205037282 3324 6
15601179 215640133 628 1
69961435 70770361 4585 5
168037632 294074405 2097 4
59383179 16383232 14 1
243638318 161842895 1983 3
218646604 102419679 279 1
22691441 593797351 3810 4
558917013 48503643 228 1
286648295 267257789 2229 4
715423581 1383304 68 5
622423670 25795218 262 4
24206135 135348849 5405 6
132553707 233039411 591 1
31129477 426710736 1195 2
81738614 181779623 440 1
148666376 372708401 4126 6
68716170 3275142 35 2
39239294 418679837 3618 6
598503884 233733 16 2
72530560 719235798 1823 2
847369657 5670695 38 4
88674109 735784002 2498 3
12208327 449686274 4128 6
746563714 67370634 666 3
100370321 277643478 3287 4
281470532 143113639 942 4
562535257 90264462 305 3
33728964 128998090 4030 6
119195786 301170277 3432 5
24276999 609180 9 6
252062110 545687157 581 1
116756000 226627958 2103 3
231607077 189678783 3775 6
101495267 50852871 279 2
123529178 53763485 3572 6
326772809 462141820 2789 5
13036169 928929238 4950 5
104124121 220636443 801 1
153537266 371633691 4065 5
20301234 101480774 2954 3
160816639 351911253 1955 3
221278439 207794533 1455 2
727035226 150581834 866 5
211847684 241164448 3034 4
39322494 640803847 2837 3
50339813 74028462 1859 2
361669414 54382459 575 1
1996522 306124154 2989 3
95145137 329761440 874 1
223656475 416138003 1149 2
529874178 278094216 957 2
84772124 521663000 3313 6
7124364 876977712 991 1
7519423 975108084 5955 6
58773180 382582257 1792 2
213530365 180981544 677 2
158853189 73829729 457 5
72529023 352064716 4834 6
6846306 183475178 2968 3
221192885 273818100 1808 4
89641292 188090849 2017 3
32909005 229303842 3517 4
169807951 450749910 530 1
281514973 196769035 1561 5
108841839 102151152 661 1
364253588 161603336 790 3
246459785 664336510 763 1
121970553 179503732 3106 5
806526706 30991535 697 6
943874515 12139292 225 5
221269643 467916289 1586 3
302860385 64659365 863 4
126882390 320684674 598 1
22160011 552847435 3862 5
175786180 133174437 537 3
198711928 12996061 2362 5
9720258 934031343 1931 2
553079127 1508657 451 6
54898661 129297001 4216 5
416426788 226052298 1870 5
27486911 9722426 980 6
683136241 139437038 569 4
257775244 40486942 1346 4
126663769 30933860 1746 3
390347938 447693926 1602 3
506698798 24493847 1111 6
540779981 35898786 95 1
557412304 13544691 832 3
278236908 21315324 2641 5
77758919 512928727 1639 3
277104826 8186832 38 2
105492414 592070469 5331 6
154345326 117116773 1161 2
84315592 503267777 2698 4
7757033 34747686 2768 3
89128435 136830774 2093 5
390457969 29777211 469 1
104675233 162015996 1778 6
47747210 27382113 4225 6
617950910 15348112 59 2
252694671 105652178 1688 6
523737823 267850551 1811 5
20429557 278047809 825 1
139752169 150281815 616 2
34270878 37299341 396 1
36293657 98600601 1266 6
556893270 174192091 1179 4
120000183 13953368 1875 4
173378703 36126591 3904 5
45199247 180088823 680 1
20785181 163471168 4185 5
91914027 130309549 852 1
1191612 214889022 998 1
127430594 387652856 1048 2
64484519 454664096 3720 4
638049994 153440939 2059 6
329131731 57857484 1344 2
465368948 282994392 454 1
265352013 373344491 2002 3
214500110 269230029 1245 3
423111513 325882881 2130 5
420146236 382505725 3220 6
96579448 152147193 2106 4
35643694 72169075 952 1
86161610 65333004 140 2
801858507 38162035 1041 6
291689836 27844289 510 1
104556294 375674009 1553 2
248854856 61973042 4380 6
7319988 395353944 3985 4
345478598 178057983 881 3
650626154 302707575 651 2
2329876 67632016 2732 3
290188281 504784706 2737 4
180689524 457147810 2324 3
746994283 30680628 693 4
314081458 604415010 3187 5
682690332 85966915 404 3
453717529 313461521 2830 6
150169032 177637265 521 2
412787942 80204130 275 1
14591692 238609373 4367 5
221817119 507466748 751 1
235624006 293920931 2542 5
88658916 434174664 1020 2
4078204 690092749 4972 5
124022104 220337958 591 1
845748754 39625320 268 4
151922026 69975426 208 1
13303197 110195452 3802 4
194141513 40413550 3945 5
141080430 81191550 1636 4
189230453 64771479 478 1
156207429 594039376 1507 2
111572857 110160229 2587 3
1231371 834233233 2963 3
56224925 251739128 1482 2
841931983 45216897 319 6
534131109 19518216 197 2
390856871 418034873 2359 5
682686179 144964012 900 4
91749038 60872044 590 1
2862194 178202847 4934 6
422578259 3511431 392 6
38442758 135166776 1890 5
24979512 339636966 2630 3
387271768 211655625 546 1
122177838 11422072 1646 5
336191339 183735162 835 2
642003107 155764729 1241 5
126840383 27639907 3183 4
52408654 408443594 3207 4
175742835 214487912 2579 4
345637998 295826526 2906 6
161416726 454153118 1572 2
427873507 99147015 547 2
98246408 561993879 4330 5
29381420 13129341 948 1
29659062 317465406 615 1
401747398 260104062 2236 5
88336674 138985299 1605 2
151583381 73185008 3013 4
9097567 108421547 1978 2
119582509 116887691 1478 4
100007440 351669710 3262 5
51601167 846086692 901 1
135433649 347431552 2107 6
723336360 208732993 937 4
178473000 26631413 1597 2
344607852 284510174 442 1
386517448 406171824 3544 6
288864207 70551212 487 1
79438728 180974617 194 1
168665532 102209165 2746 6
297049045 383703824 1289 2
113247735 138042885 2678 4
302595692 29670208 3898 6
7408175 557099637 3550 4
256949963 12795328 890 4
14361222 384326887 1972 2
3697193 12330291 5302 6
7947768 132485170 503 2
77275548 46743205 3833 5
181342530 640240658 787 1
561735134 74211704 1340 5
433692408 151031047 255 1
557443556 39073191 1397 5
423326901 5582501 1130 4
497430444 66688609 357 3
750068302 72995465 936 4
104791084 392050377 2208 3
314996370 483785015 526 1
8265479 411226005 2908 3
319991872 198073271 701 2
7791649 117194081 817 2
101967463 480042795 561 1
878808312 12651744 61 4
55418121 12216949 1891 3
309569803 7961634 83 1
348824394 92720717 802 2
512431819 415007320 2140 5
136762354 95900769 2572 6
118898183 707528777 813 1
330078901 121128464 2800 6
662598893 60686992 338 4
362778044 430961869 612 1
305857381 170503423 866 3
38067670 62580850 4862 6
656824786 303099717 1911 6
55781489 464412779 4193 5
548112659 24394588 1554 5
305868950 466824129 4164 6
317252605 186755392 1726 4
322477062 445595399 1480 3
139899412 81601931 1435 3
223094955 280347791 651 1
330658176 220430646 3193 5
52032419 118778204 2730 3
676819189 90542379 495 4
28471753 395609390 1793 2
215500252 89353754 3781 6
143376489 207358077 3335 4
212517447 133470516 2104 3
94166599 648703556 2394 3
164522369 541585230 1382 2
114942434 343859484 2266 5
19411084 853188495 4769 5
31352103 173042620 778 4
74778213 871642399 4422 5
12291552 187861014 860 1
123537469 544258900 2297 3
167820596 3979234 605 4
716260551 28131609 89 3
140381259 263293215 3116 6
137477515 57634500 3623 6
38776107 124192736 1006 2
29852921 15924213 2602 3
313487933 229138859 347 1
301139365 217968548 16 0
113199761 68264909 1272 2
26277755 66736750 2127 3
98357244 139647176 1513 2
105407219 564264414 1692 2
234322878 367200193 1524 3
152552790 1644660 1694 5
626918061 148906080 815 4
279174388 165063439 1664 3
266624445 475247292 670 1
138365058 513667398 2081 3
730354194 19112539 103 4
422054717 165238732 1159 4
239352995 146737526 2671 5
834462551 48839270 229 3
9760748 216189179 4831 5
29674407 3450343 1480 3
366206667 123563885 488 3
62977968 60989139 1621 2
927191403 19314281 126 3
225775603 86606557 2393 5
835247519 7712695 45 5
9901285 180198250 1742 3
19431588 78727767 699 6
135792778 355281534 1882 3
9298340 890795077 1984 2
427774592 350561943 1272 3
933
689
810
83
469
448
553
998
325
871
644
290
382
819
243
750
39
655
736
786
431
87
138
129
453
759
505
264
208
293
198
703
434
631
966
564
219
392
774
389
148
775
488
911
970
425
731
147
418
126
478
365
183
100
550
788
784
795
168
842
532
200
683
273
189
676
103
495
702
927
866
27
268
286
646
958
940
554
256
948
461
254
667
520
824
13
746
424
893
111
648
88
93
214
131
180
415
905
949
368
217
928
407
363
748
446
210
782
610
963
630
252
979
378
913
625
807
787
860
672
36
947
996
642
115
870
581
192
33
754
732
594
159
559
932
491
834
8
507
718
934
771
690
755
896
504
466
366
867
753
282
851
558
536
797
174
328
221
969
715
201
353
113
178
37
611
688
333
647
873
988
793
543
524
65
906
179
248
653
902
919
814
421
776
403
560
952
899
340
429
384
853
841
428
307
49
602
798
874
312
206
417
563
119
225
305
450
843
444
659
330
120
239
237
613
551
511
3
598
269
604
637
917
299
249
369
573
309
137
300
121
518
567
633
477
185
136
651
978
352
681
679
726
167
861
314
304
397
267
343
474
207
410
404
953
454
310
35
992
825
937
756
43
140
728
278
236
713
894
574
263
997
973
941
789
158
6
989
433
716
259
839
271
982
710
332
492
173
442
509
804
38
406
311
291
177
971
301
5
960
512
516
697
405
976
904
130
549
645
186
508
355
95
153
246
32
56
816
0
118
416
112
281
915
712
817
91
481
63
706
388
313
591
279
318
568
144
371
337
556
747
413
362
666
739
204
16
114
692
636
364
662
967
432
570
903
792
127
858
70
621
255
445
939
193
152
521
40
850
176
84
475
345
898
654
68
308
99
908
302
601
50
9
565
315
539
376
571
89
367
618
583
623
542
317
195
944
972
605
280
593
862
809
886
845
471
773
197
760
430
456
975
486
592
735
230
96
840
472
62
28
529
258
351
467
900
184
296
766
800
439
831
128
815
108
231
709
849
661
891
327
82
884
408
844
955
78
566
262
857
578
914
515
94
323
162
447
649
569
734
600
929
879
619
514
945
826
57
54
951
48
55
133
701
203
615
294
907
164
270
419
707
634
188
59
250
835
751
620
557
229
18
968
476
449
691
105
226
510
761
502
125
632
497
538
772
241
272
265
135
892
901
85
791
700
674
349
26
322
20
500
946
555
423
974
257
522
530
724
599
145
172
752
213
295
139
66
64
348
848
587
847
916
464
769
396
1
234
344
338
768
742
124
887
398
670
938
22
244
356
260
473
723
187
711
320
196
803
805
985
247
165
76
503
458
586
253
92
698
77
440
452
909
626
347
14
660
141
101
334
517
379
744
480
149
590
402
194
883
321
372
303
942
639
614
880
399
205
986
865
150
395
737
664
90
588
677
190
552
984
704
897
912
498
856
749
717
53
811
635
830
377
86
463
169
597
245
438
191
828
69
401
606
224
833
181
548
412
959
813
846
993
109
943
699
685
44
346
80
547
640
821
881
696
878
785
765
580
34
801
832
156
663
546
287
171
741
46
496
31
995
794
854
306
25
7
460
609
319
151
876
990
284
102
74
98
490
72
427
45
122
10
283
806
391
459
519
931
545
19
961
373
117
577
535
484
154
764
24
665
638
339
890
694
409
170
730
275
882
482
720
687
652
276
222
489
923
962
202
725
722
420
767
235
485
12
350
374
58
777
727
251
656
47
671
42
157
223
11
920
468
52
335
837
41
983
888
233
918
802
361
441
650
729
925
4
562
358
875
922
175
383
240
435
297
877
936
426
220
341
812
780
889
859
292
132
607
104
534
525
533
107
67
740
629
981
215
994
436
977
386
612
624
411
818
956
778
73
954
572
910
387
527
617
658
585
160
595
443
232
964
261
326
211
733
370
2
855
603
921
199
316
462
762
97
926
23
143
451
885
385
924
21
589
628
242
437
298
288
537
682
838
868
359
719
523
582
779
380
820
596
541
75
743
531
627
790
852
163
146
714
781
999
51
228
487
869
15
675
30
895
808
799
575
71
763
209
669
758
324
212
81
227
60
673
61
827
980
161
266
705
465
155
381
166
561
836
329
277
375
935
142
950
622
616
79
390
796
686
608
360
470
182
863
494
29
218
493
544
354
641
289
965
331
757
342
987
499
134
106
695
479
829
394
540
872
579
528
216
745
336
738
110
957
422
400
17
721
285
693
455
238
991
657
513
678
483
783
770
823
576
643
1000
684
501
680
708
414
116
506
584
393
123
668
526
864
822
274
357
457
