35 300
3 174 7 7
1 6
43 13 4 4 4 4 252 6 4 4 12 63 4 4 4 4 4 4 4 235 4 15 4 4 4 4 9 4 4 4 4 4 4 15 4 4 4 4 4 4 4 10 4 15
1 4
22 52 6 6 5 6 5 12 6 6 8 6 6 2 111 6 11 6 6 15 104 5 291
36 2 7 7 7 7 7 7 5 7 7 7 148 5 10 7 7 15 7 7 7 7 7 7 7 7 13 7 7 7 7 7 7 7 7 1 7
16 15 15 15 15 15 15 15 15 15 10 15 87 15 15 15 14
28 10 10 10 3 7 10 10 254 10 10 10 10 10 10 10 10 10 14 10 238 12 35 5 163 10 8 135 10
6 7 11 11 11 5 1
3 9 6 6
3 4 4 4
1 7
3 14 221 295
22 14 14 14 54 14 14 14 2 5 14 14 14 14 13 14 14 14 11 14 14 14 111
7 8 5 5 5 189 5 5
7 15 15 15 5 15 7 15
3 4 4 4
2 11 11
5 206 5 5 5 12
1 5
16 14 14 14 3 14 14 14 14 14 1 14 14 14 14 9 230
4 5 8 8 14
2 9 9
7 8 12 8 150 8 8 8
11 6 6 6 6 6 6 6 6 6 6 6
2 181 8
5 4 2 2 2 2
1 4
3 8 8 296
1 168
4 5 5 235 5
5 4 5 4 4 15
1 14
2 190 5
17 14 14 14 5 207 7 14 6 14 14 14 14 14 14 14 14 228
1 11 121
1 22 15
1 35 14
1 35 4
1 8 6
1 6 7
4 25 5 36
1 32 4
1 4 6
1 32 4
1 2 6
1 36 6
1 14 213
4 30 6 37
1 14 19
4 31 19 38
1 37 14
3 8 8 8 8 8 8 8 8 8
1 4 4
1 27 83
1 3 11
1 10 6
1 17 4
1 37 12
1 7 15
1 28 4
1 24 8
1 3 4
1 10 14
1 2 6
1 3 4
1 3 4
1 3 4
1 37 7
1 21 8
1 18 11
1 21 14
1 17 4
1 13 14
1 8 10
1 16 7
1 26 8
1 14 14
1 32 4
1 37 7
1 35 14
3 11 37 3 7 17 7 21 14 16 16 7 35
1 35 14
1 37 7
1 1 7
1 8 10
1 37 7
1 35 2
1 24 8
1 38 5
1 8 10
1 36 6
1 37 7
1 8 10
1 14 14
1 36 6
1 35 4
1 13 232
1 37 7
1 36 6
1 7 15
1 8 10
4 35 14 39
1 8 10
3 1 3
1 8 10
1 3 4
1 21 14
3 10 3 10 36 36 37 36 26 10 13 36
1 8 10
1 36 6
1 37 7
1 9 11
1 36 6
1 3 4
3 2 39 16
3 2 3 39
1 37 15
1 37 7
1 39 196
1 8 10
1 39 14
1 27 2
1 37 7
1 33 14
1 39 14
1 21 14
3 2 9 21
1 37 7
1 8 12
1 8 10
1 37 7
1 39 14
1 39 9
1 8 286
1 36 6
1 29 8
1 37 7
1 36 6
1 8 11
1 7 6
1 7 15
3 1 36
1 4 277
3 22 21 3 3 3 3 3 32 3 37 39 3 28 8 3 38 7 3 29 11 32 39 17
3 2 39 10
1 16 11
1 27 2
1 8 10
1 13 14
1 21 14
1 16 15
1 37 7
1 3 4
3 3 32 3 36
3 1 32
1 37 7
1 17 4
1 3 4
1 3 4
1 10 6
1 33 14
1 9 2
1 37 7
1 39 14
1 8 141
1 7 15
1 37 166
1 33 14
3 10 26 24 8 1 22 29 29 24 7 29
1 7 15
1 39 14
1 8 10
1 39 14
3 7 8 27 8 8 39 8 8
1 37 7
1 39 14
3 8 37 37 7 36 37 37 37 36
1 37 7
1 3 4
3 7 17 17 21 3 33 39 21
1 7 15
1 36 6
1 8 10
1 37 7
3 36 8 7 7 12 7 13 7 7 7 16 20 39 7 3 7 16 20 7 16 3 16 27 21 7 7 7 16 7 28 7 21 16 37 37 7 18
3 15 1 37 17 37 24 22 36 37 37 37 37 37 21 36 37
1 37 26
1 3 4
1 37 7
1 3 4
1 7 15
1 21 12
1 3 4
1 3 4
1 36 170
1 8 10
3 7 21 39 21 39 37 21 38
1 16 15
1 33 14
4 32 3 40
1 40 4
1 8 10
3 4 11 40 40 40
1 7 15
1 40 4
1 37 7
1 13 14
1 36 6
1 36 8
1 9 11
4 12 7 41
1 36 31
1 37 15
1 8 10
1 23 9
3 1 26
1 37 7
1 15 5
1 39 14
1 8 10
1 37 191
1 37 7
1 39 14
1 37 7
1 39 14
1 2 15
1 39 14
1 36 6
1 8 15
4 1 37 42
1 39 267
1 39 3
1 42 7
1 40 4
1 42 7
1 26 8
3 9 9 21 39 39 39 39 21 21 39
1 8 252
1 39 14
1 8 10
1 42 7
1 42 7
1 40 4
1 38 5
1 42 7
1 42 206
1 39 37
1 18 11
3 26 39 39 39 42 33 21 39 39 39 13 8 33 13 42 39 21 13 21 39 21 21 42 39 21 40 36
3 3 9 9 9
1 36 6
1 16 15
1 42 7
1 16 127
4 21 39 43
1 29 8
1 13 14
3 5 36 43 43 43 43
1 43 14
1 42 11
1 41 15
1 36 6
1 8 11
1 36 1
1 36 13
1 33 2
3 4 43 43 43 43
1 29 86
1 8 5
1 8 10
1 43 14
1 42 15
1 43 15
1 8 10
3 26 42 42 42 42 42 42 24 42 42 36 42 42 16 42 42 36 42 42 40 42 42 42 42 42 13 40
1 42 7
1 8 10
1 9 9
3 11 8 8 8 13 8 42 8 36 8 8 8
1 42 7
1 8 10
4 16 41 44
1 24 8
1 13 14
1 36 3
3 8 44 20 44 20 44 43 44 44
1 8 10
1 18 11
1 8 9
1 11 4
1 40 4
1 43 8
1 44 15
1 43 14
1 42 8
1 40 4
1 8 10
1 43 14
3 3 42 8 42
1 10 6
1 9 11
1 43 14
1 36 6
4 26 24 45
1 18 11
1 13 14
1 23 10
1 42 2
1 8 10
1 40 4
1 40 3
1 29 8
3 13 40 40 42 8 42 42 44 42 8 42 44 42 42
4 2 36 46
1 44 99
1 42 7
1 40 4
4 20 44 47
1 43 14
3 2 9 9
1 45 8
1 8 10
1 46 6
1 42 7
1 40 4
1 43 1
1 40 4
3 13 38 34 38 15 10 34 38 15 38 15 15 43 42
1 42 7
3 1 43
1 40 4
1 22 8
1 8 10
1 42 7
