5000 1000
17567 49721
31707 86089
49343 75792
79746 96349
11674 48714
8763 81991
559 84819
65056 99989
61909 79351
14770 34087
30031 89021
16973 57758
6202 44335
24394 86506
52158 92411
6136 29721
1989 38848
9398 54546
20530 38978
39181 82518
3482 32373
82510 83538
50734 98596
13621 67290
24792 69043
16720 74181
8494 55895
6172 42063
36919 79303
8505 42691
52091 84334
1339 68944
16885 80070
59058 87964
37175 51637
45467 87148
37810 54632
71002 95102
18510 23605
1125 94916
18712 95125
6769 16642
67514 73158
29545 59774
83158 89194
29225 69984
88829 94155
13547 90213
54783 56499
9549 94757
32504 87328
74367 76892
36389 39862
79897 92460
26114 88478
2761 17684
18906 49352
36720 42115
14181 42051
37994 57034
36911 40558
22659 32905
26523 61060
3792 4278
38958 49245
10926 39241
42076 49713
88295 99687
18722 52581
79128 99098
10652 57788
25623 40998
17721 26621
28660 71581
19758 22932
62927 74155
75012 88750
57550 87821
4148 18112
19735 77649
5610 98829
15701 54587
90935 96339
16093 80411
28827 88643
26334 65780
70872 92933
9278 39985
12558 66490
65605 82733
32961 41896
36360 57022
46524 84738
13028 66066
31909 85991
68560 95426
43786 98508
55082 66394
39380 45287
15755 20838
73046 86560
46790 79693
59899 99153
51 5819
28334 67797
39414 98173
10775 91646
30785 49387
89529 96849
54811 55506
85449 86733
34168 74212
47742 81818
27455 72432
20586 76444
35929 60241
37096 46371
23067 49857
44185 83090
4618 92977
7998 24146
6404 21837
33783 75454
17242 80618
60033 93974
35633 73006
65937 76121
22653 26015
26554 89432
28063 30817
17869 43204
24244 68241
36945 85297
12598 27147
49067 52641
17592 59648
65360 79413
42492 45045
53025 63836
27101 53308
402 79392
67788 71074
4162 57191
73331 86757
25676 27288
24999 43407
23392 40766
35259 36750
86768 89138
40323 57998
50052 86619
6033 96772
57064 86714
28831 41533
48386 98948
36308 66244
9407 99918
30035 69178
24232 79394
60891 62598
56221 73600
10071 51790
66693 79445
84461 92184
80957 90423
9899 98457
35295 67315
25954 96667
1176 69600
22911 53955
81396 86710
34334 81584
35450 92190
81248 90142
73781 90548
78550 84383
18880 54141
3895 74126
2869 32893
22645 94197
9202 58048
30408 91169
990 58216
40261 56551
17218 87116
5520 80039
65651 69076
17006 19860
78666 86918
2438 88478
21425 95048
20321 92061
28224 48358
28190 81442
49838 51739
3861 96017
1073 34559
13350 76670
13381 50987
42799 91128
53034 98073
11105 39329
36518 79132
41340 88485
5199 23729
81450 83387
40987 46972
49884 78776
47032 50841
60072 95831
79573 82586
45593 66158
89271 90506
26280 82922
27708 76003
41761 55307
8994 57558
20236 55664
9954 91313
49640 72215
66762 77831
4390 29054
78975 80158
3853 94077
66144 70054
44701 68804
12361 54367
2939 53807
6794 83258
64307 78849
58299 67567
81580 98235
25271 74723
22008 89058
55370 83555
39719 56409
45756 91823
21906 61333
70563 94182
20965 49244
16450 72890
19377 60529
79144 81491
24800 98527
53414 87964
70179 99740
54536 67013
30758 46341
41654 54462
16557 75164
43768 92018
43938 88766
40949 49834
16350 92133
10635 29608
51354 78136
91471 99041
20485 78272
13074 72586
22431 27961
39901 88546
5842 98682
78696 87191
92262 99333
34180 52718
9102 78063
7640 57871
5115 77558
74411 90960
17917 22666
45619 97891
1587 74582
64564 94977
26575 31097
31342 58449
27498 51110
43301 84589
32908 35488
55493 72196
38264 92696
75441 94195
4028 9806
351 13738
11060 89789
32524 34161
21960 77561
17807 81149
24989 83515
48473 93229
47323 68691
31063 60553
46822 83947
17283 64260
77613 91654
30513 75038
13612 79801
73673 78861
56102 72648
48205 74218
55846 58546
71774 72319
31098 54138
27999 62257
69168 69620
52933 61932
22976 26396
48552 88067
80765 92880
11041 66713
36320 61621
9143 21319
62063 67805
16432 58050
73851 78878
61213 72735
22490 91356
66080 78110
25407 49113
947 22433
29005 77114
9798 73998
40530 75793
8220 62031
21520 28669
8762 76495
41995 65614
74587 96426
49611 89813
38490 90353
6357 44135
38215 51935
62771 64063
26740 75865
6416 43703
38755 95162
30090 40319
5222 71035
22063 50327
2442 57089
60528 62166
84140 86037
79101 99621
37171 99393
17418 35850
3010 23312
22020 87855
9088 89008
39445 41709
58840 83656
93468 97087
15223 61769
58339 74324
18098 71646
5856 21432
19222 56291
23652 58872
13696 94574
46481 77394
11128 36331
4432 98776
65528 99201
4514 13102
76659 76737
59220 82422
20597 76213
61779 62283
20830 90990
36897 83089
4985 84945
29143 95150
27043 98461
14639 74960
31218 63482
13445 65102
42084 89532
1812 9115
57465 86002
26490 83065
8066 73015
20740 67263
30533 48168
55958 58344
36390 63918
56414 90254
18637 20195
13647 66378
73049 91034
21224 49655
2480 85738
6306 54438
82694 92825
9668 64886
453 13391
10123 63470
31749 95860
71889 95781
39216 80677
73808 91636
46278 69247
3141 88919
14944 63005
96243 98996
66395 70386
35217 80375
19441 35535
17455 59384
7953 30970
60763 64919
20652 86596
61870 66645
20958 37804
63040 84268
41112 46014
15555 43532
37983 64933
5681 89288
37711 81959
32136 85713
1792 98260
27949 37352
34121 56623
12495 55795
58202 96562
62067 63664
18888 29638
43363 46853
36203 89688
2691 49005
965 26162
19315 30845
7161 60444
50721 53274
47445 90847
20170 95109
9384 35927
10224 15816
31677 34274
69528 86864
5190 25740
36311 67721
48514 57751
68249 94575
23442 76214
79945 89953
10717 89960
25635 40197
11063 65868
23136 29412
13443 37831
30064 31358
72745 84939
29145 36828
25722 57842
7965 73117
8993 42157
43269 93972
6543 36040
64890 73958
6628 78155
7382 66766
6297 29744
2443 72317
43440 93604
81599 89354
13808 28507
44188 66471
15842 49387
12284 51749
42324 54809
26672 64446
17805 53541
38596 61301
50752 65321
2142 12055
3659 10409
48224 81595
17096 27972
11079 27948
10574 18175
19432 59032
38833 94365
50582 99893
52526 79117
58890 69977
38025 76188
51396 88441
51310 84893
13926 43294
48522 83650
37703 64049
52925 83102
44998 68466
44421 79341
8015 69438
5393 52008
28382 70213
7020 90898
7587 67463
23713 31317
29706 50697
4789 31470
57135 95056
41048 44152
75648 78979
30381 58586
81587 98045
83690 85210
29024 90566
90293 96076
76588 99371
31841 76907
18081 35785
35418 81263
54906 85785
33651 50493
13143 92450
55555 56238
49652 84762
65046 79807
40344 95692
42256 84992
9143 18600
25240 69302
5346 56204
65770 92225
39554 60848
71895 98107
30026 42460
12783 39052
28159 54081
19882 49776
57214 60917
5596 55412
54532 79455
394 22995
3459 69378
46290 79758
40799 83073
56869 69774
50955 81560
30116 45461
27502 37386
21308 25931
20798 43712
41921 48513
26881 83231
9735 15591
35674 61121
11741 36576
9914 29834
31302 83814
17545 70096
59756 94331
66044 68174
33590 62055
36757 60215
30219 95156
74275 95484
45194 54986
7325 24330
6549 74533
39446 55355
19787 56719
53591 73146
17108 37513
27605 58973
7516 55164
23877 93940
66652 95699
72605 91160
35485 79760
64190 85923
17107 99356
20461 90749
39986 65852
20813 99397
2536 21024
51502 69216
34977 74979
38656 67123
92673 94514
49194 51061
43352 81412
5040 17782
53590 54881
61838 84468
14503 47127
24826 38778
42160 68022
14419 44871
21199 90327
76970 89159
28052 43735
54674 77785
53482 96520
48760 85315
19209 45430
42088 48532
34777 59348
64927 74945
91150 94475
1280 20687
51074 77015
76256 95183
263 91643
20704 64483
26108 88665
5207 35582
2388 24449
40738 58603
13015 35339
32146 63289
24015 60210
17493 99700
57390 95110
12290 25461
41870 66483
83456 97315
20239 60275
13519 14057
4781 63238
2413 64850
16397 65089
20682 86950
61747 91421
47528 76285
9330 76197
7849 24732
32867 65108
4171 88413
5747 97590
46874 86500
42586 53547
29788 30198
41353 96895
56644 94888
21676 95430
33040 96779
6314 30695
66013 77629
50585 55128
6772 14797
70222 85013
2973 86277
58684 74909
66944 93924
18049 28222
48106 99833
8710 29102
15737 84415
59228 97460
15111 64874
77 11085
10627 12616
27043 34072
62222 99882
22081 32566
14011 76435
8403 23916
49347 49757
45791 83479
61359 89309
1621 35123
18730 53742
86719 95546
45987 73883
16501 31184
296 80520
57238 70322
49860 65680
80641 88213
52496 69211
9816 93697
18580 72902
28195 78698
55086 96019
9873 44799
29165 63227
14988 94566
19987 24198
91233 95306
14715 60513
16326 83987
17523 20802
1107 13426
17597 48006
2775 57615
41383 44592
12215 96537
10287 49523
87793 91187
14165 26008
62890 64015
61896 68555
52860 90107
29391 69427
65842 69498
14790 68617
13927 72803
54000 66484
10001 53873
82081 96218
28509 78364
35661 46282
45369 92287
8522 29588
70263 80872
73750 76178
32200 78948
70844 74981
36877 79633
6930 48630
40556 75325
14747 54992
22175 92755
18480 84290
83103 95451
23408 71581
3728 17255
60083 80998
48132 87731
19333 32524
33477 36662
28304 58164
809 5052
21473 96818
27765 64388
11974 44418
44422 75560
39878 96876
743 8139
5319 98260
13109 98880
24371 99041
10799 18803
49162 93003
36282 68103
51874 78657
25046 33176
56116 72594
17806 69785
20145 45275
23720 79102
43244 61848
87383 90103
3328 40156
76654 85674
70705 82365
3325 88724
36617 98619
25426 30973
20913 47346
73472 98499
10652 32020
46832 82853
59324 72476
26922 72499
51879 55892
24996 98660
35796 94014
12306 13334
28117 50128
69376 71224
28987 65874
15039 61544
42084 88296
39300 91735
36608 62054
9407 98148
12110 15328
12282 32732
21104 32322
16751 97023
24256 61903
15081 74710
64249 99163
66966 72238
57126 81281
47601 99971
48678 99440
36442 66649
31622 51496
70240 82342
19761 72271
25320 26253
44774 88420
27197 87704
5891 84331
14532 38684
8341 51022
59393 93783
18420 81101
71055 88452
49290 74909
16413 95292
56335 90814
36882 53291
17164 55670
36545 66001
34619 93930
218 21664
64915 86590
37153 71266
10017 60378
35270 72456
22685 52580
171 94095
41489 74867
80807 82287
55704 87396
15880 22397
8812 88407
9875 75662
16070 90649
36869 89135
38829 78593
62702 92532
31741 63820
2826 84712
6974 11335
9304 79383
51753 91656
5824 87020
63554 89392
26706 42403
41463 42011
36588 58349
17367 87913
6347 75545
41728 43825
11893 96821
19844 88449
10005 48106
1610 67104
73185 84484
32569 73563
24721 66583
47189 72737
29794 85154
2683 40330
59645 94914
15820 84675
27304 87486
17872 96244
17102 75002
36930 74782
14686 21262
26102 42812
30015 90646
53033 98469
18954 52097
62421 75530
51379 91295
6568 85684
29467 47828
23946 35488
11837 48274
20930 37998
4649 64029
36042 47493
52124 96906
27373 51370
13605 45638
44400 62270
2614 31885
20323 83945
11318 69795
1615 25859
44920 51556
81343 85960
55876 83935
56729 84638
23422 43147
45376 52601
8023 41949
23334 71874
29779 55885
1924 90781
39168 87404
52966 73955
14828 27555
18974 93664
58606 66109
11920 59002
42338 53868
40666 62508
5113 37545
32438 36999
47069 68619
69567 77221
7982 56740
92509 92678
48860 58994
75210 85579
14909 68128
87888 91819
45057 52330
47322 78842
19630 23304
71252 96576
4178 30575
59541 73961
24599 26777
32128 68306
79379 82592
23028 81238
3463 26311
3303 19388
3416 50011
12915 65550
43134 66281
36503 89740
11669 23831
20758 80302
56651 83465
29029 98071
22244 71557
53312 86126
71621 97943
35194 77758
44164 84869
45017 87176
6592 13763
3568 68566
21686 48964
8338 70759
15895 45007
10798 48732
17403 83029
64375 92861
10286 20088
71388 87983
77255 83491
25559 82761
61449 63039
47593 73796
32675 49072
6352 62476
17010 59204
37404 84821
27278 52670
3268 34396
1321 87038
12559 85793
32137 77252
10716 96801
62498 76064
68789 95252
46119 97241
68509 95824
20988 60621
43373 54232
52430 73102
90948 92393
8378 8849
22085 74448
11233 92704
20235 78366
24316 52184
16152 76823
38166 59902
34848 68145
26289 84570
31610 61531
19275 52158
26992 86944
34873 39403
932 66409
33526 93883
50439 99531
62981 91150
3078 34917
3007 39556
52890 90108
35489 97792
55090 63441
16535 98606
8321 46423
4586 74525
3750 26875
83592 89003
14979 28674
45279 48145
35237 82030
19442 62576
75772 80515
18758 67178
68908 99914
55677 98251
30599 61548
4523 23075
9680 94217
60183 62234
16629 40765
77915 78975
19982 89009
40047 44318
24637 70835
79573 88274
41454 95823
9213 50850
45689 75408
24452 45811
61893 96235
38239 74747
35048 58093
32879 34096
641 78732
13900 89294
20722 70305
70412 71113
11223 56407
8402 29822
9096 22640
85681 85821
42418 98962
80176 93088
76310 98802
7891 30675
10731 39366
59636 75372
33835 45493
61953 83769
20106 21726
19490 46668
63009 63105
4903 78934
1920 78835
36286 40416
18368 48357
14669 42620
34256 89789
24131 64786
27225 64293
30553 94232
12712 97779
9063 58258
32260 85746
30830 78876
38191 56195
16940 57407
441 26617
40231 40463
12290 38081
54698 85424
7808 68522
32611 73429
47455 78443
37689 46639
17182 25771
61172 80568
51102 89766
41791 70588
31926 38582
35658 67565
66504 85721
36207 91622
16874 98393
14909 35517
44910 76801
75269 78076
7513 11704
69625 77462
4448 51653
55227 69463
23275 68897
14797 87563
25232 62490
31187 50474
94081 95588
42992 68048
40996 93085
25684 57613
2212 72306
57928 92063
31930 67297
28016 42075
50629 99221
15244 48827
438 62042
9018 65158
69979 96540
554 15588
65236 87857
59437 88059
22013 69288
20392 88699
16505 96502
60296 62063
32577 67779
11463 65410
14019 24295
24147 25527
14208 34969
88005 97908
44630 72496
1066 29672
80824 83378
26696 59514
64966 65800
26391 56795
37322 59538
16737 88241
11688 16286
40649 62500
12665 61860
19202 47358
28024 90502
16260 76025
9952 18672
56828 80993
19483 99606
41036 72985
21107 34328
31080 43707
55352 69577
16524 49732
11492 42344
34828 61062
35242 93214
89601 98307
71327 74321
62363 97348
42382 75075
6130 90507
24445 34587
23014 89419
12931 89330
1663 23027
51508 75465
6148 92530
35251 55307
16895 58109
14796 73412
52506 91760
45884 54032
32708 95483
7159 12751
22770 82978
68943 89172
38232 62472
41142 52727
48206 78094
71627 84627
70552 96890
26600 60891
60517 80324
58144 96722
45445 47264
70281 74333
55580 67269
7752 85643
56215 74592
19846 49384
54230 67334
19376 49561
44434 73845
72507 78520
25088 38558
4193 38723
27200 75913
15922 36237
33326 92300
26415 94709
55531 73324
16052 79095
6554 49082
2646 73852
31038 91622
49320 96638
42970 75428
76154 76646
55816 67923
40517 42743
108 54889
20230 98387
41219 42408
39393 61201
72185 79825
2312 80535
41859 70928
11820 60466
17015 19963
17206 74728
33655 70100
26739 93739
26178 63418
33811 50842
72418 83538
54290 74421
32633 52378
30473 98684
48432 67496
3386 63886
6496 89355
6641 39378
26702 63357
9801 28256
87492 92018
29586 37287
72709 81846
45576 70746
61899 91463
10130 57331
38053 39327
49931 69032
64842 77885
68477 69168
39127 57986
1791 92084
3631 36290
15325 62297
84410 94713
24232 57640
21799 77771
40279 50334
24358 54427
4731 79041
20753 83659
15393 15449
48645 59352
1209 97838
28128 30316
3332 99240
25810 68570
78076 83858
33234 48120
54251 75115
15567 26506
61409 73481
61791 85727
5834 70384
25940 61210
2692 71211
16072 42806
14033 50352
36693 77155
56542 93652
15288 71253
34021 37339
26978 83737
1982 17685
1869 33439
9544 20242
9664 27364
40926 95145
22406 71797
26921 57914
46075 58012
4081 77191
44007 96251
3762 30278
17961 71783
15819 70414
6626 66023
41247 68702
26992 51468
372 66538
54578 75587
59112 69715
69491 98392
20246 71533
15254 72638
64001 95919
22954 74567
2242 90317
748 71167
15816 58740
14278 70850
35234 67631
42956 46599
74304 88237
19433 43258
11826 52254
8296 31795
64644 69340
45332 77620
20025 49915
14131 97934
963 95519
37586 86940
51258 61382
17730 89474
31127 47731
44460 87481
16138 33295
62789 79896
66361 88702
60114 97090
3210 44632
29440 60580
85677 93416
30528 67407
67500 74041
39472 95347
32327 42700
5355 14463
38792 83607
54490 92248
10810 55081
34731 92901
5178 26311
6326 19827
19815 24228
8185 89674
74471 94995
29759 47165
14178 74799
67238 90957
36566 47795
14065 63096
22446 82476
38614 74771
25289 33780
25789 28303
75952 88425
16728 40537
25806 82535
11898 66089
17043 27318
40875 65715
29815 85895
65627 82722
59975 60592
42899 81357
16353 45956
10678 67594
31533 71772
43682 61378
44689 71373
10261 29507
3501 62119
16949 54777
61454 65954
30695 81492
17371 93067
44833 80683
6233 93054
57846 86983
67389 71535
31438 42604
16885 58716
27441 78067
83069 99657
2038 55491
6748 16328
22680 83091
4954 56919
47911 74480
20294 68435
46678 47996
62585 90707
38496 84411
40650 84459
55085 88153
36167 50965
39918 78877
10019 39110
63382 93063
31401 37366
11446 95119
49696 67899
19138 45278
42356 63662
2444 64874
22352 82363
59042 62872
62624 96104
89336 95576
21124 27718
22661 40759
28112 56307
60334 96873
84682 98431
30607 67529
4547 23527
16840 27296
16746 57348
47348 53213
6099 16767
9131 13882
31278 69499
47661 79276
11034 47222
35317 62766
55819 74302
2188 13738
30356 82982
72996 79349
11681 18930
12013 47357
91453 97415
248 76041
82766 94770
51699 79314
34475 90711
5155 48217
24469 63168
25882 48483
63960 83799
13907 48452
8399 42079
45923 62098
14262 98469
8345 52590
50612 60640
7241 8025
74173 77564
64343 74547
67646 85775
89317 93096
18634 77089
16700 90359
55812 82257
559 94776
47735 53204
38514 72498
52601 85375
37638 38243
55470 58820
18377 61091
41362 58022
53533 59111
1958 8824
15233 21991
3187 95243
50751 75230
45670 51923
56953 86367
19453 33889
47351 50620
20648 97512
32224 73631
71697 78494
3805 53572
65318 72827
31983 68981
26624 52447
16833 48673
7702 54715
6410 62940
43611 45234
17916 26729
14292 16613
12732 81578
21528 32399
10668 92605
39857 63258
10875 57943
46517 82513
65360 96074
18416 65976
21827 42478
9040 44177
4443 60905
84336 87025
70137 74708
33355 55885
37997 90396
8752 96416
68640 95420
844 85359
15761 80161
26671 87450
38542 54999
2020 62357
45118 57968
54457 77765
23451 35866
60722 85054
23324 95980
26845 83559
18094 66660
73768 97146
72115 91024
20688 85129
91840 96800
24395 68297
6065 30859
2140 27912
81432 90479
26866 31759
55912 85426
2419 63740
16473 37064
59731 69171
20393 40210
39462 98155
13186 19814
197 16160
10862 66976
22139 76621
32455 62811
22506 26217
21883 43948
88763 90393
64896 81443
51970 78015
32751 36077
54 26847
16143 16173
25609 96471
33661 33914
72209 85462
18323 48361
1389 77940
56970 59402
10081 38807
38132 40177
52062 60956
81944 83553
418 22348
26953 92314
72167 72851
19200 60716
59230 90939
24778 53760
6159 41288
21799 76872
49796 96790
1390 62681
4009 42525
429 87086
12649 89413
19645 64530
28957 63816
18545 82368
19580 83123
95083 98423
36567 69338
34010 93278
17543 62828
45671 69781
56577 76801
56122 61456
3634 21456
79922 99036
31601 35286
1925 56009
17260 88939
51443 82822
44876 49311
6872 8183
37309 40421
30473 40129
42678 74068
18412 49675
32455 69303
56881 73191
70610 75916
5280 97427
49390 73533
29938 54676
10794 22907
35016 96733
15277 97523
53402 93465
20771 93985
46540 73203
19634 76757
76698 92326
28789 47963
16812 98291
51022 98944
1838 3742
11691 96428
65766 96574
46377 90498
35652 92071
18334 85331
24111 28728
32767 99642
16006 19707
9716 92217
38960 80375
17639 55537
77112 78124
3548 87955
35247 86107
20289 46620
84467 92223
32736 79306
47282 56172
47426 68990
28473 81250
32712 69854
6861 19200
38706 94341
15392 99994
35206 87721
72096 79365
7789 39943
9743 52977
32507 63162
26856 61105
35813 61288
20849 90431
3912 10109
43111 46693
39060 48329
56994 72220
71489 76890
20763 50476
50369 51144
20465 53199
68216 84787
65407 68843
9259 18244
20396 82816
28154 50411
38197 73539
64285 96978
46723 52819
9856 46879
79362 88866
26415 51609
57787 72892
90171 95380
33294 50530
62628 64121
14778 49898
29331 69035
54800 91875
9973 96850
11129 49276
54782 94418
26980 42933
11605 49702
51091 64984
47800 56507
9796 83338
41096 81978
34797 62139
15117 68043
55363 64998
3616 82534
73880 75963
15372 62465
47790 84819
12569 44723
41422 60537
7641 10674
6926 24050
3221 10365
41695 50627
60660 75300
23382 77106
19003 71140
71405 81039
62127 71078
39203 75333
54726 82073
42131 59307
60505 83388
69824 91488
1584 84854
211 31273
52925 86072
20684 63590
29587 37065
61449 64449
34555 44994
67422 86167
25534 42245
87579 96281
32508 44937
51168 56936
40718 98102
25298 73772
44802 61384
45118 79655
2136 20831
48341 99875
39365 84601
33639 41807
55180 82412
57149 75276
22930 83100
13617 67705
79802 86719
39198 91160
43925 80008
31272 77218
55442 90954
11905 90713
69289 98394
56251 84820
838 26418
41945 85041
42302 55923
58045 69501
25356 42302
48621 57898
50648 53839
23745 81598
40944 69976
35031 48744
6440 12507
33373 82711
55198 74385
51736 91182
17260 94251
916 82534
90045 95427
10674 28168
6869 54426
4241 87465
52320 72374
12026 24597
62664 96675
56686 63800
72228 85823
85 42637
80164 86799
70550 91429
43517 90611
42348 69035
14644 28448
8442 23747
84051 93883
196 42579
8204 83590
43011 73171
51425 82376
12161 45162
6706 86961
13104 44649
2512 20749
12813 17095
21002 43306
80552 93750
19483 96161
27191 50244
36208 90771
31734 49189
3341 53916
41953 82718
1686 35706
8915 91793
32855 85491
5554 46515
11218 62834
34611 85444
916 6092
5851 37838
21139 70248
12660 73750
38925 81786
43665 98977
43030 51846
23085 91805
76254 90738
28520 58146
24758 96553
3359 67448
11968 64131
38757 70728
58582 93860
10873 64392
44190 84893
30852 50173
6656 24473
49279 72570
2119 13880
34120 81334
8140 45614
5155 46109
39957 40040
34002 51666
18088 94846
30183 79388
29282 31290
66956 83270
17044 88199
12060 60085
87520 96779
6627 79055
26279 66154
7996 91601
1498 83855
64468 88940
27687 88010
30425 38110
61 28959
7082 25207
46391 66837
10941 86795
40155 84583
59518 83687
56241 84513
9459 77585
24318 32429
5945 20877
58767 69548
2859 74846
53447 56404
27673 65256
8243 83909
41382 83646
61174 91534
14437 16250
36883 80230
55501 82745
17518 80661
28545 47671
77702 97037
783 52896
65729 79276
47660 97883
71662 89454
9487 52405
45853 51114
34260 89513
27405 92008
8223 89901
13583 94389
44899 96645
53110 93567
14086 34291
35870 58656
38016 94698
25278 39765
6616 93050
33438 72264
79052 99639
15628 90353
50645 66439
9295 25563
210 21218
33010 41998
53371 87440
18771 87450
30530 80757
911 26772
40565 58283
31718 72665
28869 44443
84303 86168
26236 31803
4181 68658
96112 98339
26588 63425
43738 78000
2528 99831
9928 67438
2493 14644
24279 53013
65212 82092
70752 89424
7238 46389
32287 35167
2686 29566
50805 63066
22350 26320
51264 68127
66023 74779
6141 13357
90687 93719
19898 24904
49772 85975
8151 38200
65676 92587
76777 78540
56911 73844
18629 61376
78737 92231
22335 90437
13685 73764
8817 89157
13993 71305
61418 78890
27738 86680
31503 74515
51158 92738
14375 95845
7934 57300
15384 51222
37270 59699
13500 83469
46090 88564
6113 43458
18216 72842
7032 44923
86954 94287
25393 76439
32491 76830
35720 55969
23193 99854
39805 90979
34673 87742
35705 72190
43766 59373
36732 50370
34887 41337
26648 68834
53615 86792
70047 70673
21127 48530
51914 83144
78947 92874
25857 63604
944 52730
71787 82211
55471 77271
46156 70821
26557 35206
63594 95342
73443 87828
16525 32200
41623 65025
30798 31347
15426 68951
29867 56751
32158 81792
43186 69184
13271 39299
51486 86904
2447 30546
73720 74208
37429 76175
39867 50542
13235 23622
44940 86352
43750 65382
12926 81684
17207 55021
81008 94623
64897 82197
28235 45764
37659 38707
11844 56788
1478 41609
77173 96355
10022 40089
60797 88223
20143 40170
15301 54293
43312 79895
21419 89297
52542 63395
27979 42800
32405 37844
2404 16672
10943 27045
22873 37885
27571 72989
64140 84995
58869 61765
11517 81035
21321 70230
40124 46985
50170 78733
1892 22265
284 79309
10849 99629
23846 45978
71336 99358
47944 66195
154 1504
89626 98114
50478 61636
48043 80936
23542 29049
49314 55345
616 58463
55971 81146
33142 68517
20850 96345
26857 81627
8527 66523
16939 89825
42993 59602
26216 97869
6570 19857
31227 33887
23018 58643
41563 77354
4545 36557
43172 87499
23869 71516
3044 62940
59385 69209
61308 74730
42268 80406
16191 33018
20984 77286
9686 94410
46008 93794
33888 49527
39446 71522
4640 47226
85033 99566
6097 41091
76976 90079
10358 83123
2258 58034
53330 89105
41397 44537
16853 40149
63574 64265
17214 63256
5966 69120
61815 97625
25250 60580
42462 45986
32617 61811
78335 85537
34588 40332
8704 84741
3082 10316
4682 74609
69673 88262
50591 63323
5012 37771
47896 57619
65651 66568
23915 72301
35414 80044
15380 47917
74859 86793
16454 46256
7059 7217
51287 52333
13574 35796
37363 49641
72054 84823
68553 71375
1509 39134
63147 77249
66840 82437
49640 72536
46579 70880
33710 47848
7802 57484
27528 55008
89730 92464
38382 40772
4288 71824
20065 71515
3297 22420
19378 81232
6339 25246
46129 74423
78803 95834
32686 45030
4183 6706
291 6527
71180 91802
79511 99516
3094 7009
77839 99853
1011 1963
6965 72791
61612 76167
79635 97795
79701 80831
18928 86742
25716 96878
73137 77973
31993 45562
65941 99698
29206 59987
69116 96267
2877 52875
36399 50466
39627 53321
1180 38488
18681 57985
58449 62765
26027 35159
6346 62942
28524 90479
32511 96814
63900 98472
34152 77105
13707 65642
68299 69688
2091 43298
72869 90363
32966 76348
49097 52130
30231 73597
13023 77101
2409 93612
43541 81781
28239 69029
7496 89049
4823 62122
59113 83378
58602 95009
23297 85784
52307 98426
11734 90055
16342 54143
6518 47405
53283 99144
41297 56368
53003 99552
21728 72897
23124 42080
37291 41776
2824 62545
58160 62332
76719 78871
28834 38457
4132 55765
18513 47063
63718 68097
51300 72683
35200 75622
17356 84540
5476 34199
17519 64363
14392 30870
16123 92483
31662 84767
2094 37979
1670 98694
56116 71779
6195 20321
29219 66812
65628 75874
66455 79552
79722 83235
34026 39647
56466 94492
7496 66683
67694 86102
1156 31472
34977 43235
25329 41598
270 46962
71543 77849
70187 96488
20490 62312
51662 54146
4806 83582
14398 16078
19344 90948
701 6444
71412 89149
34447 76419
14376 35719
1580 22533
25447 70433
39945 77151
31085 31970
12217 35279
14188 58875
2115 89406
3832 61566
14783 52942
50580 72267
952 71669
15201 85871
27407 93680
23891 29453
9740 95372
23972 66119
74578 86697
59212 90302
38794 91727
9579 98524
30544 39584
29349 76853
60976 94839
7648 8217
51502 73501
28890 91919
49603 57185
51440 72826
29492 63977
10739 25770
71311 85507
23834 83112
38754 72695
29260 67196
34903 98400
32733 50221
21242 28401
14705 41103
48805 97602
28706 45585
58101 70799
58314 83341
54930 56999
12177 80172
2320 65011
5628 91348
37263 71347
11155 89996
29394 78436
6963 12257
34396 76685
3135 97843
32749 83399
80100 92928
2775 94553
50735 72241
11272 45159
49458 65252
8405 64216
37828 61151
1981 35320
10156 94090
9549 98819
70929 87465
27284 70445
47841 57784
42798 79365
38258 87706
5602 27918
58376 90596
1529 98153
8770 96435
22431 90507
3270 60538
36402 98662
49866 81643
22828 65861
14723 86759
43804 97788
2601 71413
20424 64447
1878 20123
67605 73333
3129 99137
13985 41967
43327 72978
3188 80783
53899 76813
55308 57939
37908 97611
11419 88407
11959 92235
2136 46565
2540 2725
778 84296
15434 98724
75280 97396
5551 97225
4080 97142
56794 72803
10217 14482
1137 16239
24742 37128
66712 93992
69798 96479
54816 73426
29315 84760
12030 90813
10369 45822
27343 81512
46225 83795
94022 99253
22788 69106
7543 88883
44988 81037
67483 91582
26075 57414
29129 65034
12972 87229
14454 25941
34153 83744
52529 93610
34211 69698
43224 69238
50985 80277
56726 73130
62148 94344
35897 91854
13491 44792
36345 96923
38690 40534
35323 37963
11976 62185
85788 92232
43420 97685
42821 65733
9007 43168
45473 84173
47902 70391
19946 34775
53781 73594
55327 62122
33151 45395
32992 63668
90846 92123
46453 63675
7311 78039
26369 60502
80534 88545
30188 54295
16913 56512
42014 61276
12256 95182
61751 77950
10210 13632
96552 97673
26321 63501
27457 63700
65504 87720
47975 56047
95672 99832
17246 55270
52519 93473
61648 79853
20600 51928
12889 27280
695 81683
57211 87767
16194 72370
60870 75481
15983 23812
610 648
24143 67940
72186 91767
4913 80892
38110 79299
41141 99750
31749 87474
29147 64677
20580 95602
65501 76867
3146 42734
66442 79705
60303 83638
14851 52225
33819 92639
50504 86613
97986 99316
40494 70911
40131 68268
20381 60734
43283 46485
40922 53100
19421 25759
4812 72528
43041 68887
18997 49696
62767 77599
75064 86656
35558 61181
2786 35536
34569 93066
13128 38197
58816 67037
60071 93117
54826 84096
24951 45586
34961 83102
36524 50572
45890 49181
28852 52987
5865 71573
23193 97184
67295 98853
26388 97887
30824 93746
32574 55183
3146 61756
7982 86818
4875 54420
4959 31089
46785 86076
31184 99410
24671 44912
21800 90046
31666 54201
1292 16493
89510 94630
52176 92143
107 87734
1281 45400
20733 50439
9910 61011
48345 77170
3933 10812
12396 34822
44718 61386
12847 89347
22067 79899
8597 20808
17000 93197
13725 76665
56271 63770
25415 45729
39977 71862
45903 70925
18885 99987
12432 94191
33600 45913
4430 4986
52400 58237
65873 88882
55735 83334
4362 11531
85276 98759
88852 93244
21284 93674
10945 47967
31461 51547
13089 45239
19102 84796
35039 86092
8612 50922
22132 74790
54833 55282
28150 91758
286 10268
61066 76272
4313 11763
12561 95774
4648 30704
38721 74076
52734 80119
21203 61210
27869 82122
54199 83846
65578 89922
8958 42145
1978 55788
51454 55447
55907 65151
1862 6967
98189 98819
3366 91305
41040 70416
33390 69219
22886 30393
1073 48039
31275 74039
29973 51672
26428 72447
73164 74660
26149 83309
21890 91232
70805 88345
79344 92901
40804 78504
18829 76043
32144 47204
30850 88695
42198 96159
92607 96866
2754 76274
406 38305
10357 79161
32671 78341
18098 83183
57335 68322
275 30511
66905 90047
43804 99854
82409 97390
4058 14995
21658 25348
1854 93619
43683 62056
67890 88839
70365 86850
44040 64220
9132 75632
4288 71606
45904 87444
23639 99481
21156 70966
25967 81173
16858 27425
21061 71886
24339 46067
51230 91863
39422 89593
22346 46549
39139 66078
15386 96161
67806 90214
32559 87427
6599 21332
17662 42247
19378 30221
25347 87218
21749 93293
34804 38787
28422 75556
57312 70923
9095 56170
22588 32550
58638 94220
94565 94585
20793 39385
44783 71112
4797 51302
21227 56741
10913 15014
35941 51396
15800 93072
26576 42979
6671 52302
19947 48301
10710 77388
1278 83667
35657 50661
77672 93043
27106 60412
19047 20763
54834 70436
6734 88377
7470 84539
46943 53557
25945 97518
41626 87636
28904 50571
80701 91840
11217 26670
27202 68935
54494 60214
81849 89674
94107 98530
34337 80579
1533 39074
9669 66802
9213 43639
12505 77218
58119 76877
28926 49057
75684 82435
45509 56552
45790 65811
42750 82345
32450 79586
15509 53379
58446 75083
17941 76775
26915 34042
53758 90879
50587 59052
87026 89030
13623 84290
54439 63098
33308 88063
7839 31185
9646 56639
17317 46743
22240 82726
58372 78027
12996 26223
23316 57302
5019 39181
8860 53242
15528 80804
2146 32422
70678 74767
49258 55638
26992 78156
691 42400
22210 83545
73000 90458
36829 63823
65575 85059
19445 46025
16186 40670
12309 23349
80891 83127
57333 64943
63876 71917
10555 27478
1888 35553
12445 17107
69745 74881
60610 90522
19440 41396
16122 27782
56751 92152
48729 63949
37264 58367
59862 75576
64712 87103
15906 83534
25002 25170
530 17707
4011 24062
3324 72238
65421 91568
10063 24788
26133 31715
12830 28547
23244 73539
37447 48186
47735 49781
63436 66437
25151 40432
2167 32539
15395 75972
41903 46369
5339 35281
10177 54474
41119 66077
21089 30557
5411 62833
1852 46726
33561 40904
35437 60033
241 71407
53558 64002
26778 45735
49926 80479
17301 67273
67016 80521
478 43408
41470 66750
25334 33923
38695 74902
21651 82047
3702 25454
19132 44706
11723 50469
27217 30337
69234 80218
28508 79715
7526 18511
52251 87428
24323 55676
81396 84618
31534 83635
10843 35104
12976 80619
47598 86398
37896 58985
69163 96610
29946 77734
27262 97661
59452 78783
50480 72785
4458 92191
31220 99167
46837 72009
11494 88474
31630 97039
70034 73256
21852 65864
35074 76414
20240 48822
63230 69036
3660 55068
21941 24414
36518 61758
33516 50792
71101 92719
51165 98501
38019 58051
13915 68225
64142 98054
33823 45110
42855 45525
25589 62488
3243 7954
29648 82345
71114 75904
72899 74499
30096 65798
16486 78001
13389 21663
87876 90362
42412 70315
3388 45694
56904 61953
18233 31580
18648 54754
18531 44275
16451 84692
13353 78364
25888 92138
15252 41806
15954 32393
16624 91312
34425 62754
50905 81085
29545 47733
25422 65965
41862 60866
20715 42015
48068 60621
24947 75188
37667 39404
41947 46770
78154 86114
89754 96974
32035 49798
6808 94976
19259 74542
70565 91677
47789 68706
2570 4484
72532 99350
17502 52187
71488 77373
49146 64633
59173 67269
8483 83599
14751 76626
22113 42862
51280 66239
43416 77015
56549 86939
17408 41104
70948 82657
72192 91980
53263 56499
56202 64913
23928 62650
38301 55017
4332 17027
16354 62536
15005 55456
35436 88861
12140 51130
41733 82798
33419 66276
66735 77770
14946 46144
3335 63079
35461 73985
19487 33066
20098 80875
21632 63827
91305 98991
4767 28832
69954 77630
38476 87832
56085 85747
10024 77537
16497 57447
18293 77567
43964 47425
4894 76019
53050 93337
62969 89338
20518 56521
13747 41389
49415 92930
24314 30439
40520 70606
43092 94026
28422 79357
2430 49391
32564 97554
53916 82971
4368 38836
1222 19647
19367 43877
61560 99692
9725 51804
52306 79621
18827 44210
17670 74302
54168 72421
45027 53668
853 69747
39113 51286
20625 55319
31425 52500
8990 40860
979 68994
28151 49363
16951 93684
64792 86685
33043 34110
19202 67874
30486 72289
29695 67357
27245 94515
51831 57064
6252 73870
81376 90791
10713 42805
50111 87389
91428 98950
45093 72296
1038 52581
50150 53113
39346 65007
12504 30459
47718 65888
49295 84851
42785 74719
61867 68620
1325 52539
58561 69780
7760 23251
7409 71991
19251 42442
4809 35012
29807 50335
52522 56154
18633 59103
16519 35671
4251 56700
32350 86248
16614 30062
48222 50740
66551 94237
82802 91535
7774 54186
29212 70659
54560 58594
55418 85209
17310 58895
32903 86674
36667 89468
33482 39243
20827 28690
70195 83502
30459 37202
19322 43438
25289 49244
27 31666
59988 88810
56990 71648
8335 85324
26983 95572
46798 99030
12752 25911
37768 74158
46194 48793
52428 66787
33117 78986
10719 78917
54311 81500
28207 59283
35294 67700
4599 5879
5459 51366
74585 86007
3076 5583
35926 94263
32194 78502
12267 38759
60512 70131
32817 87564
35759 88307
314 28316
58985 87428
30788 47143
3967 77549
24018 60822
1730 6045
78166 90387
10180 92245
4827 36286
26091 50655
1250 20772
8718 32194
14953 78024
20343 92474
31051 61710
25011 63096
12049 51225
3026 6688
21889 70099
85984 92259
37435 54430
28669 72468
35087 97251
35617 50590
62174 94003
26428 61598
28625 50131
14638 91204
22561 82689
13958 98058
1518 20669
77438 77772
15656 55640
29765 51983
36259 60396
18847 92174
16338 56949
30829 98250
24429 65771
82087 93652
36968 58057
477 32004
74235 77760
30192 34816
29470 89986
47873 79254
2824 84438
45100 77538
12775 75448
1064 98573
5270 52206
9694 83891
9659 21992
2473 48410
22280 67755
31953 56075
26719 55152
12079 14846
20073 68064
16305 29940
93268 97324
8800 61632
3709 41477
82873 99549
4502 68182
66027 84789
44919 97132
28265 38038
80082 87008
83995 93856
56656 89913
10 24972
76844 81545
40191 72177
21078 75395
56328 81748
23353 95292
86053 90893
38362 41591
6779 31625
15343 68669
85913 86121
17191 88164
20003 91022
45312 56427
35034 36000
4281 57269
84051 98171
12132 96356
2611 86759
10748 48916
1402 68876
32950 63400
75191 92623
36279 55165
25249 43497
34932 86251
61569 66169
63320 94052
34323 82316
14754 54521
62257 72970
13971 14060
11647 51911
47760 81983
41220 58378
29096 98302
1912 38095
44857 92151
26494 78247
58105 59207
18708 37129
325 15660
46859 70375
15030 34118
1798 11079
24853 98786
2458 35040
19897 99455
57466 88886
7970 49096
37311 76584
4863 10478
25086 35613
19323 19333
21498 63727
5405 44539
39261 45990
24766 37862
19260 29133
26689 99410
16852 55355
1593 30048
29395 79346
17240 27817
19010 53338
10597 97683
12797 83694
2108 43045
35031 54467
5051 92941
42113 98352
54222 77343
53268 77063
33980 41694
2777 79785
74554 81192
44950 55106
7948 35784
53208 79288
12039 40580
41828 47192
7390 86997
9343 35414
96386 98820
19293 48267
3235 92852
75416 76749
77958 90055
4669 77183
23930 69219
77536 98827
31966 45187
5724 40431
12224 44570
33836 60479
63308 76928
53673 95229
19671 53237
26990 97744
9653 33433
45526 93985
25866 39058
24443 98969
21482 36512
29404 34982
74084 87504
34522 93733
24750 73145
15516 82728
38169 68851
71220 90309
12853 55003
26808 50117
23313 86837
17133 47792
11824 23169
51298 87571
33719 95038
49204 50416
22964 48612
43712 92193
45843 62099
12809 60709
36040 79400
9730 40230
32004 86354
2724 89461
7896 28037
2860 7170
51890 72713
62819 95628
64277 75398
1940 72954
9381 74231
57881 74275
2470 21592
44764 86101
21745 59000
33525 90081
34974 94015
44352 62425
8294 93463
34215 84101
30413 31121
20679 36035
50662 52407
63992 81693
35576 84256
945 13602
32673 93216
24641 39531
56409 87517
34717 66802
8898 52742
16513 35468
90640 99646
42981 60753
8431 38361
7478 82998
6464 40437
67282 99841
74131 74181
13142 69419
11332 93144
28779 60883
31557 70505
42740 68375
14940 91779
10516 83986
9032 37409
9557 32025
26875 39540
45326 70880
74512 75437
11767 27597
23164 72164
6219 34373
39700 96442
13260 66738
36519 60859
17419 52283
86901 96387
23804 66837
79262 93820
15918 24512
21450 71390
5209 11757
45914 57928
52455 63895
52804 80442
17659 56711
12751 98534
10290 51040
664 74861
49342 68043
54916 60783
18833 39218
3114 17273
29189 40861
59649 60552
40561 87760
1721 84926
25025 32858
37921 95002
25704 91474
40730 50733
2570 26984
75284 93957
56827 57886
45891 60592
68253 84271
44508 87903
18776 56928
56393 61515
57534 76777
7558 44251
500 27180
7886 35186
45757 59968
15240 35583
34698 58836
23243 34434
25552 51230
94401 99456
52145 83043
59845 78385
62821 77123
829 35790
3169 73249
45005 52042
79822 84466
24264 98234
30870 70903
28491 31499
51248 87993
5286 49162
37707 43563
18286 34091
30907 58408
3960 38200
14584 67255
17257 33197
26161 86157
23333 97208
51724 57653
23488 94911
63856 90329
7333 55776
90566 92387
39427 91557
29628 48583
18813 93752
33490 54734
87632 88323
71528 90493
33888 34554
39029 47198
46863 98814
6387 44673
3788 78840
5836 15417
83990 98211
17056 70932
53198 67523
22161 51187
31288 78382
38071 49382
43022 58399
44656 82566
9563 20922
21048 37814
40132 88547
41118 66221
35853 48257
8211 68361
965 20450
90673 94376
18847 51247
64211 77908
50221 58344
5377 32107
22694 72819
19723 80867
36407 85237
82670 84996
30029 90634
81087 91232
4154 78000
20227 49155
29069 58251
92470 95449
53215 55075
17804 24132
72204 98744
27015 39148
27293 51018
1599 86238
34187 46198
69014 81714
19785 23640
7249 9127
32326 96786
27971 93538
33437 61259
22407 44353
82402 91618
17002 72134
57619 66888
49538 57941
12636 90639
75595 80967
15622 76007
9782 56336
14042 99746
69455 98227
44963 77401
17035 29888
10713 47605
29683 82143
33502 77520
56258 93601
10332 96446
54954 80332
38452 99827
34648 45972
8854 14376
11434 20659
24605 78519
21115 32673
11756 68605
69801 88661
3790 10594
25553 56301
62850 93609
9995 41621
48548 82560
25525 87568
14193 39373
21324 80660
7496 81256
19494 30341
35311 53762
11571 55449
72298 79939
7054 85123
36443 55231
17045 89437
71953 75964
87430 93839
8762 94869
64737 96611
59907 93069
26403 44487
64790 89618
57232 65062
11639 61352
11554 88531
47349 82816
70573 80738
14265 45741
40142 42869
69104 80943
53348 95020
52773 93182
26999 58700
39071 41738
58328 78640
42114 84613
42235 98637
28022 48546
78135 94796
57901 78777
4212 93624
77404 83172
26297 71748
37703 61494
3823 57266
6187 44495
78589 82836
67031 96997
47259 66637
30979 37368
2604 43900
65175 76332
31502 60062
36262 36864
52234 65581
12279 92055
68007 75368
36281 54850
8319 63964
12218 44992
52585 65081
66260 74219
86204 89917
59782 85899
26149 76659
28948 67386
19191 31758
23793 51618
48277 77342
60958 95466
43986 51054
58386 67689
8912 87642
46927 52227
6671 87110
18311 43750
6967 80315
99302 99652
13630 85047
36792 48757
36822 50449
64195 91737
10124 76007
51040 97047
12324 30759
49382 50626
42500 71675
6826 8128
20712 94452
72886 95236
51060 63133
44104 48282
26436 39772
24238 97125
6210 68188
29312 78507
30784 74830
11051 34267
34394 51378
23591 88854
83165 84062
10291 66037
53376 65779
14723 56623
1807 30375
79790 86608
69797 75802
24985 46513
2832 7628
97013 99271
2791 36188
11649 15953
34964 88873
16467 28115
51656 63854
40539 66501
15371 32058
70313 80711
12092 25997
30675 46293
21674 70347
32840 80739
18252 24372
57228 97428
24939 46006
2979 67341
59423 92482
69128 89577
59138 91730
23444 95798
12219 59000
47486 78919
13059 66225
83069 86658
17967 64489
39495 68677
18807 90727
17392 96357
9023 46961
55555 85610
11860 95196
36854 94384
37188 53624
6038 86404
2575 36385
78035 98897
361 82119
32300 46326
73269 95811
37119 43758
19944 98956
5323 68035
20467 79682
9942 69200
93345 99860
1457 3111
18062 94941
70763 84136
22716 75640
45934 95112
20989 93269
10415 58210
36156 53440
59243 71877
32693 90860
64283 71771
16121 50319
16713 81244
76975 99407
9603 74710
949 50996
63010 83177
7589 54753
10184 60415
57120 86336
74003 96926
33697 34602
33073 44886
67149 84311
26887 43372
63667 72553
14694 55496
39665 86880
36651 80736
74795 87727
31373 68543
34710 60687
57316 87321
22223 63209
13897 94756
796 69390
39031 79543
36025 82822
59481 66840
49586 64925
57203 81895
37029 57617
23636 32875
5625 40383
5754 46298
7110 99837
2936 49358
40583 66949
42087 76854
38725 42499
61309 86330
7576 38613
44244 83793
6814 62292
22970 47541
72788 95605
6361 12834
14302 80283
68853 82260
95285 98243
3808 14655
11487 71258
3330 71688
16093 68396
83352 92017
22071 46096
46788 47976
16165 84145
14099 72027
57590 84733
58660 66793
61285 87827
26817 66482
41597 96828
89049 98444
33148 89319
2725 14004
12868 70004
20747 71581
94410 97922
19036 40136
41606 52963
18520 58557
37893 45956
86 56597
28097 46293
6024 23408
47004 66446
18056 66745
23499 41699
43135 48466
32682 52357
65540 65812
4026 94077
65021 77040
42959 80870
52049 93366
15390 56717
58653 63509
28639 57950
31609 39800
4606 13979
44852 98760
15496 99225
33047 99939
19054 40008
24245 90883
54919 73517
88654 90494
49455 65543
40298 65418
41841 73355
81070 98164
58085 98787
2321 24208
48902 68739
26138 60895
57650 98371
86347 93998
29977 74432
19208 31771
68575 95974
34448 88040
54823 84966
20688 79566
1980 82927
8352 80834
23860 25682
2438 78703
17502 45940
47319 83911
70098 94339
8158 94048
13780 94095
3393 4754
23965 66324
70781 78204
36722 65577
11855 44565
80105 87632
61500 88970
81568 97783
46887 61949
5514 6795
5841 72318
48322 68542
18158 76469
44250 65977
68966 88607
48998 75533
79492 84611
13104 40670
15547 95445
672 93506
2558 98818
71526 77843
4820 8676
27018 81315
10850 50967
69728 79188
87059 88816
52676 91101
41083 77764
33052 64834
21342 89574
10841 87765
7414 13075
28094 56908
3278 70390
41126 98750
27735 86409
37947 54476
54965 66112
17531 46470
56777 91076
18228 50068
13657 75537
20220 31542
10307 34630
34449 73359
5907 79650
41796 54630
24118 43966
3359 36141
50410 57046
12494 92734
23068 97102
36287 53183
25950 37331
10629 45814
77909 78140
1011 56145
71232 91749
47999 54482
24678 95263
55056 58183
51695 90314
18616 75702
35788 88522
68990 78462
48944 79359
59982 78467
18661 90300
24990 28359
78189 97384
81106 96726
10866 26741
23612 32223
60054 93097
29940 83424
36817 62246
42356 64531
14856 56509
17091 91395
35463 41248
14815 92016
63576 89569
34104 75501
4996 71991
16510 84547
35871 69050
57446 90034
7931 58520
6311 73004
33668 45819
8159 65273
20704 27234
65866 68837
4122 79062
14537 45180
15172 96135
73252 90279
155 13018
69103 94867
15517 70688
55378 91796
6934 36485
19219 82065
14041 91585
15001 28555
10469 61002
21144 63616
45243 58474
52068 77860
82069 85938
7916 49152
2869 78054
28054 92834
3422 25826
8701 48065
16160 42722
19643 92025
37215 62077
1239 29585
24708 52021
57219 97413
53965 58361
47087 70873
6160 24217
36438 91998
10129 58430
35955 82048
30071 84692
56554 75153
53853 76587
24747 74134
18252 62087
69240 80286
21872 98160
19098 69426
64714 99585
8167 19945
42179 64763
6548 89270
49849 95572
27289 29001
107 15404
3832 13564
24516 72509
19808 38754
9007 90357
27227 86635
12617 95726
28436 56325
12491 42141
49653 88738
75970 92486
36228 51875
5916 61215
29559 82361
57919 96776
14166 89877
19461 71266
33415 87573
83277 83969
22821 47778
68305 84073
65539 68210
7545 80898
13235 44063
37585 54118
11750 74936
86026 89501
13423 84361
12662 95405
7561 77646
51005 56160
11236 43114
58927 94592
37923 55278
44639 58629
31201 90107
20075 72200
1244 23373
20945 23959
26684 77133
22223 73271
87283 90310
10004 41657
14473 48318
56774 72981
51193 67806
82057 84485
41477 85791
14348 86063
50297 52911
21951 32551
50178 72517
9479 18861
1118 95529
75587 95331
47618 95712
37792 85464
21738 61763
39459 68750
42273 66995
53953 57917
60724 80181
52229 91339
13511 85135
78163 82622
42320 56939
49600 98827
29233 35000
13053 78518
12805 13149
61801 94973
58594 63894
40632 79460
19821 35404
19471 38785
17249 47155
5887 53578
18969 56622
11789 36152
74107 95771
80576 88396
15432 68978
21691 74877
51532 70391
6311 20855
22873 79560
16397 76489
7273 49346
29979 50838
15434 96364
38750 60275
14207 76231
20129 80946
48927 95091
308 88609
80190 97105
1250 18444
15171 89383
69979 75475
1402 1880
8299 67344
71495 85430
76797 82958
3536 24943
22062 37261
64443 96544
58554 94102
26261 67017
23273 47216
41971 85260
18501 43965
32182 92347
72435 75107
3885 75257
5702 35977
57482 63538
49799 51306
58234 67317
7613 54033
3816 12983
32315 48495
3419 63302
2221 79523
40953 85426
5187 75502
19105 95163
46226 93140
55371 86776
46870 97364
26149 78818
24896 45508
14897 68964
40561 98701
8228 98227
49259 65338
6088 24228
12406 93376
225 90642
75387 92966
22196 49304
30225 83509
79798 94701
26606 63218
17667 64482
15241 25158
34984 51042
3118 54908
3004 91844
25155 69052
64085 72732
37995 59121
18038 60498
11681 54896
7857 22938
57500 72146
21553 29248
29385 67589
7929 62459
70728 83835
9533 71830
22635 25920
20069 90726
13706 73038
44758 58528
18607 28847
2323 30464
41143 70369
47534 88051
27887 82257
13819 52790
55560 62919
32355 51774
74589 75708
53317 76260
12157 67487
12797 19749
40776 76842
10584 86843
16749 94173
17490 52290
18109 53711
28027 98155
43107 73813
27264 28318
11491 34790
786 24570
46135 66276
58899 82137
14434 34095
41141 96781
34391 94632
4959 21504
41202 57819
50229 59129
55470 73201
21408 50006
55181 94205
871 41637
32727 72670
16442 27734
41249 53782
79011 86273
31286 34209
8079 83426
65229 87869
65235 71159
29890 43442
6056 84403
21821 33066
23916 57334
71744 77927
7991 56806
13850 74313
12661 42669
1453 25554
20441 81767
39685 67366
72902 80973
3586 32362
73608 92104
10028 45846
42045 50739
15708 36266
3371 60279
69261 71078
9582 35897
41667 72064
23298 40605
39178 68577
42397 53630
26498 32876
30492 43753
38734 74652
4049 80487
63765 68055
13657 57776
26114 27419
81748 93421
25658 72670
22804 53717
58413 88452
15071 95576
83598 90774
4346 93459
37327 51000
39704 84611
4674 61319
53056 83388
49913 59735
30803 93631
7682 13806
34733 45303
43693 94246
10887 27323
78012 84187
11816 91285
68211 78533
67936 91023
58476 78067
34188 85230
14855 58454
847 49568
4066 68789
36591 62195
11390 83748
21453 40039
49563 52364
26541 77448
56505 66876
38728 57319
82325 91345
48774 84012
18062 24700
65404 70322
6575 7770
45812 97864
33020 39951
45893 93739
23921 41073
22008 92799
57603 75623
11456 37592
80418 91482
35033 82735
354 81124
50896 90823
14129 69967
644 36026
65497 66784
7835 83417
42101 73925
12450 16107
28596 40093
79 29050
26262 77881
27403 97726
48354 66185
33852 41892
56573 95596
26173 75990
25180 83789
40727 91795
18881 81351
32228 34881
28765 44342
48139 53614
58839 83464
25637 79585
42940 70409
27535 32066
70180 71834
57157 85935
8211 97495
43980 53030
45445 76749
77161 99509
84050 86600
33513 33885
88394 90399
79594 93452
29138 99922
19952 25128
10355 18083
40299 93254
49133 63514
6208 53164
8554 39919
69865 92086
31956 76577
44664 90325
7205 53783
3766 4623
1845 15159
71478 84917
2253 46916
49525 76194
48689 91105
38746 44259
8032 89895
86175 93130
17022 97642
37797 81400
43959 97361
41759 84357
30184 85850
34605 40034
72864 90684
61786 82799
7102 98683
54443 63443
7138 88728
9423 72473
59646 81448
40245 87804
80575 82638
45702 56237
18111 91841
64371 85156
15876 47970
18744 19464
18378 33714
22966 76032
53352 82519
52650 55810
57592 69602
24200 25011
51860 79766
86282 99556
77523 79481
1299 48185
28373 58024
53338 74486
1046 26377
86330 94305
24216 86498
21437 82505
8242 25892
57208 73040
16611 46697
30883 72313
39067 87229
4789 91699
40577 65030
26006 71780
67384 81151
47814 65305
1166 91804
6005 27987
60596 62587
7660 43398
29932 74836
63206 76052
61266 69180
33926 71207
86032 89911
84652 91022
19632 51803
18671 48816
74286 92124
57009 85387
15886 86324
63624 91237
20254 93329
10922 69032
81230 84094
14881 95545
22283 62703
48573 98953
24034 34916
24113 60854
49300 60529
51502 73737
67975 71048
8650 22182
51016 87934
7656 73292
72484 93019
413 21188
46770 48212
64654 68959
536 16648
4729 86548
15651 58294
29603 47454
32539 75228
19305 59398
74608 92455
34158 85236
7959 18029
70252 88394
21124 86004
21061 67872
74371 80337
9575 35545
10237 85426
11219 56836
40924 62092
13260 87503
47333 58177
39 4194
58202 67446
13690 34279
33259 84499
26349 66339
31521 52958
39769 72718
24867 34899
39547 45171
19770 64548
52230 71255
91144 95701
12357 88340
68276 89345
74905 80908
39351 70713
54942 83800
75505 79845
7318 96891
48793 93354
41436 91813
44392 73838
51730 56505
4561 7592
34926 69285
30139 90021
40769 84759
1204 47743
5507 92542
57868 62998
74113 78119
26805 96465
9030 66064
87403 97617
32902 63681
19350 57753
16884 69893
21016 62531
14734 33213
78058 96414
33444 77907
65700 83299
78440 97370
44256 90311
2520 66695
7460 89743
57894 59237
72343 87667
2999 29625
16428 97234
11788 63393
25537 91069
13399 46608
41089 96192
30660 62365
27556 91978
26521 36430
68015 89407
12857 84027
66226 96580
22698 71854
14610 45605
67342 87734
4119 40707
44249 70657
200 70287
31108 80786
20982 23611
17170 32328
69840 70757
66636 71167
11136 68929
57102 90826
1564 53658
48517 85327
6427 20153
6669 89670
28598 40395
24837 93353
30573 35040
8067 79878
57569 66228
14123 38468
11767 61269
11407 60388
22452 49385
93710 94856
29931 46885
21926 67148
192 38409
16438 79189
79927 85430
82456 96572
28730 53683
3227 21991
37501 70461
3209 40888
65985 93522
41436 67810
14489 87991
11757 97647
1486 89825
32676 79644
34491 79479
9753 66076
19643 24378
39936 42426
83266 98846
35047 41135
19715 45347
29511 76892
82772 98295
24272 80947
31194 66386
9688 35582
14095 85610
37962 92235
15800 41172
54502 83034
3991 4355
14783 90627
51740 60849
29 63077
2416 7771
10340 82817
50656 52637
24159 43252
36563 90866
30916 89833
67009 69686
62823 85703
36057 87376
57492 82728
37377 80304
32282 49911
37387 50957
13752 23961
3512 40569
18810 31818
48666 98700
94620 97409
22657 98072
25569 42277
10389 35374
1225 3833
30363 92065
39532 80222
61111 98133
33975 62216
1102 27086
23126 79685
14612 29358
45177 86850
76661 98588
15368 17494
81488 86376
25407 26485
10355 44009
20435 42163
49295 84836
39068 92866
56361 90433
11940 36516
67898 79938
31844 94600
28575 85100
40865 53565
59829 98383
15180 21844
29153 59299
13765 40047
27953 48691
3087 81968
89906 95849
452 84355
44 52080
76369 95682
67889 80789
70596 71215
59839 76516
85540 87716
24041 47322
17204 20790
51960 68525
60285 80328
31552 81713
46087 98507
45811 67138
2963 31654
4249 24597
44335 90652
25408 25503
21431 83135
56238 99257
33979 68214
527 65701
40278 62776
30306 38049
78999 90893
73343 85406
22278 28591
25051 29315
11892 82784
76029 82530
16211 39920
769 53283
29380 82766
68413 98097
62881 87137
13827 84708
46883 48558
86434 93374
52616 87699
7327 45056
17631 40450
14002 34596
13101 35915
55427 87553
26560 89195
4665 56157
2300 55123
18888 50667
41728 96162
36412 66480
1502 51005
11742 40455
6693 87727
72043 82688
97713 99302
13749 71267
46433 74375
56733 81609
42593 74569
23987 33381
40232 41921
52798 59903
47855 57897
76857 87919
16144 97708
24750 64718
22476 88783
7683 40253
18280 36951
14413 21361
33429 42967
22925 31227
85651 93344
83628 96630
27666 98934
64683 87889
1023 99267
21990 80722
25113 47977
55591 71297
70373 88798
20769 52902
864 4688
22213 24405
39506 75557
21128 67892
14407 95280
34484 61841
34735 81719
109 48576
17013 88794
35591 62498
53671 65686
24168 88328
399 79577
12133 19014
41968 70279
32206 76453
86563 97730
16186 35693
22885 78471
25270 96441
28795 41661
81844 99293
41585 56266
5017 24689
16192 32702
33391 90989
46597 95246
36417 40110
9013 85877
14623 92186
74720 83476
3271 31297
86847 88477
82980 93244
847 41436
1025 30137
17034 99106
32035 85154
32488 99601
6443 90906
3835 53548
9865 46453
14517 98820
22481 83910
34926 80848
67853 71332
46803 98006
27576 56251
22479 76061
2922 9676
5075 22128
8291 51995
10535 57437
65128 69760
24577 64191
21732 36260
54935 98323
31883 60490
40189 45166
81893 82681
37342 88391
37288 90472
6854 91856
6705 77221
77889 89774
1245 40806
7894 24854
53737 84489
346 26246
23064 31512
10160 53902
249 88054
66962 97819
70470 87923
38552 49269
26723 32340
23458 29823
48731 91497
16876 45073
32308 93985
57256 74742
3394 51564
57226 75616
42278 49534
90929 98328
42066 83841
37973 61496
77199 96099
6120 34308
63206 66769
21266 57449
12148 71984
434 94996
45483 51096
6026 86171
20997 93773
68787 89601
60957 73840
55361 85839
16340 25257
80891 93959
13239 15098
13730 43698
20304 66993
50658 81780
32075 79323
30919 42003
38321 51513
46464 90191
63384 82073
66409 92741
7621 42163
32240 82476
39270 45003
30210 88557
31315 99938
7256 59947
55037 91421
80183 95843
67979 75439
93385 94142
72060 74386
27841 76193
10092 10996
8202 53839
41571 66220
27551 30543
37502 86169
65210 86399
58470 76554
55276 97002
1588 94449
46931 47965
18204 54176
15444 71799
9176 89811
15564 86626
70067 72248
26582 57161
71177 76267
34498 99389
14455 69682
48916 99768
15204 38016
37477 67008
8725 64464
48512 49894
12273 67948
45121 72403
25625 73801
10747 27799
5624 23092
24674 93156
20726 41250
8917 73615
65719 99511
16742 72555
98948 99188
70251 70503
3771 82920
15241 92727
35081 61532
31890 92722
62840 70935
7534 22950
32972 33703
32884 45829
60893 97499
9524 68852
25737 64459
49496 60797
10714 78006
72983 93421
50572 79943
31269 31418
15287 35767
28929 96670
7410 85819
43587 46041
61733 84001
16254 82030
14472 36683
22877 93195
8937 77881
7899 55221
36027 65959
66804 88512
40847 89995
45307 97442
55507 82039
79106 86528
24833 26289
40627 62960
7007 63793
3469 30232
5914 98178
15828 19431
17544 70890
63539 70552
23750 54828
39944 69059
24315 51784
2913 13614
59179 70530
84139 95814
70175 94481
57780 85489
45704 87243
10286 27353
26938 70986
8871 39140
71059 98526
44945 67803
30579 31757
34674 37065
29346 50857
11274 90423
41717 87743
16978 19713
34279 44491
13636 76888
1651 19581
20702 50256
28349 55603
85520 85573
55574 78705
11509 25999
16322 50886
21298 42581
45575 51147
7684 50612
4334 54892
34903 42355
4792 42901
13401 37289
48153 98632
65848 85965
69829 76621
25159 26604
35667 35679
27996 47162
18205 71130
39448 88488
36290 71861
3057 89969
58929 96193
61011 64866
25211 84070
2633 21146
53271 91139
16406 23956
24986 31574
49313 55850
82956 90830
30319 53662
64155 66139
21348 91074
22799 73230
37718 40683
11249 64028
79236 85430
52181 80823
63613 75790
9791 53894
56518 61634
16004 63298
74841 80997
18548 26119
19113 68433
32778 80386
6001 67561
31902 59324
47558 69994
90959 98453
28500 48727
49639 97418
50490 57397
12624 54765
46626 69458
14105 67394
9461 59900
20009 85627
2445 85212
25400 98797
32588 82928
745 33123
69468 79860
7717 95863
18421 93162
17340 22629
19073 61337
63081 64158
63713 85940
8868 41597
49996 57849
38584 61795
52250 55226
32217 66112
5561 72577
68295 97267
4014 73890
25499 57961
904 15619
6551 14908
56050 98774
41684 56174
81025 85930
48070 95602
33091 53174
40834 76170
7858 84855
71966 93441
6869 52288
31649 81274
15021 53587
14272 76714
46815 98721
22267 99172
33209 35591
42265 58444
25674 89267
68175 80614
28097 35994
11405 92829
26241 26467
19498 92833
84459 98783
47428 91581
7674 51921
49208 80454
8780 10657
59853 69459
12967 40388
78624 86096
61035 91029
13371 66582
29788 43911
64025 96598
27613 83288
11925 73187
17652 68312
44457 81805
63225 93158
56751 83383
73792 83747
24850 86760
51073 53702
3406 64684
40179 53613
11428 71069
19291 65940
27916 68294
78279 93344
40280 75378
20633 64643
70668 80751
41828 91085
22731 37565
13987 34243
83099 95403
57293 87196
16899 86807
19860 74254
33028 50524
77657 92564
45463 73871
17209 26639
15251 21829
49809 65751
2935 12162
41102 81372
46829 78895
25928 58681
15132 26918
40 96552
11912 82273
92174 98450
10135 42237
52056 74787
957 7616
406 37769
51394 68822
38115 60806
84479 95545
25530 66089
60620 73815
10022 45778
37730 75616
8673 12924
51025 76735
23868 46656
49687 56956
27155 81253
73269 89244
76916 90894
7241 12483
97603 98569
49996 52971
51701 61860
9521 13417
48801 95460
23729 76478
11983 98405
4905 42079
43628 43707
57049 86971
51874 64966
12695 15429
12697 60335
6701 34632
41555 99071
27606 66561
36348 52845
11347 80262
15017 97530
26911 35404
41647 79555
38309 51091
61016 71296
40168 93586
50085 50685
35060 45613
19288 99451
63205 70840
48663 57930
3913 70935
60254 68257
61980 65461
61178 87484
3161 92465
10477 38539
52529 90641
36853 76855
61594 83510
895 13203
41454 55392
46664 92616
62154 90867
16335 47393
45569 63132
20565 37597
1261 79089
5448 66446
7590 24300
34575 63626
28773 90170
30953 84553
8482 63532
52033 94412
21191 46650
32561 37773
36343 93663
42128 45723
33818 65924
30875 43515
3553 23578
10527 74198
8613 29138
53182 97095
18044 67127
5272 65184
9930 88533
22109 23141
67272 78117
4009 76741
29095 46936
61189 91534
50088 66174
8317 92488
44886 98768
8181 70503
4461 76326
64593 75871
2360 18582
54459 72160
26370 62287
82677 98664
14355 71462
18942 53571
35424 64245
17804 34452
22160 37834
61761 93050
35081 95200
76756 95581
71472 97060
28028 30014
11070 61542
56655 77651
44720 93156
14380 90413
28818 35391
67401 98044
49042 72969
25659 49947
26765 27707
51852 57070
34325 46032
93394 93613
19310 36204
27524 73307
9625 80690
61589 99122
35389 80697
68615 72164
21395 78682
41510 67572
28485 34304
13092 34654
39870 76826
80814 98801
10507 98219
81576 84508
76130 99502
65045 72577
1124 69622
67267 96491
24209 77992
68390 94758
36949 87638
41775 85154
83313 98378
19730 96536
570 98546
93595 94245
24126 82855
58856 97585
13850 59918
16739 79744
27195 58782
12740 17544
3911 64701
31140 64373
55384 84995
10440 63195
4808 89133
20587 92512
18094 94167
9225 54958
959 51171
24465 71777
24020 96037
34016 96760
57796 94925
55311 78025
20848 94607
14400 16988
11334 83156
59017 72130
17377 58104
56793 94512
4987 25696
7619 59561
64146 70742
17337 80662
27796 47686
52825 98771
9182 95077
29553 81895
27957 59342
10124 68290
62283 64232
14930 27538
6148 24038
26795 28726
85347 86643
59798 88011
39179 60051
18357 66118
3317 21486
51995 54696
41918 57474
71281 92034
15193 81862
47547 94812
41460 58944
1298 25081
11111 28823
24452 39296
25340 58860
11311 77685
10786 88365
4306 72802
7145 51373
40057 82239
21650 73612
12286 54027
28177 86022
7035 56258
46826 84673
41677 57230
14057 52748
56692 86578
76559 87446
58571 78936
18232 38831
27905 84610
36430 86392
56781 93220
83493 92541
15761 94107
97327 99563
20479 80893
26809 69415
19356 19559
10763 91971
21079 99493
64302 92447
5991 96110
61671 74154
67419 68966
73959 96750
27260 50068
7976 73615
54876 75750
33932 86998
44183 80293
19073 70712
53687 85971
33208 58878
5962 8992
22756 59736
45612 76280
25721 88515
37980 83625
7361 23623
24053 43317
8465 65730
5172 81350
13945 33291
