100
98
597588109 980858811 339499390 205935275 572115464 498821971 168408754 420156253 140601445 575015964 163133055 607824592 503014945 811035395 611902821 185230105 403989515 336195495 225266341 834776801 554021549 481512196 160000826 513757906 57081402 350592032 97251531 203351897 292362266 768724849 885779696 923712052 273468691 241164629 399268056 508408761 60961646 242015331 147023480 636802200 363661514 786141083 415579907 912229523 47254373 63868295 792429529 116957926 110327954 418479948 741393489 408296054 206371063 123105576 43666785 393983747 506773292 115890566 488931293 21361611 951288830 147970002 475248458 820824296 317508981 537711152 580225475 83536122 282834786 877777619 994947823 484426221 293078450 557120169 401130474 471616621 384806473 945100940 599119066 585205707 7850246 511883568 15387623 379225662 76716137 696219705 344207971 831740299 566086266 431413993 541034858 98741704 896550594 593156357 356994310 188694858 78327198 104569756
94
566642340 159614967 741808037 786634286 78059211 362421847 223613683 335070502 71426148 88718160 176911781 584994176 521747433 510364603 645994896 180599624 426687494 320906337 56530056 713564540 928925750 423304860 953748045 775331914 209277863 768780919 698784756 1315048 452089961 959720740 131661507 472933598 298264641 196497795 88474329 717418284 326134125 776213949 733655475 174567021 315767063 813866434 147179540 446161879 242698770 392774332 798324438 343714273 156085075 221856899 735375689 692005004 283226031 390113377 452461143 16050283 816876967 13285930 273343487 856606107 71711654 656806958 931976349 507656104 343689261 884386604 741410362 566682129 600092577 998400651 593366964 91898482 491191942 243834623 323498033 441282999 403251373 33677419 45143022 421731119 723269142 159564072 318770811 227442192 950847996 331517034 839447419 409039936 224972128 692707545 147134219 19477746 53066621 428611413
94
205123815 438587757 767172914 915636152 556996726 643621212 618284328 614633330 815154411 639777253 757916644 642005140 532568144 785586274 909356541 483310740 319303412 583427415 622338178 498535141 385072904 606075168 803506213 626071699 434674601 329230838 430287347 593950688 685374546 495913094 556997919 984250081 743882375 329469302 245886114 615258428 552060249 511029049 698904740 448264169 585108489 690798769 742361219 585518788 544649984 886424917 873460407 447443452 179937512 218517303 532945593 791868076 784327180 752048560 519545474 423777706 634677446 764125837 533659132 389088597 317580745 183769515 376671293 843905982 840976118 548232153 521169859 545348009 500797340 315688655 230830286 284532810 324416348 684549915 738660281 502158687 464088185 319378060 444908497 766841672 788180491 440774755 426874156 862639135 713190572 679571978 724690505 585615168 543291653 717735711 538257324 367122825 559681137 243689382
94
281552541 332393130 268009434 669404650 768698448 650317760 555671842 528349866 678445346 646726285 354401998 482641861 823434053 772043925 380963114 370660401 552514520 637469742 697944562 327023543 255719211 259558416 198892233 269209924 295791022 281926209 494578722 649993141 273822399 301341150 669362102 515437522 237395192 316575734 442682122 332069174 111379962 212679861 345649271 580582116 849319282 837077230 554532089 447715481 608770472 636368545 674367296 625463044 402862905 244481014 398591005 371727940 108846858 250597033 333604390 491406362 728599626 564980147 339312443 182574469 276316060 475473739 628562918 408905982 67000164 151098541 319743830 389745375 359015442 398820017 718648481 583569819 426741937 739835239 695232163 460553476 320726015 240463259 493239514 651392363 751045603 660954403 597750111 549390785 242826867 330864818 531806103 531481424 486664776 506963260 581436360 483597859 366778931 197343701
96
213881657 632370468 736142627 334710914 96572947 319510892 696483201 577880517 351358588 394978819 485653109 546208190 307305517 138278311 257856742 252057001 532347816 697404474 559264483 388662922 286620317 385522956 500841701 786985668 843844849 592877721 359604956 400223282 314202814 349157492 335181061 80656086 261076219 280714445 474238338 881874385 581259569 272077827 640964950 711535889 359640712 301172769 611450601 707207672 521712381 503883131 776631338 820644112 632689104 409671855 165448444 376200846 513832463 319870699 130764359 272115263 493970617 789580786 633238682 614807547 944819248 577879731 184580195 556429370 643835302 345962208 505469627 545708374 703321566 914544797 822927953 802808255 518974911 570097324 700159514 508035656 665623252 524962641 356742705 443090369 290980931 470220736 674334492 613601794 689400451 533830648 505689036 475651306 589196398 793075109 433306920 424577594 557394983 582617458 664048413 302949750
98
201871578 276801673 343762458 361620808 245464948 451595251 583404481 573109405 573391663 769317039 910151583 776566104 676353724 822991755 681412830 246521911 148932246 348776809 578118665 775583558 636386117 378210914 673197791 861305187 589101736 233497242 195572341 175127765 242836603 324936207 90804727 62809286 119885930 416253787 712287589 728769819 397344102 467470227 556679938 230122760 212784302 269615506 445434423 529155348 330801256 278740958 530684985 417024943 425171916 806918048 660215566 189989775 12488328 262722532 507325113 711364024 877899511 429723477 220285134 518699377 707035372 683364157 358416633 145197499 155592054 179327494 538104747 889429658 636124874 353810224 464907321 520762850 457850565 344520343 320159063 306655815 412733878 670512797 427311938 123416780 502368208 725951861 288157178 280039325 451278060 432745793 464949474 519036493 423040060 465568434 343892262 339105765 601501099 471953816 652274991 574329973 302371013 167049802
94
893564355 264931167 621255778 826635164 951598336 255883822 211381981 351816983 87614005 870951039 393298625 180015307 461542276 966040703 825554844 261683507 401597915 21686911 464060357 806253311 94574890 369748047 192556797 870422214 279327245 434236189 278040955 415221097 362994796 119630954 227119583 326076095 47427484 917419926 326471873 170225046 499632615 137549808 211561238 393963896 528303818 446431250 23075366 167916800 661732008 415545232 926254217 945822309 476484548 51747650 97167 52152100 453212361 795155853 170629310 103705704 460826220 410950752 370092864 799384453 204666516 497803002 733133579 713184681 659724957 71121025 821405795 552244648 820301019 930307490 161428770 961982860 366518601 308544105 630788241 781750764 936068491 129238334 836520698 274399384 790598338 487099149 933242088 829020074 831920184 387090394 98648391 495931910 495012500 853908536 258015356 132866246 546963162 39822848
98
116200162 399116701 573527524 370340933 326394181 696207715 523200647 266739159 702486818 974516809 937583448 590898460 500193879 873203822 669154049 238886642 147008483 342211113 389507851 256152726 530346438 495286677 423642586 365152579 255744381 570774372 661863962 348517102 386522344 408577329 411138984 366891713 54815085 111241939 256950515 523560396 623214522 783251053 876519444 420896917 337955525 378794746 244732630 417343770 334418159 565928050 909065760 431780405 216238345 235371170 136233896 125920815 81962195 258735816 454685540 749475698 553918851 395539627 746037106 644023378 278771042 542007355 740926474 508096668 358008397 285303114 512548533 745965158 706054013 466850470 352022884 271856569 281759163 299279413 557457552 723459056 660477596 720602472 392771730 255882400 507135586 547730329 387238165 323739045 351789889 467399539 803902811 642931890 587448156 725192015 519948460 549209098 373748708 107577902 115791870 317817425 392272723 155099512
92
26342398 270999613 610861553 475449610 106827819 387337932 517136192 250349504 67888187 178563706 488910514 404135674 270604516 590374475 646466708 556322655 771158551 619639747 440967860 390404540 113020151 159694884 249164865 510723079 810796733 359457970 238617732 366147289 514318238 638479636 598625436 636976095 431746241 216159435 70413187 305419595 630646018 750931570 641664675 513122274 539509863 243346410 271708228 715411761 488860301 464310920 391159396 84188419 312547852 232353183 431964986 432678876 367607922 706788097 465656657 249018737 329408854 338808031 420199828 342782584 274164304 215155401 453855872 861488657 877574186 704829184 637404361 408000178 284925272 220912040 305904340 792556964 846713579 538676318 572408359 556986880 429095096 401529067 153045280 183819110 570775920 808935312 374543634 33556796 199116015 357100052 462309761 479286433 229817528 258464891 404723687 129505071
94
388377747 693860090 545899024 659211530 583733361 477425310 406213768 151645274 211994893 607222967 492617660 231164059 120618664 361389485 451591266 398561104 531875420 312796480 557752701 505124813 421820980 440735358 155957806 167175393 412829936 765212368 737599279 733820418 574142309 386886015 499562996 520598810 459526382 611384842 565610367 350288989 564334454 470748965 482451509 709197067 535373067 305887607 427483706 477175753 553715211 442771327 126517281 185407078 488649303 578276180 506367729 687175621 609629364 463237916 548755699 271705158 252841869 325713360 189140582 304218498 238235166 159472213 189914593 246759907 545430119 666466648 498775051 287977909 162632298 141561645 94205938 225423892 525099452 414798035 399791376 798007745 681104933 662502972 880775471 894166042 494666872 334923482 299883608 377274726 355219905 181585484 626174748 588967185 326723946 595222551 462385557 391096013 768649132 390428214
98
793433717 0 5494975 118392299 491957812 598959267 529107377 425273261 159463479 533172927 932667746 862051897 636600362 222234385 130799792 168032266 221903582 226519933 516423960 590224105 140823367 498174972 486205841 105735561 592685476 884288488 580291391 253578339 391182199 768512945 508416186 242924422 353536952 220613423 92858931 412726115 695164537 666727505 454165072 344929543 676643352 543510122 235172011 240045965 173301813 401611417 445309989 221633287 276499116 465161507 621564133 786247086 533080926 81565061 364598202 719917389 597107617 305961840 311899004 509207269 707354348 529637150 141534920 440620068 513170365 381706683 656068935 546598620 576587951 519274060 295794328 432027355 258202715 236215867 554411114 410652825 413406629 434589804 234157223 629894577 810177727 389597975 101478093 133348681 443108471 514297407 409796538 718471727 949283582 947785792 512688166 193554163 620140999 517213672 268963421 287488617 113900975 54244061
96
166671010 405414604 338747643 463873800 521282403 225920774 223615810 622546435 733373901 533592048 503582754 526276346 436424416 424523940 516002180 255082972 186469210 428295094 471029359 234599967 348262202 495580763 383448804 439307556 388879557 524384233 400389933 421972962 709127221 529706373 485994717 774673482 547851023 433680875 716882810 689615457 433523586 391569461 396576094 139983597 37719639 60565978 409080162 451951678 111798708 330583029 318685499 339536001 757824841 521715451 155965388 120734731 201867392 245249425 330669277 560890586 787599456 744282497 401756545 304108752 322571295 180246200 432423586 675289058 724554627 805955861 617173228 248993172 262106099 244624065 360804011 540351317 502845981 621896511 704552783 799878382 504556716 488053362 547839498 408687429 712511410 704047519 498550719 396181123 524374733 822800504 465955162 230544664 625778529 507122888 387123480 520351388 425328809 613006105 504827493 96731284
96
363451572 0 40004456 208408108 291832533 458227855 734385862 592104215 587308540 535703658 167307053 403907643 811130713 467793057 352372395 745310149 906249706 840888572 536739634 579241493 841811394 644359266 470475195 736123768 770140586 465595180 203367772 117495693 102895073 515036769 907284078 430618875 253986920 497941939 706300756 635553963 336323535 413419057 548697380 324731516 96433703 323188337 408161200 205245927 258864824 294752719 529922810 592566864 264964464 572591273 587743316 468461549 422755121 490988331 437531159 298035536 608219381 430002514 167953191 401160780 745719223 518965746 346444048 633502017 873044350 718180721 406074483 507118128 794680691 454313619 50057611 80518757 175371358 605082206 492095123 330013624 480357301 549802891 692077144 428531820 272713406 188075231 273747754 541712605 735578209 600692377 554941339 719875443 375480022 121183722 297711158 553652266 719831041 772573591 643913125 267750766
98
250865590 0 250888020 279110605 152582623 352630073 671808131 832383048 811045231 864195808 838817978 412468654 102024086 369904960 686463761 525761665 390204407 585752233 615082711 446665043 285302689 323835643 300323774 182441537 268969258 557395228 604089138 554827188 662517089 674948802 555021698 390759621 188285141 143332758 359098762 262853229 106064296 279086128 550101741 373556577 43069882 249897492 552253590 710428875 670337492 515502387 629959465 753531944 578683518 312356506 129995370 295549864 267743576 231767002 588108347 687629471 766616111 798613569 502728991 418952577 343031667 424364857 619719669 548245094 568858958 786407725 738402091 518369019 756422732 513112535 320267536 490957846 590183879 415414188 141143178 590479066 620590666 331551663 584344239 875232516 745558194 476867074 614781937 868529756 501385329 382280077 808002802 694663126 256725944 320816816 705012630 810441056 867070665 695478603 452133527 245841853 84375499 71006661
96
835023726 0 209187898 246027372 483695848 589960153 209989189 270116560 673291419 896862641 610696227 251120040 272191530 416420858 594888457 575607925 367908364 461257795 467729514 259560530 267914583 511726264 489003271 467010039 449123236 236481926 396112063 430342388 188414528 383079174 742124279 591618333 395820042 366707341 194023379 131466644 105477005 485988372 743072333 769844225 812564230 720919193 596826044 350003515 156583151 421661893 415948568 287715381 666666648 518374786 266179366 618838441 613697192 309417179 444085208 726374739 633524985 273720776 406728414 387781055 86592506 414847506 712012515 763361396 925070675 463114103 283828854 321828440 167213352 131135961 232541757 500349089 446733950 516521924 475717271 253559352 184279033 552858779 744850084 324787883 493517821 519736022 99603581 125440592 557495592 612637806 616176029 683271955 368144635 477578448 661961912 328959662 18556101 474776331 830153341 357145193
96
226086389 663240679 877278458 502010827 475470371 844069660 800845349 868653680 678595357 535530321 608516572 479832381 847753860 899741994 806185250 843847794 692949175 761483663 892525454 577539787 227243321 439816842 497992323 490365816 817052906 859767129 528400758 316776550 407704566 613431321 744600795 667188672 360818050 530631075 880829829 765123935 620167363 425495659 699787221 893670975 674813327 434542568 507888858 560653799 420980647 534116587 459759530 315012061 483919795 875646252 958350804 606032992 638943098 947985615 751814576 782103603 715705638 628363775 490783392 158080795 366033059 546534152 776207043 872134118 737177134 465138194 422360377 857853253 983051592 824108852 675230197 742992077 636746142 723257807 901159638 736668599 482311611 434855048 394587678 185410151 309660885 732924438 682548413 394054993 532868256 648941596 476231566 575841043 604935593 270977495 378312004 554405690 473039069 313277134 293334378 219426220
94
486516287 802909609 567479570 609887237 661262436 498346265 308972928 368346158 671126170 559366675 397985646 490975339 373583175 178664973 230078970 571641275 659368947 335610261 196949942 427199107 657693391 596814562 565924045 523147407 570908225 634732427 478335443 390897490 654553765 840145658 630543404 665260239 786180511 679401523 541499317 308661981 320071980 578218951 479033466 600756283 788673216 721487494 718307676 643370985 531461548 645928448 454563991 385317676 818763905 906079809 624787604 373488212 354662250 674255144 513166424 452169272 556465700 506438263 673835081 740512252 695108247 436251803 519101433 386921293 284463818 713143229 947022127 778718400 822124860 764217642 647416609 411555033 88889843 479932838 624093190 499759190 564356923 758754164 997628297 949443141 601102096 186419951 48929537 147867289 434074590 591096369 582939250 625944377 611370740 699757421 424743862 422165509 583063134 187204945
96
282047652 616467300 456329378 357849341 316247877 533533987 816263402 692480029 380595942 262706481 267642433 80061157 425618680 515444017 503782767 735046206 462662079 402262175 584179565 675324200 684682606 466381137 531811252 493676817 180322368 490928490 741432703 714506091 591994949 240043801 251992598 673235779 678268602 485598319 594548307 409140350 361441533 505578608 497164168 700531507 801655299 591717941 637834815 635640803 648057592 559393136 270574006 260575340 351221231 621429703 482120929 380305243 422475221 387363191 655221079 846857616 897692819 927017652 933106099 494958583 477051835 768219913 768301558 671831072 438455069 321483489 619852864 632607407 525432605 552397141 412174045 663791257 898874785 660932224 282082103 450057367 759668948 617261950 385948562 191112093 206478700 415022577 612007156 498935670 131086155 311770813 659521741 858634646 758304973 535759170 365377485 463745662 603790529 430438360 187824195 1165448
94
54534511 468235314 405498361 130775147 173327830 320688789 286855861 188184150 624744620 715308699 524331737 487956934 686758276 646590027 391252531 671358621 732073839 633105033 651730175 449730579 174162205 172868959 309603789 365977689 647020531 438224162 309751808 778399379 531513658 442562773 838053600 440756820 404737450 743417086 639633350 576212048 596658125 745545825 740857390 434057936 349362033 646544254 785973667 615410220 542041359 458308302 249234037 445117906 379934663 343880954 381577165 484870049 570585713 343477166 482132846 602101290 554460065 649838959 814762857 512757864 573735096 775272791 427792081 345321783 211195288 199739963 483192650 589207115 748444498 527312665 369644494 292740480 107230099 262990326 534987446 376949514 430746453 660549979 473481184 407411020 505898780 662198146 490565137 179101301 318703393 633285220 816315105 710659542 337537824 223367570 103036247 287763723 640955364 320491119
96
293434967 378970397 783511562 939509114 746654174 531975465 717556281 268377403 922989481 716224159 784711524 839887681 924059191 393169474 52349222 529253474 270822029 762432861 917629256 225039886 750169107 235011836 65159329 674846980 966206467 134456799 524743360 853208643 479021638 227280647 268859481 708016329 553713755 562505385 415139444 589574464 451208280 74082301 551784870 769077455 63439972 930183882 114825592 999197581 128606071 291492976 783699781 939351304 893922858 283036319 246716207 794089852 621056624 4005931 285052424 509806249 927224092 687845603 546651336 756412838 255949676 681553965 420220151 989167558 650761320 971119893 892639710 4578011 259410091 569543280 676592458 293389313 570384226 269718958 314669919 573619990 886310667 672631859 664878061 52482378 492280920 890846152 491158532 879830724 679613625 788967544 410600489 622166872 150795597 469093246 966273549 371725129 127485074 656643640 203951633 354597118
98
27048350 126385080 404634490 724880003 830318638 792482181 533098107 357382535 439440518 392834433 324885113 217795760 307701426 662616835 400502541 382450129 697643816 330600603 118834737 365598445 508959003 539845785 622114985 423925538 139450188 75273608 163244416 326428522 498572560 788048132 894518898 893703708 565867048 423147018 396504810 124411951 127684130 226053656 578129315 446914122 153709342 398965966 760018802 667060077 616972584 584353107 643767844 651119954 635804633 954047300 606174962 615380507 543164621 189759732 232963265 100406979 290513601 646965882 600654231 638805988 501289365 455931294 415241974 191145498 159356798 91902965 387851183 756207715 873555644 887294504 679448104 615425521 721386544 458079310 531392562 720465131 602699540 368102869 468410685 819368318 599634343 412036686 658139175 632551296 405646166 393379338 231957138 39502990 106316486 352078320 695545228 782326494 749920359 844150141 613016094 209539258 41702956 8276134
94
457345142 492564965 145968334 349518924 376641450 138288173 77715148 99842970 81992416 143603196 582224501 946409302 555468323 603657211 939285867 697010412 407320564 628424976 875191274 709515254 466370311 583690834 466875838 297252075 586506948 458866969 332377016 288720415 231567197 152186557 468816067 524785389 521831844 727351922 322456821 121570683 110768116 110594861 372557266 803730389 851996078 422297369 188277475 328941119 454591473 465211781 487179991 413946838 213887693 446137512 435938998 200689885 453373802 553737462 621430673 458027182 411231878 468552576 387853913 577819387 793736495 877311943 783690759 789670983 576509627 219178877 366454579 429064310 462940221 572817841 429648502 225997118 106799983 228083554 507192397 553764074 241026464 498306292 608094638 341214521 225220339 303951937 754557497 659243593 282806543 404396557 534503899 623236273 841856014 762402101 361498743 103108274 135126737 92011018
96
362025063 795913279 698603955 433795773 239547663 368255294 443120913 216310026 519814163 548521667 228528880 377726024 332175606 116865001 426254969 651783737 732253143 860265706 534473558 476507466 642702263 714967684 547494799 293503101 499004682 785133458 468396247 415806640 784405367 616337203 306570777 503973383 410837697 192916202 527515469 637591250 520774339 634169878 747832072 752731551 809724576 782062838 521893561 302095878 635688019 574598156 363840027 448136628 320596015 324558507 516836592 402961190 77132324 172177371 442000555 435049122 406406272 502853645 574787842 559675154 399280671 228943684 407057249 646963273 418282046 450063737 621923715 285269910 13779879 355035574 608425864 681336332 489492257 452502661 597292396 613350557 871879142 458835997 201147921 558406285 521001892 238770388 241974250 297000808 153821701 489122398 490972230 90577594 107312012 451079707 634719537 272946112 284573133 264185802 195533336 168073008
96
209844422 0 151283808 290764515 510468951 446558541 372208975 671023100 704790208 808337638 927416813 852376783 705321953 498546021 591711845 665291364 368528784 184910850 109368614 299017990 764807708 626288398 568583922 531372558 304271606 460177334 496639515 360622751 370117467 501034333 379630151 251608551 304289186 344378764 516177354 712970221 604444133 287946430 90178839 134223674 325355182 463904340 618214498 744217384 455225017 534105811 652487284 249714192 170602126 263753999 327909982 685038141 942981527 588468453 387810936 566117919 433696517 458692201 813057733 592406420 440125315 390213694 291094653 386942100 484385751 354867349 369228826 790963887 665910021 320322552 316493326 702135140 723059207 549777436 582700263 692269140 472101864 81862855 114434337 110118583 403554906 660049633 676234781 422834422 247411732 295877476 331816972 357454446 300952961 692464743 857080657 446950004 210215033 314365031 331398584 142442656
94
378619303 387036095 231953626 604093301 780597105 782461105 566646943 240364324 541858974 705617410 412725613 239031930 264189619 599458409 717408206 673622518 610642779 518223201 497567120 332207356 393825060 632204104 328104762 266248349 307471973 510250200 491190560 126294491 178271987 100832300 387778445 572955624 614617737 536792594 518600912 404069431 128221105 339820825 485524161 695830477 435902246 31887990 398956494 629997515 744203088 524800348 103296885 137194046 251286836 216262990 258028879 683662954 524050180 221785788 324036312 167477774 225228047 569791814 363943360 406201626 476823419 395292923 751991902 705080325 309581160 292022042 487598071 701532262 496854247 185989352 597997922 767499525 435893785 564177909 779238951 607331089 655095802 821144168 613501869 338921717 393100613 528315374 330346420 170846787 618283770 780719497 595493751 653211855 461032654 565011757 757270687 422299977 466652789 335632681
96
84434159 301130988 28116063 169657930 261300049 987250119 676370724 282443872 84603698 66364026 853431853 722167600 822178572 219494568 747258752 253462854 653710757 59787012 875356263 187256646 205828758 63166938 181640288 252607062 313458321 42396779 694189949 105798759 844812501 148234164 22966333 58180701 287023314 612442406 207164287 814062688 699165718 221920441 365986432 999950296 288297349 407266090 937122023 795978031 122408078 565923589 74330693 954935788 446500673 179142820 77136852 377848118 475454091 995243451 90198281 183071113 360914587 451492705 151545905 870078959 396024224 656742791 236075246 940043358 354275969 490362023 821502125 493834142 601345569 666396419 642296063 781490661 437475942 81401552 288978572 326135178 168961715 629867645 306033904 855368213 469162780 572128128 983185658 409583421 2278692 660817127 753527710 247719704 371051435 76420138 348136752 92623388 304897634 211259237 942750137 13506642
96
454570387 863132110 883799501 895845969 506685575 105604703 405820631 544988409 234768076 199620029 586946318 663517910 345010304 323185034 273048611 392820168 450340653 452050879 386146464 475205054 909220249 947440954 936284043 762909096 514512369 578092365 465298176 386204952 614180981 813946603 766130431 652235409 385384205 528330471 982509528 623711281 376185356 288334660 452551329 490686248 266127969 558830657 875356017 598643034 512483443 555177996 522049079 885727796 884827510 596630286 565712542 470142136 170689696 338401614 485991406 349410432 287922802 599690128 938728216 974613149 533440946 416677437 437029606 286648200 627341425 698360155 329524098 305609149 397888653 386991196 712232067 739874762 562614180 548464019 531958043 618475993 474637769 545240791 846317709 840040540 849594654 885243778 755260127 787110352 542827046 413202580 707815869 568172444 608826929 628709318 462724096 698329622 808377524 535268302 255614914 65759352
98
281150347 424946607 650638235 549433380 215437474 476885258 474473990 392590567 577636252 453257277 134046974 498182583 635814780 249377320 545344315 647334952 507551598 640563755 766858724 859819535 591507053 555216097 860873630 897739203 545465536 487675650 761480928 495323175 341955859 563646488 524563121 306616912 496259531 531897433 336025796 637962609 705253437 436784966 461778093 324011366 450786610 570478522 230227946 303289793 602962806 462115031 175872905 397261576 480834599 214535463 377785381 514999676 418962102 493242175 616217148 594770142 248529283 187364376 248292442 421430035 835874979 804492376 524494164 420292396 468420826 679978564 592536423 363606247 216146866 508704351 944542932 922640966 517787964 296493666 622918222 468636168 248911063 415294523 369731632 286626552 246695245 434387250 852051071 942548954 854424211 624923777 604739537 679658545 343815180 312037056 475482930 675706732 669097058 370670738 590686202 721754348 455238929 180977198
94
832564554 788437142 854764360 292243654 995915837 801745117 887983700 96707568 984124308 908371461 489605485 539119299 160279969 714222932 22605868 265086158 666270645 655334334 166328845 49440337 689691249 947820407 48206089 514976048 573286878 357381108 710912337 875023784 266378984 979362688 900079910 80659024 751648472 706376736 700697469 56074285 827835555 556950756 220460736 167889356 774348266 439692321 657534420 352090722 997376761 132508978 38954675 919515382 844808637 316074241 403963960 430887661 175269165 739652408 389895926 617250853 909066320 329366522 540725054 99475081 845349233 693997119 256875969 329517681 576244081 573537075 825763528 696177871 140679249 277623236 211451841 1323647 797800630 752771511 10173185 643375370 332888106 200425384 597530371 177582813 809134614 901353356 318668570 577901108 451048662 280700813 845291919 888842420 701224009 850606044 994735534 955657012 490608096 509406362
94
748588669 0 24813500 160365878 473622281 552277117 597849859 527834633 585546359 754540263 579587172 341004698 373862815 545174302 588077678 517733325 350930163 642689508 756370274 439805264 353940246 656737847 720166405 444552461 314708065 490916844 669945222 549155508 449744074 657109330 670517323 576913906 726911360 464919516 347389921 293262903 344362265 348941242 455491396 431086940 122988409 359064197 517783168 671439446 753563509 416396007 202730831 424301753 343259890 518329189 550731759 544571959 511989439 379542571 610346473 553931832 484933537 231835768 479249101 547793782 469811867 590419099 258494774 485837475 876413713 689844906 475830556 665987418 661718435 723768396 582039407 255873221 581979554 609279021 291927811 332498111 592375604 694293811 599316437 350395078 125136771 287483515 348810144 349637798 312559576 103793528 212781843 382715573 706325178 800037041 504667289 332242945 416691598 281958126
96
212187802 334703244 540667180 665229691 695090772 618408245 352088918 413619812 424269119 409152011 322728598 397777530 328180457 478437925 561404750 437397110 446685510 610518031 871188651 692985685 585249409 603713799 563089194 298375223 102704561 83008247 194004794 638147843 458554242 88834888 519735512 678781833 241582458 356609644 760814167 757953267 523047147 623732487 902819355 518751833 391171079 550855603 406988569 584806317 756614239 413401404 89583734 14054643 31595120 454500599 593269314 221486902 316920420 520296405 635193333 648470653 520802473 260765005 269787337 537110914 436441898 526303422 817824937 933337114 468020503 296263513 488633151 204994992 309757568 492231326 227302603 102700729 76333899 54673641 234432764 199200071 413870894 414156505 114319675 486552506 521510262 108028065 101684556 590850937 845729115 443376276 348179478 378563239 290021560 203923383 213757299 572076709 474671403 101906509 296290304 275774353
94
94418157 485501634 611813169 531130553 319399129 99363927 517350895 571310485 245890685 560800836 633077612 509111594 689106916 442405249 229086787 178256318 128254495 382414969 571406684 733487613 524313708 226680447 168357650 372927931 712707677 410362214 56452437 158428094 394674752 475827592 442121258 367984435 227871826 385045872 730959848 421647014 77649786 78367321 382979265 763191855 490660452 490176339 830031365 496681600 312443744 277981837 405702028 604780493 342677390 336369000 510849068 716653513 757314660 750886386 409727538 236912585 543844841 587195345 473016429 197424739 403794266 681847156 408124931 590170663 864392663 611406052 646256812 837814690 563073443 353235631 602212661 528750856 277980693 647324694 716943738 369572992 128667592 433664721 718023901 738419044 895262621 549206313 420832137 584203320 557339828 601569945 701481882 809165629 657821974 471490722 532649683 601148153 347400514 18121219
94
49380451 285933204 413333704 492795422 730108695 471445305 548452125 508479202 242219363 718739629 505398601 385389363 415971378 220690280 559236437 518105870 585823386 570634111 397055494 505723479 486790468 495885614 374245677 173937983 136501082 551792658 826134191 793173324 744404830 669517447 366576126 175226260 229105761 372833713 499092086 612824489 854704443 760704708 780001052 625929205 307905352 162866279 339224746 570898150 425460626 625433611 892687089 685893797 315998198 463108845 685142296 760975494 616385260 377214648 493684159 652062123 558487500 621504715 737482881 624243311 579558510 416425121 403417784 242149167 231400222 532442688 363676990 81541151 66687035 187103401 251251371 122196354 325162893 342434889 461734261 888271017 894250182 511530720 144954333 144731796 314889738 471937644 657975853 529843156 273638503 477506347 346934882 262109104 550788590 459421860 460487433 377977530 99535210 41753063
96
239193462 0 478277978 705566452 655859539 767725043 751607770 844841570 556472673 209466262 568438210 582351787 369591399 732810566 864128453 440165823 275874993 694298122 467228332 24159983 98333111 442311330 491747752 166102581 53316469 116159563 302218905 662069036 655482793 232675951 181455293 601889647 480632442 259440140 340997448 580910334 692740317 718271730 757453216 450233072 420818400 496870261 742987574 480948313 333935420 410331336 577206407 642573389 573020158 643806218 311104904 308501646 468168384 404693014 345483689 422552488 325373823 325264228 492104103 429465491 534516914 586510275 302463702 460107881 818104778 935079580 730616001 375990738 324294582 380956626 229352826 190178387 334659871 665069133 647723364 479092509 588660647 505246938 369417542 208930982 467351490 604733829 521309607 342152480 301977530 541629733 681431002 420323855 136419803 529048038 516339782 125869172 396714518 472857002 533027072 446208452
96
271246899 573609937 601804564 352657511 591231989 993462848 725989246 436871305 248436197 539823690 564167417 566753991 868502052 502649616 435859180 711755143 591157082 279909429 226128828 263051826 398203291 761230598 789416155 558330648 408895334 670074535 952956332 707787896 755652712 808428071 543951621 700128400 981624640 955056942 542093488 387116188 729996304 838592614 938966423 706377858 598424822 477337506 180546279 194310187 254281697 669767788 746769429 662484436 588522541 516739282 743751101 797213476 741484247 672417901 610984700 470216535 283688272 184306356 204343154 534109037 469684341 222403700 498900991 609334320 383325840 635852373 804893843 372830898 318030948 264785627 158730521 254451365 316342144 374811100 350658283 526061626 803649784 515088531 422425083 606472592 797371103 569183326 298068515 642140725 624173615 590344302 770463016 745495141 550616474 385462004 284102537 256341942 364691179 308639952 232183300 195116439
98
293581112 0 197462154 206475330 46829262 45244708 304863403 643630941 395686257 267933935 284315602 564261468 518666787 376636203 704807251 523875491 534061557 674671296 757340925 927678211 715504173 250672465 249955598 391538153 418157940 459211434 594307579 608990522 512196829 306232486 169219254 213436353 172569817 448408334 655022388 657426711 689706871 492232295 550868715 725965084 661280719 593570553 407156635 186436826 39684024 126622660 482812886 510087850 219013668 178980528 221832380 602520900 518581088 255620546 590735353 831716625 870730219 725162438 469443253 595679370 516859458 373456693 435498290 263331200 476053425 386031196 219960878 674792818 894102253 905916481 881508163 431744638 478388411 679255826 711461636 650391765 502144004 489772213 598700660 685504110 343044226 348574270 672409021 654930448 296018153 158306765 406968805 692061289 501727040 573894117 530418417 441540986 626253015 494241650 689024706 560563510 435300361 313423818
96
200870703 645724037 651835443 567392169 439297791 120582402 512145357 948801832 829355245 407169678 87408481 258768095 412335295 489347910 757901129 903192670 740800748 325881359 194222338 275695041 547268793 831815561 727540320 638414900 570760825 381330188 455607446 378339067 393665141 742114180 456778852 129235192 585199789 986566063 614468257 376595039 313405643 158786374 197007215 561868133 520870347 291785840 378645722 181690182 414136385 410875681 348522334 594468072 749043106 916259720 665540002 399024303 493361385 495285286 207819198 167467916 190890571 301952711 266772068 119917550 349951776 463891921 538235141 623928826 425464069 380139342 728687018 502765918 338040700 710160744 561108318 378978906 366923955 255018515 607710502 780197697 316781058 120943684 178244738 597788188 600895274 554145121 708226047 695162293 684540965 533165739 581296621 375378717 258380511 279021246 151856481 91877902 352463701 521180732 481583895 283774057
98
611411718 205973603 349283983 230514931 116321255 211508313 711229203 585795065 330960059 159783256 160026484 944097123 988992674 262992491 98295651 422827279 583207788 487578836 888207437 277849995 940768501 79062154 453307130 136637887 454286140 555514285 296299658 816176893 99954469 189585103 183443086 131074160 533844240 367777364 503396236 416725755 939009153 105012602 296104922 894540982 791776234 34947462 898046403 282492530 264388793 489053650 103292313 823568635 678523181 810870763 848090789 630800930 633316740 286048725 859128880 997941913 951289818 323682845 537525146 66949703 391574167 200532302 308533013 504547290 365736187 587398864 695599353 20325942 744026442 134280753 575838235 699632377 323087813 708487579 375475157 743124983 478049753 49505841 550128299 550108765 277634751 870961933 255047024 247664702 317406080 827198133 14316885 161554374 292265483 6235431 746391577 726764816 50347841 80606703 115798411 39931116 768902426 163944423
94
50621417 521089487 854282386 562938808 195577942 158737946 169456412 392144884 495992801 273857931 347960607 525264172 306893139 246907126 306367929 311714074 624817153 812638373 489737485 502435988 736480111 440211173 176920598 112928725 197924681 146077357 444525332 706338998 748269949 736572980 574914489 678841956 561375015 503496306 410982249 558598958 509100838 98679439 468026180 495069148 582853315 651883102 321945988 369414930 460388740 517873587 702433065 495964602 425361538 607021713 301630776 104483555 361947291 650622578 650579950 531990171 229004581 296308868 663746518 690024355 802356371 675757948 353678709 163367057 295661485 641379994 358574987 113675692 417933387 404315259 501987745 410270404 218229240 297054746 68306965 313231434 454312828 433244238 424143331 345885554 674622937 899252379 581494412 434066079 631743972 652278408 563910843 620138009 598160546 442436637 226514627 267931408 523084812 250419136
96
22429230 157900154 476887162 537900597 586788014 532857543 557209017 675299206 606080993 554661684 480082278 504723005 371943191 170276589 294809401 538870588 537439468 655145575 748385692 709276156 442796568 539350844 693222357 481096105 262968736 122557176 376667697 755959207 549819456 225459398 587268427 566584712 405385938 549914640 366409098 99330935 124064187 491207588 590068711 643011718 893927993 502583918 185898664 600774574 551151585 122637655 443829965 422520856 207147569 499075423 474724534 509485379 351025049 205474672 431571454 347466174 568953381 728045280 257290678 489671609 520704765 377650384 771262081 684213826 382093766 544941658 643516538 237879487 413545675 514968687 451353801 388742158 435836463 803789293 542790982 439326529 562067710 345627279 145273419 475782796 479853702 67152646 96827557 454108886 709420135 609783913 323220559 473041584 491617092 518575432 716962070 381750833 489558673 477823547 535267566 423141149
94
200854282 521798730 398202759 367280039 382677020 507663469 639220391 519198735 806695512 582322127 418346347 632007468 679946971 566336342 676752038 615671542 266440551 399226843 526910931 484708541 656115736 815880708 790486113 751445148 437166697 342487042 546248425 653153645 877488775 848033296 616031932 802306801 878679740 824905277 521150903 112476757 229701577 547708681 793629693 597966839 676563191 576546442 212221739 301454769 493283416 770496852 760127729 627289689 827495165 893251788 883564842 828851428 377246131 103769094 412201860 562097864 558504583 618619748 313693037 231046641 268469947 505211217 678872219 333815836 341710881 489818814 563510420 808667134 998494376 761502187 563256447 585748317 781910440 780359069 301248101 302801313 349821065 313482889 487341489 768211741 953559263 755503880 421669040 411608423 496318877 735772551 957645898 552768215 378918348 639009693 809902907 815426565 743560642 388148257
98
167474768 635722534 895817504 560317245 380924648 351247626 351057486 635432359 448803685 65094308 250261704 296829288 407855307 761541808 674812742 463626192 200687100 57249983 471321174 689112482 355437462 583985983 508828569 286219663 290527401 47910248 264490119 502683954 225408023 159121717 465216129 638012485 506804510 504259895 480160330 188457989 297511572 362282234 138078256 487222633 872480264 616729636 314772359 512174333 691415146 505350606 684183912 745374948 337569829 442866363 741584520 569391804 438305951 504765340 441358611 495267002 366451782 127812280 474972549 505705019 141975413 131108683 545631604 875831098 771345325 615100867 532047452 579252691 617264026 719824513 631429772 199107140 387866312 382828382 271452564 243510878 433986634 680210949 547093876 466115235 309024046 207967615 126888089 188618132 406740993 758608204 441744107 294251631 305442362 25737222 189010679 187540795 130710757 274753082 477380201 403976705 139205406 14701251
98
861614595 0 60288614 510014669 608207438 498337645 521253984 563077628 475288985 212068664 424588012 645746899 474447870 440477815 419402474 525933544 511119521 263599845 310402475 505548574 821872423 768140320 450354720 213082878 317203540 584474871 483967843 643531782 797079678 579014649 632224374 536106897 439145230 635899813 733210796 703818930 383994302 243733595 594967605 489943394 327454400 468821870 405478119 263762343 314058619 495913001 488745734 689131898 555266249 141899907 571572912 700566462 262134657 212184485 330925048 617152464 461979874 376558959 502451216 482318789 561033450 463630065 615593090 853298946 709695380 310451214 548175105 811390389 368602633 35851853 329764568 710673086 468324147 581786405 671928158 298589686 414303633 583708246 589957586 761518360 830653922 579945885 390158646 246678242 91136618 358833772 587997599 652390834 609147292 341529765 432125660 674016542 674678290 387341368 93748450 162790150 653973258 494796799
94
866328407 0 278642092 454879246 185130746 287510540 704692674 642231544 604123914 675723871 328645703 65369136 500441992 591776091 237018766 485927754 434451177 532280608 726936531 582154044 683165773 587903025 424158713 700813313 614109289 372905188 605591402 739936110 433739646 139280844 526766989 741842799 480584836 248154308 417485536 557820271 342041865 355842076 658692401 544923194 544182899 563680139 627899451 815230926 518775845 339256933 460741798 773752994 659415520 370207380 370156801 414751443 421173206 327006803 546505924 844630236 499037306 336655758 398172281 141054101 114349516 590159208 504945654 88360767 545967123 960295843 800745537 452742519 494295388 528562177 544512726 419910259 371099531 824099328 950542519 627368658 450707154 300498057 85683518 341224769 368455941 431324850 446381696 421223459 514634716 503474865 769737431 747852812 558630004 591501278 647353130 360134498 24299399 2588037
94
335771108 604253656 607623257 764702855 704919425 481165364 633732830 532131242 409318077 369882828 153409495 373438403 719430091 625831442 663150327 878297999 584095021 330145629 278841857 349775628 412936224 642597942 722158058 583982393 515508653 470651890 659454392 423140760 572211515 737111354 343166425 216060277 626948330 733358064 569605389 873451718 963469655 610184504 478302931 411451378 358901758 675953465 651818486 412814309 205786529 422904409 498201081 399469175 369196527 540082795 884261930 464147794 263571498 711729866 728881522 473253505 704674904 599954161 471700596 677275209 682013025 754126480 525331669 189036645 385796350 798253062 896285950 726261500 561199629 765271131 826187343 740266497 899783449 771060263 503980989 662670185 775156933 439562135 186530162 139560681 336751591 512753671 503369501 778372167 671728236 403056080 747958547 794739519 440875166 474125575 614119824 564529855 343997438 89268233
96
482543976 0 278565780 626627092 805583217 583021124 614041672 637183844 417333871 588459503 762315164 720271716 663777918 659906049 317182287 342724635 373433190 175188899 160763642 170564521 248225601 156434379 216276313 354543284 450200783 662225394 567746777 619163188 630620559 393759927 380325914 486601908 512123183 439551281 470052081 424859493 509362589 453216106 539364811 670724558 563449606 609974096 377170452 485189539 414397388 127507679 153702153 261107590 236856946 312052859 518195659 408074430 564942378 417567135 445391006 680487616 578347176 527796148 289321773 302469552 238702357 345786931 776129300 548034085 324085010 689883208 726033574 368625612 361744387 626938092 844855856 649841981 496780478 615819061 564471460 545324753 580570478 609982837 757453908 500919982 324732486 360869502 281388980 586262800 520811176 602711370 915768678 646769266 373483310 269053230 254895433 258419173 131473102 228494212 702747186 484207408
96
283727483 383839638 175339739 479059365 828945729 726562775 746030721 897377238 631495793 569648851 819683385 437508212 337395799 463606987 121897985 220267565 486049436 429928367 289818110 543550179 416271989 123317445 215055843 307251715 649158529 767132635 330727408 456296701 571358197 454027110 572940446 356380858 594487708 666033260 208441161 218815863 673917042 556312406 528931520 702035429 483441395 258683259 393418562 529075272 238084800 257260781 448976103 691951291 866098954 438015265 130863577 456820800 795314988 483316896 74806281 406446924 369875422 141894873 438841158 648282070 478414593 413235505 350204742 102931118 21819507 458178591 699846249 467240963 649054890 691497927 666313975 683631382 335038236 384509227 743934904 661062541 491770438 238830745 392780377 634241845 241911062 413304888 523486630 303849842 321466130 387702082 707671476 858303012 860248932 710085238 715121215 512291697 348190757 495364886 239805228 21513085
96
464502071 878616150 609932592 663304476 919995860 756000867 395624931 436246379 517846893 296816627 540100545 673496863 367967455 357356443 491209097 312302370 190446469 473366960 624374178 417674478 641434146 592971871 526898920 737706571 786157875 506274807 205671887 360880922 753022308 850205759 607294092 643273700 519722289 606518951 766597779 618954521 600803512 666168432 548394795 468606795 593516530 713106778 516237670 450508747 727037039 516946607 317375491 306204093 432442220 681950612 847331821 535425256 426864554 453517813 531776313 564289226 366824944 313300278 122756247 559850979 602829741 350484905 657799678 952014345 735847023 639578882 529056885 435814732 796719597 652623146 612447951 753004282 490892078 224003165 285439162 299489037 309492373 728033523 752125978 451564399 532892037 755036896 600728128 347715315 590793827 531681428 297435146 529090405 610654805 685672156 751213105 562907680 431913946 435557704 661160282 463485934
92
44385196 284500270 279328641 264433072 705359297 725249159 361874166 521099573 854367408 692592364 521313896 628876113 382211116 261977096 680037572 641240946 700302340 843594265 431238358 209015981 384980480 577029199 658511439 695764848 386537196 414644112 791371009 680721489 578235916 387274681 126403581 432394445 755370782 790681857 438632821 85209544 444595637 546834242 451371079 743651260 619195437 230019284 488433180 560786373 608610570 870567404 837919520 927057187 905619249 626916845 683738010 897553312 574861836 197046369 244044701 383100969 260101407 138581583 190211443 308913859 687214890 631443672 455316607 609871571 295637704 485000790 804316702 739850814 542462575 176391663 202492736 219997208 401656246 663244976 775781050 768366836 357357100 414925269 708850441 399738897 443125425 569900302 437356870 308843584 493868261 910158705 896826436 721831543 670243040 462354275 466650608 379072168
92
69052109 361552110 432231702 597633129 961147668 840328470 782937153 512861481 325662854 725668978 572875892 266982228 428171112 667189552 716615190 658505989 621068936 666598833 817102073 813706367 521733896 276978220 290484242 592186707 644062493 430346190 258233345 202752695 595540207 629785175 505340001 415634436 596252840 859511208 795432984 550179678 427018878 601599700 529444671 266357391 320961670 330398404 526752113 593461520 494567399 719402783 585386783 369450028 620868195 919797019 804655773 429153094 251749699 355881652 279243128 550014105 651762669 603097826 723108090 485240662 620413977 491827451 215615866 451794995 665618171 649110026 510952858 679532216 807520011 805460933 598922875 310769892 287709107 286774846 259891514 629718798 991277072 911788983 455636660 137603201 207415921 187785060 516287441 537654483 159464440 86789677 512555972 650996568 592540328 493238068 107791025 55976176
96
238348162 572630638 734693749 548010795 337905354 395944571 658211790 731931463 492679824 449840166 607825148 717161418 457107507 445288927 941464269 621335428 216655385 557791708 602617044 700451435 899417416 509296609 639833619 640624567 532112790 510912675 356762852 385399952 281161662 523167017 803840474 680379852 508653820 797054698 874328230 642478750 624429102 419036754 395581903 463762803 328398307 534911831 611830225 655769617 734835999 750982634 919010879 711158953 692223788 675965545 535771507 434283650 556140735 898185548 524695282 289904537 441529926 772752927 601913090 499698463 577197037 677261806 702499052 596272239 665984039 550781283 438682855 442696588 660199209 853831264 636077363 209024616 341610613 533620267 696125999 499804603 336287704 705748844 781784279 681847157 480187107 194314555 434098888 725922562 477764300 300022479 655425002 728322811 434180418 304200663 399351904 551062880 778156764 623617759 371965078 303091142
94
247078769 399384415 235002838 204495128 195780564 280055227 584855176 717231942 632314219 528356971 266832600 302157339 458106739 193788094 380903748 774370201 462739262 513243507 664724575 698389360 676803589 376181974 367758558 523707668 551394022 323630998 281392752 640448729 875953037 563376589 344835390 579404281 632412599 432324501 525870473 500669558 401044459 519660759 536709063 370879746 474762828 706314650 402342730 399057199 519705673 440740471 789028811 851381985 523760161 678796047 650436706 212023418 498016614 522300540 143244070 310284298 643690631 451937005 536126193 779044302 580039088 575039182 374906521 550260961 767816068 775044842 526670457 211046871 623167311 735359665 654494442 550044307 581538053 436755776 277004603 443764420 257371179 359000458 493066772 475251491 704507407 679075458 395731789 408233144 321490366 294930697 723559990 907075448 650628269 533329994 635470512 471384620 393149426 265004866
98
244694417 386534293 352412467 552974544 757324783 495624160 375193445 627031085 804545510 557392672 406291715 407076415 435865416 434382679 469500040 529971565 273829946 248270075 314093368 545500686 565179576 268495258 525791265 845795712 641567789 268891103 517786655 818984435 348046810 362281617 643146333 620399987 686653836 652849402 735403320 945748510 812002404 374758448 484472642 563861264 549364009 927948678 714055335 537447719 414893391 462226972 460891421 372904966 524723565 710508542 609939906 425234655 347566520 570907906 772971279 285436919 299424179 485064908 546394624 504104500 342939756 428355447 398842816 299436991 641855097 706354939 505118557 314115436 384063661 416205514 331272466 618405208 850127916 818757006 611847508 713581424 586181216 294918957 457676613 450287841 387559610 731891889 748926516 442952432 642110051 711607927 382062654 545715273 691396338 393902973 494827218 768263178 660117655 714105994 914269814 710529543 716801965 514025746
94
185371427 443324540 467471188 537253501 792453915 502378398 208763047 585751892 776137315 640611504 519799628 511296252 304622454 150303003 591347017 889193002 417328765 75238429 133036266 141286898 464244425 855590579 636360962 197530831 291400298 649635420 695318736 785203301 757895415 635274616 435320603 552516456 692017851 373801352 585990770 824711632 631554486 484587027 319415646 212007975 445648239 776860128 673826560 280284770 446020482 447340026 140196835 542272883 513167467 149104752 377468531 338331042 239752482 365505044 269184726 558986569 909784092 782605207 680441233 713753045 807330561 711387573 556034803 466178947 529591225 348588538 221711772 373403486 209523307 37858981 450211905 439047740 392760273 851856725 639299077 272601001 575064835 538434933 348672710 779598300 890736963 783475441 461559232 107193096 152520018 608536947 895337845 757914309 519969832 496771132 638213576 609131105 296772462 2132929
96
876646779 0 334271184 668440218 780866404 459763273 88517885 403326916 797478206 604873111 181302068 219673154 608524562 887557040 814637746 831562937 896144735 839885115 429927949 179618309 583070916 708979979 642397873 813645977 932406477 912261024 447563488 90945268 249970391 518614241 589123165 593327186 711663624 487587364 498629032 489305961 519144431 810401133 885542993 581617902 531771580 485593442 314479983 260182515 253114721 399137228 170945636 114272141 382774124 569878362 512646380 693200767 510015479 264244838 247426158 81810678 461193509 517351289 505275840 732543516 747668454 890944381 938556473 520016727 435766451 392580590 476719762 683597716 709368585 486696441 8192578 341912364 391281747 164956988 256200302 400806465 731134682 548878393 374131891 453439488 576657406 902018480 826314507 474344374 335472308 224403829 373559916 845138630 635728506 453898931 773261076 857217648 404291253 169963815 230041682 74757974
98
228325722 578333165 433990154 217108168 371987580 597517994 374769821 291951241 426095425 220271152 171670010 461889555 828917378 817187157 560972310 621282082 762190444 475672160 348139006 312167710 345923075 556609194 586052650 596419401 344364639 150714504 173822367 244983052 495326799 439099637 268241506 268319433 584793775 930884194 580256479 396975877 698442758 655907038 582333444 371324485 63478845 99222576 571945071 557347017 262798828 391954316 217618815 133291377 313684066 219873070 216694232 285280103 116743249 100534085 351294010 537462326 310804017 354739809 585825533 540713237 433895456 606034258 573298380 606393036 566987762 545065717 670222427 274563820 149814013 483101957 593577662 481703494 334402723 490972787 670476114 603798320 688616550 622874098 758930826 950718166 846588635 682616546 586933477 571682805 439931431 228913048 273287200 513467101 510004305 210915463 304934734 435619297 228106388 405731148 719028805 616695472 520839551 291476799
96
157750551 556395759 576625681 255586008 497699698 607005997 641044750 881477032 591181449 185124190 233699933 231740831 244514085 299594039 159735264 295441414 493454259 341676425 158690235 102069003 55819155 138140410 566966545 840602239 830879933 919677309 514624246 225196886 445090451 679697518 792783933 784719289 706645780 705017586 872977883 782037024 450273793 214888827 68347956 427782866 840964255 451266689 367289003 616871187 588219135 398733538 153928011 565308201 684350820 223621049 308077985 588912569 345146010 342100963 730792991 464951094 383767399 365059002 434172493 473824760 421992514 465625539 605762459 633152193 213055676 292640098 487310734 408300131 211571675 245411705 264269669 394980562 787970458 808049190 783663217 845805556 653329198 686137798 853159614 586627143 604133380 458607263 475659216 813961660 797481516 812862781 428833518 357681129 778549294 931416710 520739159 275644061 656170671 716690365 378961748 120013810
96
251279264 442722067 440107071 510954240 264621197 16708994 46887151 123593446 59345389 267082699 383294192 349419126 298909627 307724730 565935343 431561624 322534610 557718025 627333301 307929219 279026328 281995994 201922105 557286422 838869628 766528473 719863475 583457810 408552956 471052190 662530931 668476872 669814822 625922463 288660557 128400553 510805279 862131209 791493617 398763850 66488832 476753078 452172359 493340063 797336443 771532073 816690389 468863381 118753362 492757753 660022981 438399671 340320152 342920973 532180567 760220905 633532359 311299360 361860335 216207654 395482617 675118759 688006315 486036833 407014461 488571480 383904069 367999071 330901281 386189567 292376069 172214392 246567448 217378607 255160318 652225950 485073233 379803882 674734422 516013371 575911949 710123664 605980073 431809785 458446790 625735924 566307810 483624149 320858465 104544059 433480324 783252735 806707701 886749200 654106235 193047857
92
170784785 139834851 927791515 527832839 217007798 182976148 891425295 842061460 901037583 122159203 638771486 795832089 78353198 462944411 813057884 707391301 539021074 630771000 149792429 143509447 413015007 775917836 421859110 858952274 734652534 251261449 295346997 786382344 880690247 999204750 593964779 473662407 619351122 623129917 248525986 702623615 139143372 107005018 818340083 831283793 762950895 573402732 184871021 433183963 312107568 567678924 425626298 916824721 479477540 858749442 541391496 330450692 141816196 993641127 275373468 492282004 865075028 565831150 630087596 550690795 661002565 664954035 555329860 482328074 51300629 254230131 15848984 575378907 521629714 485797795 907492183 268483683 923702459 815549226 146691738 626371935 775016239 512867680 312412674 728400346 958922356 347806848 206563558 621348525 54148737 629925575 520569029 952714200 367881291 415921902 201570499 74626803
96
24541014 644061527 1157247 746155646 517433848 622262382 614059193 122275740 366963719 79838688 71476508 10807540 294269205 368243529 104841061 733072211 522141788 67724614 641556962 684291498 966294087 219317931 20673432 78203817 797885503 419885068 271130885 286664370 993762177 38336069 755816817 657028898 46587723 569343866 688186000 170531875 830349290 346196680 106052726 787373853 290173459 290739571 385321081 50104781 407109262 125274975 78242649 519470994 84569101 639444290 975847555 928892803 245000588 26490655 846763178 245052355 35750391 323271943 544124567 460997309 163407153 925352372 54565887 856363914 238287266 540457984 505636476 172138762 224980517 181979193 825136102 75692384 202320974 271565947 69654815 398004454 580903755 492885244 48522155 55805403 37725627 924418418 300450251 761290025 433827239 183130543 653479027 725173331 763903464 838988314 961417940 892946124 838700171 847516848 892571122 468410626
92
243115507 377579908 186950300 399913415 437065706 623401087 55309778 682718229 941380374 105107140 763919092 815262402 269064266 559861385 139188434 228664503 429093772 544156671 218168846 91825631 974912977 696368219 458066594 226379801 675103361 183303119 484649142 590022161 561617460 169325776 580678380 337207467 386183506 549504722 522498422 134190469 485497146 626653663 745264889 262872382 601132090 250830223 610738952 501162279 11193026 500245735 514087560 244462191 31657013 986204402 106953170 144296075 219375296 858600107 114054979 722622594 71380175 184836513 72191000 803498169 596636464 581163900 745042213 968028962 724793937 296655443 201823373 602012447 342984005 363457564 270035637 3234220 445975550 198757466 512744442 342945255 560208139 368108397 739089485 783381699 768417625 806725799 656815904 658358522 214637025 162788468 240705885 620623601 895624974 131122273 398435694 673942243
96
418497798 842160258 868201755 661717201 625204423 376650178 675701309 419915099 779336091 800587556 109403143 514181643 763151406 626334385 992272745 944561618 314793679 56013013 844234219 614069273 433885868 269901400 291768401 820622549 362311886 707906519 881219823 101955959 149088013 254013896 14504382 146411496 910118332 52340877 99581379 299236605 173613213 338439066 656185369 495166677 467023917 110523130 326437648 886066237 657234260 630207264 285823458 988385206 302326745 210957947 591219962 613824118 646406744 615974565 735199919 791238444 801095830 46329823 527703576 85587430 137713623 753130420 507716263 579757303 835577808 172013727 636337883 321833211 338136999 404844029 872452164 57644336 226637604 260528213 775380266 730336316 571588925 871681410 446856845 876476453 948613366 837554623 912111968 575093114 293959620 132036077 680382363 278477064 43566289 42099045 293153256 919241952 678856637 523546816 352767757 627393025
94
503058296 933757453 554343117 297510095 672303599 922417932 849565772 713979632 343934581 111355761 398008041 596967994 742244059 848359027 554075609 342722027 631416288 746655391 329146570 300966869 405166932 476831321 585941174 568218346 524401282 557699356 648451285 736208935 752572766 346829349 296305340 558785514 687718665 556236782 392157047 579558889 579021723 361473321 624998846 629880840 144619114 44689168 484118709 521464791 410612499 454060900 387537503 687564675 489323963 108815676 383587804 858162519 998560632 991350092 627971548 561411378 605973318 285551206 277520005 276436925 380615602 734594597 733630923 431043100 506382357 815175186 628978535 449687828 532533942 593143619 371442107 61195986 394254842 694681192 736884780 490684905 173626835 515852433 677463331 460242505 366227227 556979007 889714680 734870435 490960370 593082665 565951061 279883210 568623109 665280580 628260868 691127846 446115624 232875022
96
263317439 558157106 625340548 558542349 36404978 274821803 519978887 691758308 976193023 258706748 241167417 410202141 400548471 482168724 994232436 477510971 117452470 400559988 70808013 682907751 233840860 935877820 65321350 944235261 42933248 902078741 880274120 449316812 626088910 928532819 576026497 758687962 729252650 753468585 118223440 270763044 883017365 969525077 692333055 332622945 162557636 115663888 447737257 390237003 663719094 413450096 989448230 956409592 523520812 824414221 717118917 616780732 231903377 778966066 886253731 343709629 835181643 27545329 492593918 555437 665236481 448635421 694317478 764553767 22789302 75058958 260549852 769585692 967375536 136968158 308379701 987973901 185920587 255655226 624304736 524649049 50561586 116130350 100367146 173314437 445603874 799378742 159197650 54881574 992433499 888428550 520360673 351947529 966126356 709535435 58277523 70421841 930069317 489679470 247289456 814712473
96
59964294 288426239 410086024 402717933 727261522 675970721 380462070 214669152 89559764 338255279 555389640 359091744 121145893 194105731 314540953 499111019 537196192 547979576 626290184 373396338 382924700 708131196 643319007 385335449 555789141 650955186 393944963 339229142 549210553 738269105 775578178 416980347 371727855 696764948 500391632 455313138 629745968 680982435 601707183 405773695 496573174 462454497 512812888 472029717 396582991 488807198 270415325 378064342 458670992 474738190 748232772 572705276 281094966 535948439 594904949 570819273 515831342 522044932 532880633 448597300 604534797 646549846 670187051 807794194 652577387 611400692 747734722 632479877 790492601 894446069 647499007 551945193 693677719 493903575 198277666 390389620 345141782 67201535 508723200 576996672 153746279 361358394 825597815 931049630 565410700 179915818 430310625 552375636 239097559 259049384 656969335 990207613 683992407 295434220 258156263 166197158
92
211565787 681717864 567023586 362970281 552312454 776209009 932175824 801963489 909711915 823344362 492643159 377097549 677257609 889900642 861337620 918767630 661988455 525543360 581442904 548995286 669162092 857487884 945568199 765814856 741662163 588988881 542290097 435953676 431530934 891112138 798372841 455535547 581712990 744813616 370331251 187171508 178152731 276536449 461534253 291495972 109072050 100475781 329104213 709094055 958761035 768980151 574312935 366015238 493092871 879482954 860182503 651358113 533755419 533100514 601332757 790829968 476378353 582167649 716287474 335545711 231262963 368062643 775245079 607691692 348434699 305755795 303939051 406318172 225723957 194979257 308098677 298373365 327390987 385536634 642159588 840640715 446662719 400194730 757970841 851223446 567374818 509279235 399693085 364028638 742351815 805438720 662207976 584249267 386590126 533328884 944629644 516221173
94
512282931 999065953 972112569 931638147 784911015 678121848 420665454 431949211 449200835 226959787 232352053 475668044 726806460 571352520 288146171 264000818 707535443 976018207 828050470 641169041 769870727 669059780 453122893 592938257 746231083 920209317 957284418 536320916 398552673 538369809 645008262 862188451 574062315 425495344 487463671 499646641 334107684 168172935 180642395 369173596 664143149 713609769 534317111 476817508 591880288 466975846 400374384 692465629 604607410 544989614 583451830 260188612 332185943 703079033 796321888 563114439 373431500 245380988 173900728 445726097 641248978 637625536 792658656 665582310 597459199 384201872 424667373 586992124 513371693 422567673 356222256 556553900 691119477 682116240 488397087 339062585 476096994 480492195 531181398 621361241 266878962 260025666 605923833 432195375 517809284 708323757 579553351 506291896 497719603 380604251 359761629 397380101 265151821 177002468
92
605745274 791528532 349414052 294459610 519882753 565361949 912613176 833774493 897419803 462107784 568148645 109259910 163878312 757495205 47711604 743540066 127092929 120642010 638586993 528199608 474789899 900877013 873130199 861579577 797884514 549721395 245061379 429143015 321426993 284881831 668646989 869364128 607816452 814560054 470960681 874058661 193844947 923895696 501570371 367513708 370130440 129198748 361986194 42976927 663791230 979462708 206804053 748325354 372454017 363079017 203350293 667737709 977133959 702272205 335533388 426908388 878944463 746993523 141602602 886144839 835594179 333042494 158527188 638275413 777727852 43976358 287666525 262762322 325417713 704964886 648180436 582627928 760965688 701294650 148140177 203065942 214888322 354810154 945736428 248455647 894466293 573375801 933184302 616507722 27139195 468250987 169703362 861107423 462273433 955780070 420348574 100107917
94
339795837 448879375 166018268 132307804 325262887 689214404 939123189 940936309 789618248 641454581 811161958 635649555 319502406 336431281 567968283 610678181 397615050 529061920 461788841 428007165 628704489 695881359 842316607 649605434 531033778 713824583 688418561 842659242 582747592 265209335 421950165 564289600 448682616 141229808 181642520 243642640 506192369 580042904 302618430 357945151 407315849 536861802 758581902 741570711 826176381 569966709 419802207 725581745 787162342 915062783 515789820 242014027 362795786 423855366 701388054 449583501 356968190 391204592 224796292 355152929 249499589 370394699 598087240 585442124 737427064 774924080 398009125 543127959 628613127 399831129 332299380 244790180 328187078 265830402 486790774 413287517 220707227 265929104 460093832 764339730 810545580 637001165 520529648 770564978 769739004 472927218 571201609 883437257 586166267 603785496 949890559 708295025 440272149 199285310
94
920685544 654413526 318305511 872834845 76044489 753504514 382634879 142083032 791757564 773313360 597655767 237670376 924780867 531233861 285674415 828743592 390647655 438743713 101540855 136596838 884079662 942185963 927150061 779174246 245030129 356990053 381807895 806483695 602629867 437943047 100985408 894884704 948557794 504470042 481369529 978246028 453265656 4206809 636934424 65372039 477489902 297261856 873693068 11925724 393816734 502049827 812955537 671580653 264633541 789695423 571299775 927229461 373020312 343622871 227770039 11589725 540351796 52555800 829705601 233907593 469618491 119778327 954321889 112785926 182578004 208461465 384673855 104287631 729409922 961675985 32197413 678904218 968520697 194936842 307477661 952563977 669249471 90560211 301699361 565608944 613965474 408793503 836414918 627245209 616346702 550447466 201831585 415117941 928968727 688801948 327265702 171832525 294148357 392965093
92
49036191 440155672 504672627 274204314 581443838 672168660 270285148 354596381 414755184 188493388 458248304 457511526 316579381 629333642 763874086 690128663 847782808 560277210 413401873 505815577 449434456 678271154 722923163 686104383 544177640 297495918 159916351 304453142 342777797 497516664 601488657 639530774 494840968 149960369 120215965 462854343 752293515 622509641 397148935 453282320 757614030 518072136 359582664 651989094 678576223 746162819 932320446 480309643 410398232 582731886 256093291 375898441 607382575 703624398 518025454 354175760 333492466 329400742 432116563 469512857 570001457 537530041 412040594 521018208 550635742 202334294 323398151 668787640 476198588 126094468 445986526 720810992 707349661 547368644 488489361 752205857 887099060 978390266 592096647 274565576 581321582 628363338 321077598 430559834 520653108 365219890 170338768 405104891 469278480 227545511 625343768 469766955
98
203164464 705136571 670112573 200780127 721033851 297287038 482412070 278064282 409462462 678433657 469707207 792117617 956478845 81990874 208190522 62527537 229960027 165035761 972775365 262713052 985812463 89095692 248668503 904544175 579367572 255745877 389491535 37734375 43288914 639426480 336285183 501698920 14872959 58664035 274278641 895591474 361186768 470445336 675255074 514476574 83955052 155078605 641946101 499128115 428861689 710870301 239120321 6569639 41469944 308256353 712930085 168727567 889867281 838854984 212902428 990005606 696725557 956796114 529117991 896231724 35804856 989855139 21662402 14752181 48894379 521720134 479283900 640881156 308202932 660875730 337356054 235616482 747062661 966740745 950730754 284491380 937641261 156605698 876610328 957159129 374103805 219924523 43345789 458184019 37839381 266844936 835397360 907652215 515391301 498928181 228401050 338129986 413416548 180267377 803408761 424663879 236235447 932441587
100
227306806 0 95440457 337548992 348225729 124152185 120122182 518427618 671239024 640869622 597662666 415731706 278288993 87663422 24130597 219375635 289373396 260895590 241509591 290840004 367177509 281300724 304357589 459522214 475505359 515169255 436509416 292812014 267203721 291480741 359667522 536984363 470548774 121875337 222001723 434598114 692176924 635962132 228088887 468434029 602798730 352223533 274122483 474733578 567133665 429921170 601394532 636797745 623825873 453217161 301675495 358772760 371240191 627242952 520522832 163707882 451839561 869464987 512303162 490429479 667420214 644068679 468757747 310758298 789788789 731511835 401422695 313809615 567860858 542999926 578608409 664394317 575896733 420328807 157642774 289280384 447646973 655339486 452982443 248118795 525216569 713336328 578588819 676185344 943581507 585928488 256028139 351714324 211769929 200305616 389957830 612267245 478680274 526022029 864881599 787070782 889628409 866348540 643582175 276085686
98
911238812 886580073 616176702 463184733 938112473 299787688 318521898 223667306 488393382 993431295 375414482 87076937 855689130 359956794 516985118 202268006 676400512 777270938 664337674 899968289 608727861 283304260 461944843 624222824 943047083 804492984 640796319 11622064 115670506 375331240 675752881 630902315 900730871 319962918 986644092 259382628 800277099 299926591 863375513 297114052 531858368 448249188 759387559 39346045 12963445 666167805 125806380 310247993 140374620 892426856 246133584 481250367 431968261 941245519 290022048 174509446 673039015 59205043 777398567 636238405 975050486 680543828 667035965 922997337 230080603 163171988 606019945 698773306 866821417 928242976 296288645 8820278 350517564 641827467 240376843 748555339 150062272 290153567 892312457 636019921 934205047 613452024 970890503 868390231 523558747 462745278 282736625 721046184 794083178 383060202 978945433 138432349 663054766 927514558 253768011 25473564 990592831 416402175
96
98589701 580693932 515448849 532741915 899989409 612180553 586953224 668308646 363688571 374393374 452839986 213123233 145517016 219337547 618526345 764138369 759176246 637180844 527139288 418171503 531915814 601082291 466558507 565210898 346147944 362383652 562541227 338425785 200299070 323622730 554466321 499053587 439855917 856683822 906687730 441338129 217027940 540068778 533242331 636220421 961916574 922441237 539650745 249520675 297683613 257337225 488668654 717626167 617421287 666698695 790772484 617410310 635073202 578826017 587601825 527199265 193248962 232278742 200651124 131403594 222019368 572036909 649950542 355364417 596227515 906604141 689284031 377489968 183386611 582361916 661762839 471613921 370294031 74195648 245750786 434493343 368823396 356610578 573450897 880338158 993781858 622658084 457005924 616766887 369853587 153161144 225959364 558019021 705528334 617838131 612883783 506984633 492407282 421512853 185064130 49582496
94
366937102 828264648 886122166 653596062 557206688 406238028 480597242 681249880 705402982 431866801 80775473 297996170 614713686 597134054 683859180 743024384 367820050 283524464 550466374 542503554 400306992 395648379 336749372 275830097 338367090 270270984 397505923 728734189 852121736 825341459 619664105 316687196 79892956 328916215 590089622 441499002 320031539 578659792 689830082 488213669 612170917 728579411 460551685 345357861 231225570 191748487 400858004 482032389 311969303 159055466 434690933 474984811 316527790 396695491 626992476 695964112 506967203 633090042 556023733 501176714 632341685 557207976 416668343 231230045 248765164 645950255 895188102 416425176 32965344 221663225 609209912 465762331 420416592 863136159 734727791 403927997 224414882 80495299 433996936 840250579 588172583 498029280 502418380 385511549 402956409 185258731 193318146 197388049 419844206 438443191 135384706 506858252 399616591 5421841
94
475764869 511545463 229346630 230523875 547710931 587708973 527426520 628039292 455736455 528724868 598572421 558827813 817607199 798777694 481442937 641183680 669884121 815985099 691975650 487876048 562651987 568167518 528300151 535219136 630884709 599909397 567628313 401135669 357401552 650805682 994427946 895272094 438955525 343532937 322338326 549587386 705593145 502983060 599522063 851378117 807700435 656123981 872703738 556919930 177843068 230601739 277843434 341335685 651130432 889010480 979443071 969065044 564650045 520286189 468263302 325301083 366442111 460844898 835277951 752133192 469093491 312978304 275442193 411985487 416074044 502596550 825076699 781444437 576731446 416491186 186030131 596296343 787416783 596759061 754367896 804714184 520071150 628750364 835311554 493623593 357473666 536760201 619146811 411613286 340772723 542488305 484663797 614519737 885436553 823505834 800595782 687950124 751712356 538603094
98
601782777 0 343418561 398539427 195405787 378663389 274705006 269410912 592460401 407012729 502065927 917256818 558723852 198194407 449519627 499063027 233465292 133948689 501570342 710923072 490664858 509929739 669204738 641016689 263515152 289793018 679239812 468069829 410159010 466814198 515027678 633252708 669206793 919862706 941925464 656638024 521030300 621002591 665429892 580835743 494898913 543967458 608506825 713718255 425851242 72492185 108907598 239693707 445630806 697691143 864806799 764754072 501740375 548939459 473505383 415336300 620558383 529687227 230200020 205411147 261421063 93146758 170543427 647587927 855128834 385085382 138130382 421128088 488253049 608766353 749177552 600759508 579474328 459316544 407343954 373939437 529193980 730553872 589921619 613895284 707934853 836915653 909575237 921261281 798265875 461059027 562698632 732987699 504528729 531363317 719267035 532805312 178435775 74542518 198339673 271649345 482867297 353164157
98
81242581 149662476 622819450 762887203 740052284 761120839 516122125 531339894 514802575 508095773 518873403 478051010 737923426 825838851 523170728 287776784 471335125 779423091 628868501 495759318 668605717 717719852 467858489 508397014 688961520 547700765 643186810 725371892 710989174 725062477 520845198 633873746 713615638 359431057 135354203 248528124 393474986 566755038 575649900 595273518 730064337 404443508 196481825 478698845 373642703 256888782 244445918 275040187 670363582 821379807 746267757 612574663 599728621 394045123 467785478 608425856 610848502 484110972 133144051 495487572 735158047 652546395 459657595 470313959 655643788 698873300 471909829 588867733 827094031 584252123 710759908 905102148 709969988 747079340 594504925 565074025 586218429 641903268 756502650 450590112 503264328 712124335 623673394 235393322 433762195 710084848 646943123 717061069 598338322 410304316 483108551 348464324 106295047 337607856 583794350 506403821 619798335 431711111
94
547652636 644264406 227264687 697667050 242366639 114281322 393993394 248907325 89607496 604406455 279992214 184515137 972669417 206608540 80228285 586029788 115292412 681494233 761360247 959880272 484095119 822657405 169454247 798732207 448827731 148760526 44347481 677167872 456029659 546269128 245099688 942235673 437648615 877445440 524911237 766240370 236450078 169144492 619576935 566994513 629502064 283146179 641922152 272934224 428393007 145242282 562925642 79614864 437257297 768591772 40971390 724079977 156799686 9989259 389967168 888314575 118996942 4185496 603187707 63337420 413077240 839277509 467729742 19493441 507445471 749041637 164627432 281799275 625172799 774200796 454141206 94122381 408349751 332378015 206906074 767739321 885441085 902265643 13583420 148476959 444799462 261725831 26141552 161278365 269383450 528987194 299127286 43701561 777076189 277911838 293935296 262490158 131669481 127236724
94
259264217 0 199703344 397996005 496619677 710040614 569573866 301714962 168472084 293183178 291903242 175141885 627228949 542161463 452704180 810618315 542724967 581734431 899343701 631063073 494941162 567083708 420128676 597286676 574019838 499227329 755879980 876441090 729097044 664308485 651867083 447403013 413981064 552487520 670844574 422022536 164921646 322059724 425064261 504767227 410651821 334636793 431887908 604204365 512253769 467795737 821453106 643939801 365671524 273065559 256725526 397983857 380318495 498317846 802037553 529758451 555782562 812201851 714504403 380060823 273335154 517164344 420752108 198604382 277697255 295260851 372467382 376319122 353011150 458414036 450293534 443384609 413876555 621915111 568700440 444749942 572838935 328501418 254734645 546807364 325443372 491856887 966168868 491759028 151139797 511896686 752024418 788455510 538875271 563647880 648552244 278371093 548253978 492656531
96
244741900 460599747 273053249 461517905 829338970 712024268 468925215 319622245 490442924 728523811 553501334 610028478 445109138 448533834 388853562 30871295 230931572 518516044 796978705 479428779 399779947 718031683 678493323 358250269 317258375 421400827 198357475 483589869 538876911 415850644 698267931 462515284 311805798 281265721 62274455 148653020 448549312 378068216 141285073 166229478 131441953 532934904 829855713 455188085 70717966 314767462 392026655 492954141 859474525 597048643 149483885 278655420 442877385 349757436 445104897 698342413 657285264 214019045 72643133 481494406 765509951 545043799 237380756 195080923 155013382 345678526 696862400 350194583 126381585 297487595 326141738 234957877 281836718 577325028 390958500 464655793 746630576 345710127 475116059 660298477 629194374 820400747 723665074 560683068 718274262 911678006 726780565 380078098 286453583 505525698 479076489 580009646 618210167 420714498 347831834 84848697
98
219489479 581157766 761790379 500969354 228693746 522912418 569593349 527458673 777056437 427772177 378124353 761944454 379315437 186382770 462596050 701597257 451319742 21458366 103865461 123734840 410115750 826342722 891586139 843259434 433062886 131133930 449295872 564699031 402676234 413123045 183817914 244227715 547138634 384634567 170960486 481566380 565364756 290739488 504068367 854687127 914961622 444817753 355685490 711595550 710308692 410325335 209391177 548591663 619645019 577669816 657768344 283604036 257665216 517551851 638852103 437894311 36922925 150944983 584690513 531298141 587256145 786630601 350846245 471322503 591540332 479456976 398467435 80257657 398880753 501518664 507279883 860117298 557593561 381627345 421893417 348171474 583577639 627140328 508447311 632367385 608596836 461732957 550326026 646883080 429470256 129141168 71864078 163247992 333278100 672455521 536755345 476834116 860467109 570351847 331246373 654223301 655716936 211751186
98
333903770 729702268 648727886 269196507 84717205 424819371 667475248 453212127 516731249 580703568 414686032 366342046 368741858 435193695 575730112 613565507 623908943 626069072 467503828 265285158 239854655 297997785 437304070 338523088 64407253 295518481 536994196 705349449 839608300 641018086 599001375 400184728 26197897 34604463 24837840 108512028 395154953 596742167 609467369 504496001 213612509 100517007 554553321 613029996 353172642 326451013 404659530 434951612 532689454 427340952 267180433 552566876 712166079 444199216 167440408 405530395 366965481 180784514 344546077 375397222 499119398 418222010 59472534 330268187 392572721 368789897 692956698 732891707 627692351 334575663 58730227 69921355 461613067 823886001 895396074 641230621 468775055 340981328 370984763 410847491 230326470 380935998 440399791 427784804 339849622 367163188 279740964 330203251 568986956 524524407 368922558 222290161 532609369 692300186 389054827 196698599 322868445 230692611
94
244100569 10775540 296498056 200838510 436829118 37389842 252856236 532279846 739399303 100818372 332787062 202298573 719247754 82232851 758916611 452068748 518824656 530608464 621575650 319601616 596153162 913347366 773174021 247339493 426220082 979217610 927111763 253277228 627611502 258193061 150088540 453739654 768034036 875042930 268063798 317569655 540515366 698895720 432615826 97045015 926381736 598114442 231835632 268750527 428490707 9147035 921769634 737038502 982832649 238421079 182964158 537852665 642834319 5426271 289029524 121023180 416638108 830513145 825800677 42003197 664091800 859864787 901738133 246692641 120375536 953430524 562788797 258122661 80065884 566639347 787244356 305618581 357850927 145344025 109205066 479544574 242521587 863215769 104091842 250452901 233556556 325041628 797505732 179129305 529470184 145858225 358134780 188592418 176815919 232496547 220995676 103025523 890937654 407032539
96
266570200 255998839 337543566 555240142 709435466 174087374 746187215 134780930 986501220 3633040 646743564 343329747 613506413 985531283 144598938 424318268 893232355 411462735 98290049 975178818 924456395 516747610 309589558 842762902 329022306 973172149 195757588 607230798 274330159 113992007 652321747 607328098 81588885 755766834 377236469 287136606 947949058 590524301 897938553 368118893 578436646 825746489 773270509 689984490 522625064 821319279 944222976 890642687 652154906 126642152 583861265 604441775 886454282 312251371 84556604 720240639 821743079 217726310 804926080 213836547 379090552 536575053 15039894 563336718 186309503 883908939 218650111 345123851 683905004 840378482 89564350 341532882 754301913 939011416 988039142 90174424 54194902 763334150 997867535 300502741 369574448 418169368 286581601 781364389 80063994 491415365 711633259 510740759 433897383 403950651 328066331 973639691 319146728 567125859 115005596 689384797
94
249709462 251601565 422288062 774693827 622544520 664999605 660178857 526910822 383742821 152259807 88175701 81046888 374186443 483229696 410238408 628043007 402795630 414567658 702716811 651642049 375963633 254330572 452396515 325481862 159140102 347687259 257273183 135956877 215945754 524439027 735653877 308993280 87293122 321324202 259646901 489315064 785196974 448739319 627402425 797196198 654930318 587208015 276517734 437373152 538730315 577015128 479412184 394891462 744970583 399336544 296004810 439368997 279835496 327889578 334592906 225644408 312248666 447917651 407896898 477412591 794683112 965126554 844247035 789263555 495894949 265984089 505981616 724787585 681489263 479707158 291200740 551865524 524328150 267225316 210168128 382413505 862663836 506715805 37664076 362303389 439440155 520320664 695564286 426924326 554939671 780707180 737995131 741693758 505208518 488130794 513668714 354460897 428293785 216914067
96
731873308 166505548 419216743 805009538 953766886 938254084 668256461 397724268 254901919 914098963 515590634 224799898 252415407 105480201 703556996 262165284 41883744 822556816 475689390 525305679 615860693 203923778 937736743 380720275 779638211 667237044 554481664 956458928 152207393 418369018 118934864 9898494 269746684 99834871 767129039 639329970 856424738 845641684 978615807 183721381 598456771 408683715 698936611 249644470 76337735 364473476 957205765 490247861 206415060 106250336 705151580 965659720 50533204 413713162 48597421 830608647 407434262 122785393 559548885 692579984 261577604 357147347 592900862 379611687 168014565 361994884 93794081 14748493 930084864 94284345 817873909 223192336 914387889 303614569 180916000 79004818 892124838 42932731 628965303 199077631 100944157 826112954 83177591 116179576 886257070 357301616 792976437 447221438 705741579 963883197 170142020 435743374 175207645 782454596 519445294 158512404
92
241050386 547924170 638807842 653592175 794761355 860044283 571708509 508185103 818693519 760265967 439149469 346508505 559825332 812327815 934065897 721794935 509722848 460642843 729900768 691206049 658149809 977723384 973311880 960034157 789363782 705692988 610703410 696726953 797741350 628499983 368987243 507468191 916813484 600893666 603894664 980870388 734888007 482521798 744120664 951641613 809713045 579470265 389113703 300455401 372488928 744545769 997093945 872260716 805259545 718416164 499950918 635886779 618147640 249213936 480385016 896379286 961397739 950441381 962210053 569409071 227827969 494404558 774367317 948654133 992275417 966857757 772938875 572122481 494077387 630356241 649795720 646099356 826996214 702349456 363573257 500362382 763577997 743132854 510849520 401438903 706307518 901739460 788065085 624739025 802640439 604923267 454488628 762933449 523077132 379974504 634683899 365831564
96
249887142 672257611 444858823 152948707 341707519 696176680 644961908 201605849 377984042 379823003 532264730 969924450 686881688 214060286 73644635 304123234 639512729 805954190 464864799 453698689 613629742 243818423 157477980 148956551 225816305 394112800 301243486 524017809 461739699 57368908 436082440 438495356 110152540 380776420 548854104 332071207 210063173 531002295 474829067 198353471 168188043 283141988 637802203 738210729 600849319 577279759 610683965 367844757 553539375 756378447 400986188 206390427 326271838 328393733 101332335 203093223 610906983 611388392 337782112 668522593 941990016 657215500 482441141 565254720 487219630 637746373 489184642 187735787 464893138 358310287 230430434 343581186 335019327 465258297 434921097 182754725 434890271 885745967 719598729 679174090 566239811 543532432 864708015 605047229 630169416 894056026 797562014 428319066 163735261 539286004 602900179 501288119 791061229 734353117 553144575 286058925
92
222967659 530115218 532871969 231840380 387978694 597831019 524341213 426240735 620453650 955026771 746969368 314422854 395581897 837357958 509744731 71457483 79406381 189309426 331955638 328324463 415305244 386952224 175704898 272947065 551277846 750163072 689294980 369260139 344001665 571292113 584545156 429590159 465844357 573694492 423956889 498271146 763609911 917882430 858027273 498674529 618804227 824418049 566675527 382103944 162362595 213068680 208591056 376323942 502899674 455110026 334532520 32563559 261889474 694721693 754386886 415731921 372271581 372095750 226508028 521232244 536017969 612601064 919770552 759893818 765973966 655904371 634684921 803036089 690393987 378539222 393130040 465243849 525776560 782266035 559891558 261825959 239575047 257138186 360523257 347693624 124872581 88389432 406345572 576548833 727890755 964015777 671475060 485243327 575316554 543407353 522811637 267440580
94
590283643 831920912 354408673 386008007 525050095 737645170 844821067 653509198 502456903 427267109 593266147 631215409 557409456 447802096 296058858 169316786 518474289 722116301 584942641 519666607 276774410 271718002 281397809 249489334 607998860 690528354 685710089 782166216 657547347 806326122 651996280 249733204 421835265 845509575 693520460 573177162 751433484 475531080 579147798 860991661 820772997 689828780 768227236 858487178 690921219 727043662 492664007 249080337 264247714 393480737 394705409 449521339 792142156 804196395 657263888 481087692 645969631 842914905 694598735 552235772 413626808 617724384 581623380 333275564 459402154 615924767 657986001 433864984 611675564 617378072 669064622 786080803 685386839 544473759 538279324 768107129 539511075 411676648 463188043 504699756 614942800 813711779 928423954 899687931 723455226 723651173 671556453 533501473 569891537 352500596 386191251 757319877 912793849 529951649
96
286366398 745642087 565866723 112114094 96731318 236764676 154945723 433006749 664040266 587852882 370407816 478205217 825432885 475741909 381936056 552743250 473411886 366753502 629284221 835856511 543853705 176588245 489161694 888452526 615386260 294570554 402203145 728882055 806172599 554128981 617965423 789526184 673358412 456412038 328464396 711265729 523463367 343459241 563509533 560402658 681821344 751734752 859026305 684788178 373271843 192027316 382762548 835095049 946381748 467467004 320888553 514605928 322212752 546839323 894928560 624438135 272562697 433738834 733117666 449787873 468369527 459124478 116267789 518896700 611837744 265702583 479086546 556625226 636428702 590644649 137034231 281874456 374082758 566774978 558178850 291317725 559659909 648968119 489080188 625175591 801039076 602250385 317621759 333642149 683141698 751490054 646383924 450932377 220663625 418411589 362938486 398454966 755489509 858662928 519119351 87519081
98
435137541 0 463845689 732055499 299395858 249974462 404479286 379145198 515275132 567698528 349360936 464340988 456243189 473466263 735194880 608169012 474484279 713108420 543336265 341690951 570150899 405704941 228824723 418728730 573886802 603716716 398387702 472662574 489741012 94724042 140791974 327051391 260143987 390799354 371718112 466459778 861535373 703680410 558239640 478615198 664155959 866463568 633987508 315898029 454291798 442349413 397250511 721014381 676169308 589480124 576391705 345570092 221412650 326998306 351671799 396884002 323436780 413228300 794476277 726122264 265643764 102155913 88208127 389718431 654564646 311725569 131178839 166261349 352160487 539634779 551663017 419207106 594939778 501633683 328529562 612545690 456581501 298803223 596950003 565146954 604441516 961760224 943019161 535278504 334826644 654583124 592180214 314716865 243741504 425964801 407808121 158730475 205627090 433387485 515347989 599309110 432165672 61493449
96
498138658 361042756 774159813 128972346 29598875 3574872 235812067 572685603 544699440 424754341 539081336 893297454 400426192 299890950 198831186 642830243 40853672 668194985 254327394 116290666 175616853 313456532 172455280 425398740 473559913 923216364 135553159 983465185 795352860 774921993 750117914 37801251 727656479 901371236 66215130 233430936 711577430 477911793 65758760 272192683 92297243 898028068 315241657 247396558 201261521 225714566 683940398 131515687 213132842 165060203 387697804 679501276 702236200 4903383 760773162 55726186 266569936 221601334 967085606 58635641 48832247 248843909 558870205 207746046 706413133 364863689 712410499 386943417 279231975 962900814 790906912 445477592 244817534 812962317 164942637 645072540 987370319 667370636 800707668 719001586 507533119 208005594 808697275 660879008 59021559 263660017 267303812 659381352 243239053 183243641 653857750 5072558 946924426 590280693 558903826 82449109
94
111232512 258448348 612322882 883055767 753293695 710068758 572451697 664161431 638647415 543200502 578368231 392249236 291402729 421738941 697162602 605942055 515294173 376867097 225916618 468917396 590247803 566189058 498617813 674001493 514287946 159043162 294908867 426732403 301096910 221359732 379080531 604495068 712831479 776322725 675352726 536949668 411923501 531542690 824817777 818845189 472879508 112866612 95806029 68063647 175376123 574039684 871774429 665714391 442595392 431462729 375956072 347961395 578440829 725704752 418791531 423943872 710028291 536609953 403837456 637991682 791347100 599173252 367028367 343366382 357976015 587689177 705339742 400829347 490137477 621305616 706220891 917249476 627755254 162012986 380031059 509736682 549795389 436135396 306584969 565076150 506424335 715941065 623776884 225298500 411273804 716542682 607753580 507846244 686688675 419781279 37886333 127400856 180867531 61756446
94
213749556 671298019 639492505 247183817 58967717 101545514 303730743 567626566 678374714 455623602 356622324 458618025 341872771 127151573 294001730 671036199 528071989 350367097 684304622 491296183 113760746 480913213 793383485 666310104 584025972 336350598 273399312 665091021 822932721 602053346 647811021 751243044 727853455 825772955 512373084 296521994 353459685 317250351 511276927 365433749 430483208 792417090 807004413 828001279 400874235 302784905 437090488 267995585 387795022 269669865 369366224 694559653 299559833 307791659 801218263 833716054 834776168 697673843 209743562 84325001 224021150 117995498 255874403 313436819 206934784 299539732 303239602 640022969 762104313 768528738 850926892 802340215 417683796 383108443 454468384 207089985 530125882 781627234 757593108 658779475 375382526 479196513 553181051 245304503 484581580 868840788 528356000 142977983 175352069 254261347 306017673 447420810 703258357 368385109
96
175722098 0 182220914 316094155 506833170 458165938 100321534 494585460 829067659 776438322 874683372 558474660 418436461 417366088 547896509 476312322 212018019 460283006 432723190 381306099 282531334 157201107 315769005 316572459 404792516 489179340 686614044 954365798 878033447 778263177 652386037 532127116 421166334 179086143 290616420 751895268 502068222 368964802 526606328 207900567 298932340 566503659 327793967 284243445 535541048 315685348 185327217 498870815 500399255 206166074 94708222 126390794 493625622 574983096 282864755 278147910 311060845 515498065 360194501 479456981 599015578 588104951 519810872 302218893 568003381 801064852 482440981 471841495 703167738 285882461 279095178 646992096 491611966 468643197 607279834 607237021 601290547 603549798 841792684 664991967 669806157 541485619 437500517 829949432 769534678 554911100 435561094 633070063 789695337 825921327 580717840 259066267 578936795 867644032 520429658 57820537
98
634257601 0 276614064 278242566 362062446 853571194 643670907 157683058 320338030 789042543 556524058 522351808 715703071 293313688 322079493 755726667 890740712 459275250 82942507 201913039 351509016 698125348 714945039 567720247 496933880 446093475 315876963 295769887 704419077 502547930 315614905 398002263 384355729 439235544 245005829 376358373 337847414 279716682 716911222 811744117 524103465 649943113 637787194 570525848 889046803 468451370 254854220 438218739 619531745 664484773 695910081 876813094 823835761 834000946 714819229 695826928 787458314 520233442 494970838 640504970 431639743 617063253 877476391 762165185 386676354 244809096 220466563 313784356 433170425 185356652 292919572 346450313 130376942 215552505 602526034 483392615 244556450 310559676 477087920 466301000 538487230 808397390 816088036 465996494 106588104 539579815 866572814 441280552 503994406 527014266 373717984 686432352 642157900 292623228 349066047 749879201 917083765 464989841
96
655574394 0 238552769 317141818 166460646 267048745 420784249 349163310 457550654 468396334 495877172 561625336 543858909 557222464 305264244 486545061 862399768 855885872 481241259 606522058 944157513 866973120 601317378 254120371 408977839 832838134 890757688 527785679 515780537 464507273 453402952 429982688 428637771 494084158 346138863 383560563 376563240 295254496 212684750 428838766 598504995 398364396 157292220 201812756 383656444 377931882 253992945 132896920 448209674 779022887 444171332 573156456 606689398 615533401 889265566 786952532 832535523 585332576 542475595 433892934 180494346 496407308 516191901 214145385 126588884 196005505 341427267 534003785 558740287 408679664 610178121 722406619 613539043 552193110 435648516 450061070 526490775 502138860 230973772 155411433 454922072 688332672 621649118 280816584 65882922 336682289 514256062 661024690 672645950 515287025 594096624 625702398 331002898 497449629 571105163 103894602
