0 30 0
2
-1 1
2
2 -1
2
2 -1
2
-1 1
3
-1 1 2
3
3 3 -1
3
2 -1 2
3
-1 1 1
4
-1 1 4 1
4
3 4 -1 3
4
-1 1 1 2
4
4 1 4 -1
5
-1 5 5 5 1
5
3 3 4 -1 3
5
2 -1 5 5 1
5
-1 1 5 5 2
6
-1 6 1 1 1 5
6
5 1 1 -1 4 4
6
2 6 2 6 2 -1
6
5 6 -1 1 3 3
7
7 -1 2 5 2 2 6
7
7 6 7 7 1 4 -1
7
2 -1 7 7 7 2 6
7
2 -1 4 1 2 2 1
8
3 6 4 -1 2 4 6 1
8
2 -1 4 1 6 4 1 4
8
3 8 5 -1 4 1 4 7
8
-1 5 4 1 1 1 2 2
9
3 3 -1 2 4 5 3 2 4
9
9 -1 2 7 2 5 9 2 5
9
8 7 8 -1 8 8 4 7 5
9
9 6 -1 9 3 9 9 5 5
10
9 1 1 6 2 1 9 5 -1 7
10
4 5 10 10 4 4 4 10 4 -1
10
2 -1 2 3 2 10 9 10 5 5
10
4 3 6 -1 8 8 3 4 4 8
11
-1 8 10 10 1 11 5 7 1 1 5
11
4 9 6 5 2 9 10 9 -1 2 6
11
4 6 9 9 3 9 3 6 -1 1 1
11
9 5 5 11 11 9 4 11 8 4 -1
12
5 9 1 12 -1 2 9 12 12 8 5 5
12
4 9 4 -1 1 1 1 5 4 5 7 1
12
-1 4 4 7 1 4 5 1 5 7 10 8
12
-1 1 2 3 3 5 5 5 2 11 1 4
13
4 10 4 6 4 7 -1 4 13 4 9 2 4
13
-1 5 2 2 1 9 12 6 2 2 2 3 2
13
13 10 12 10 13 2 10 1 12 -1 9 10 12
13
12 4 6 13 4 5 4 4 11 4 8 5 -1
14
11 5 -1 5 7 14 3 3 1 9 7 7 5 5
14
7 8 8 8 7 12 14 7 8 14 9 13 5 -1
14
9 5 9 6 13 1 2 9 -1 2 8 1 9 9
14
7 14 8 7 8 8 8 -1 6 8 10 14 4 9
15
5 14 10 13 10 14 13 10 4 15 13 1 15 13 -1
15
10 7 10 2 4 3 15 7 7 15 10 3 10 13 -1
15
5 5 5 5 -1 13 4 11 5 15 1 1 4 4 14
15
3 11 -1 5 3 11 5 9 1 1 9 2 10 5 1
16
9 1 4 10 12 9 3 9 10 -1 1 2 8 15 4 9
16
11 16 -1 15 11 11 16 4 11 11 3 5 11 13 3 15
16
16 15 13 5 7 1 -1 12 4 5 8 5 10 1 8 11
16
12 3 -1 12 14 7 3 5 14 5 8 15 1 6 7 4
