0 30 5
2
-1 1
1
-1
2
-1 1
1
-1
3
-1 1 1
2
-1 1
3
3 3 -1
3
-1 1 1
4
2 -1 2 3
3
3 3 -1
4
2 4 2 -1
3
2 3 -1
5
3 3 -1 3 3
4
-1 1 2 1
5
2 3 -1 3 4
2
2 -1
6
6 3 -1 5 3 3
4
2 3 -1 3
6
-1 1 2 5 1 1
2
2 -1
7
-1 5 4 1 1 7 4
4
2 -1 1 3
7
-1 1 2 1 7 4 4
4
4 -1 2 2
8
8 8 2 1 1 1 2 -1
5
4 5 5 -1 4
8
8 8 7 8 4 8 6 -1
5
5 5 1 1 -1
9
2 4 -1 6 4 3 8 3 4
6
-1 4 2 1 1 3
9
2 4 8 -1 7 4 2 4 2
6
-1 5 1 3 6 1
10
5 6 5 2 7 1 -1 3 10 6
9
5 3 -1 3 4 4 5 2 8
10
6 6 7 8 -1 5 1 10 10 6
7
6 4 7 7 2 2 -1
11
3 7 11 10 11 4 -1 4 7 2 2
7
-1 5 4 2 1 4 5
11
2 10 -1 7 11 7 3 10 3 3 3
9
-1 1 1 5 1 7 1 5 8
12
8 1 -1 7 12 8 8 3 3 11 12 8
10
10 7 10 6 8 5 5 -1 6 4
12
11 6 11 8 8 5 3 11 10 11 -1 4
10
4 5 7 3 8 7 -1 3 7 7
13
11 10 8 8 12 10 13 5 8 11 13 -1 5
11
3 -1 5 3 2 9 3 6 10 5 9
13
12 9 12 2 9 9 3 9 7 7 9 -1 7
10
4 4 4 -1 4 1 8 9 3 9
14
9 8 5 14 13 3 8 4 13 5 4 13 -1 13
12
5 4 1 5 -1 11 12 1 4 4 5 1
14
14 3 12 12 2 12 4 14 12 4 12 -1 12 13
10
6 9 9 9 6 4 6 9 -1 6
15
8 11 -1 8 12 15 15 5 13 13 3 11 11 1 8
11
5 4 10 6 4 10 10 4 10 -1 6
15
2 11 2 14 3 7 14 5 11 9 -1 4 11 10 2
13
6 6 2 3 9 -1 6 11 1 11 7 2 9
16
12 -1 6 6 13 7 1 4 12 5 7 2 12 6 12 12
15
14 1 10 10 13 2 10 -1 6 8 1 2 3 10 10
16
15 7 8 15 4 7 -1 2 16 15 2 11 2 7 7 15
14
14 12 14 12 13 2 14 12 14 4 7 13 -1 13
