0 99 5
100
-1 46 73 71 73 73 11 13 41 86 54 62 20 45 80 55 100 55 92 1 13 97 20 82 71 52 82 97 64 93 78 5 29 51 81 20 31 47 41 10 95 53 76 71 11 20 79 23 64 72 55 80 45 58 20 84 7 15 41 54 11 8 58 80 73 69 8 97 48 48 75 85 72 82 20 6 47 20 73 31 10 52 80 54 54 20 83 69 18 64 69 30 20 80 54 30 3 49 6 6
100
86 84 88 10 86 95 13 51 82 97 48 75 46 38 46 97 4 46 51 4 87 97 55 54 73 41 37 99 97 99 42 3 16 92 93 30 48 99 35 57 93 41 72 30 51 3 -1 30 78 13 18 94 25 98 86 50 94 57 93 97 96 90 44 90 90 98 97 49 46 99 1 87 46 4 92 97 57 93 33 13 80 97 72 96 25 97 22 99 15 70 72 82 33 93 41 76 47 29 49 60
100
24 64 70 70 67 9 94 35 92 31 48 100 45 56 91 80 38 81 34 34 81 42 4 73 95 94 30 87 80 85 28 99 14 40 26 94 31 4 91 51 45 73 86 28 26 69 87 93 38 80 53 28 100 41 68 30 13 37 19 79 79 41 76 87 56 72 99 41 100 24 75 60 91 -1 99 100 49 70 64 37 57 77 92 92 88 26 74 38 72 60 87 53 38 72 81 26 91 64 88 87
100
41 68 100 29 35 27 58 37 84 13 29 96 2 92 90 81 100 32 46 51 29 31 29 40 79 3 40 62 2 50 87 23 86 23 45 13 69 7 34 96 34 77 19 52 13 2 31 7 14 16 86 20 51 75 20 95 81 12 45 14 74 86 25 3 46 28 69 -1 2 16 14 48 41 35 19 58 82 49 54 79 74 86 40 41 2 84 69 3 16 69 70 53 74 55 31 16 81 20 46 87
100
56 65 31 18 39 57 38 2 81 90 75 99 29 31 55 96 60 92 60 2 10 7 63 55 48 55 18 3 98 51 11 48 38 48 31 88 11 68 38 99 45 51 15 92 98 90 80 68 55 65 38 72 60 18 11 99 31 60 29 11 58 35 99 2 55 32 73 18 68 46 58 81 35 99 -1 27 38 90 10 46 60 7 65 20 78 98 86 31 72 88 49 74 68 17 45 18 11 17 65 59
100
40 78 89 89 41 100 84 50 77 35 87 87 19 22 1 4 10 77 24 90 19 19 94 -1 70 90 54 14 80 90 14 28 40 89 19 4 55 33 45 4 90 55 35 43 35 35 100 40 33 43 28 81 34 89 14 12 28 65 50 30 89 52 51 40 52 95 93 1 14 81 28 32 8 46 97 40 84 55 30 22 41 87 46 90 66 83 4 22 66 19 76 22 97 22 28 8 50 59 35 81
100
18 12 69 58 68 73 26 41 78 79 79 3 87 34 52 97 4 3 89 3 49 4 46 60 100 97 18 21 24 7 49 8 41 18 75 96 24 49 24 12 96 88 46 1 9 73 3 64 22 21 12 93 63 75 29 19 85 2 35 47 86 18 97 26 3 1 12 100 -1 86 46 58 12 87 90 4 78 47 41 64 31 96 74 22 19 87 27 58 47 18 9 47 1 39 93 86 3 47 22 51
100
86 46 62 38 46 77 100 26 5 79 5 99 69 20 61 69 73 64 17 75 22 5 17 31 16 79 75 30 78 95 46 83 5 77 2 26 87 84 75 69 84 75 95 2 62 80 87 7 65 65 100 77 89 35 47 49 22 64 24 52 68 52 40 20 2 37 37 2 11 79 5 57 75 31 46 46 16 61 61 -1 65 57 99 27 52 84 31 57 49 46 60 2 16 83 33 98 19 99 26 92
100
31 86 31 18 56 3 39 92 56 59 68 96 15 20 86 8 86 40 87 36 58 12 100 52 8 45 -1 77 28 77 74 46 90 84 24 100 49 18 70 36 97 44 24 99 86 7 85 58 39 74 33 18 33 98 62 45 46 4 1 85 42 10 96 98 50 3 13 77 52 90 86 12 92 86 97 81 59 13 59 58 45 15 62 50 99 27 52 7 7 10 20 86 68 17 88 86 17 100 4 39
100
82 15 40 86 87 87 52 56 55 69 18 69 22 13 46 1 23 22 81 23 27 41 26 11 3 3 64 59 58 90 15 6 72 72 81 37 66 41 1 -1 4 9 9 26 37 3 27 13 55 84 11 3 90 96 3 3 13 3 18 46 92 100 99 61 91 58 91 67 76 66 79 98 29 88 64 70 88 56 29 84 52 98 76 86 3 64 61 91 12 56 41 82 78 12 28 61 99 76 87 69
100
86 71 15 70 51 55 61 73 48 24 64 43 8 67 71 -1 60 60 68 77 79 49 65 40 74 93 97 31 96 88 97 23 1 28 88 86 4 79 6 31 82 63 100 51 28 22 79 65 91 37 73 23 74 2 93 60 44 100 99 30 98 4 88 75 30 23 22 12 24 47 88 15 97 70 47 12 48 3 57 75 48 94 48 7 61 40 36 16 75 88 88 86 38 38 28 74 78 63 91 88
100
69 92 79 67 38 98 17 6 100 65 12 52 47 80 80 47 77 26 35 69 33 83 84 2 2 65 98 72 38 36 60 33 29 100 58 2 14 37 90 76 38 69 46 83 24 32 57 35 10 10 62 55 47 83 41 8 58 2 2 26 2 2 66 4 76 40 25 49 57 74 74 62 40 55 36 43 30 52 52 24 69 40 41 94 43 26 96 43 35 4 25 -1 77 85 34 29 45 85 20 51
100
21 66 48 35 44 66 57 21 48 21 89 36 52 21 70 77 70 75 2 62 82 17 84 70 66 31 61 -1 63 73 48 99 48 95 69 79 81 35 33 26 97 37 20 56 65 47 68 73 18 23 33 77 70 18 58 77 79 22 18 10 70 17 79 35 15 9 27 15 22 28 86 15 70 42 24 4 100 60 15 3 17 59 46 18 1 98 85 45 30 76 98 99 70 38 25 18 22 73 22 79
100
13 68 37 91 16 34 33 42 83 14 54 74 92 42 24 72 100 23 46 66 37 14 28 41 91 54 78 73 21 37 87 20 49 39 67 52 17 39 8 98 20 86 42 20 97 11 80 37 14 58 16 26 93 42 2 96 16 11 44 91 14 47 31 78 76 39 96 42 22 91 38 11 49 25 57 51 4 39 46 8 42 45 49 95 28 -1 88 8 69 53 29 37 11 77 49 54 28 10 89 42
100
62 19 55 38 47 42 12 36 62 27 26 49 98 2 39 19 79 78 86 49 59 94 21 47 6 52 29 38 3 64 56 25 44 79 53 55 49 36 37 16 85 -1 36 60 39 85 64 3 59 86 34 49 23 32 6 29 25 94 6 36 85 24 99 6 99 37 40 89 63 98 46 61 45 2 39 36 24 46 57 21 23 43 19 13 45 34 6 34 57 16 35 49 61 96 57 57 58 47 32 6
100
23 16 47 25 96 16 15 43 53 36 63 73 15 63 14 41 22 34 14 25 19 3 11 53 96 25 25 47 62 44 92 88 51 100 77 11 100 6 35 36 8 49 15 15 72 56 19 7 75 27 73 27 62 2 88 77 2 80 63 8 36 36 82 53 9 90 16 40 81 5 81 34 90 94 25 80 5 48 8 100 92 -1 68 61 63 4 6 23 83 63 43 73 15 51 41 63 32 68 38 9
100
93 70 70 32 2 34 37 13 8 38 68 76 42 89 76 3 8 53 34 64 64 60 41 66 32 31 76 20 68 5 36 13 37 78 23 8 31 4 69 30 78 65 61 3 51 93 45 31 83 51 60 31 57 53 95 88 78 12 15 66 13 100 78 76 57 34 41 22 36 100 12 -1 63 46 15 86 88 72 41 8 79 41 64 19 24 26 62 60 34 34 89 57 70 61 32 57 28 79 38 41
100
7 4 89 38 62 16 97 3 16 43 10 99 16 94 37 21 83 28 81 62 51 21 30 67 76 35 63 72 4 99 92 64 56 62 65 81 21 74 61 29 7 19 81 76 12 61 19 20 16 13 -1 37 22 28 63 30 70 96 43 38 21 79 61 56 43 23 37 35 31 37 58 89 62 5 86 38 95 19 19 61 50 36 30 20 46 79 49 70 61 94 23 4 96 38 17 72 72 49 37 36
100
74 84 64 67 39 62 6 97 13 62 59 59 77 52 37 5 43 97 26 59 39 27 59 22 83 96 16 27 47 23 20 97 80 23 53 59 69 26 56 39 27 73 22 26 39 28 38 27 70 81 87 87 96 7 39 -1 28 96 10 82 42 96 96 39 23 10 39 12 86 28 48 91 27 94 30 94 39 48 32 82 5 59 66 82 77 73 96 90 98 2 39 63 84 59 41 86 39 99 16 27
100
98 68 70 85 61 66 80 26 86 85 54 29 -1 68 88 36 15 37 94 37 4 4 59 93 75 93 64 12 77 31 28 28 35 29 10 4 59 82 34 4 79 90 93 93 77 25 100 32 9 75 74 79 91 77 52 92 93 7 4 81 93 78 61 93 28 20 87 28 64 73 87 28 72 31 77 22 60 36 4 68 93 81 28 69 72 12 77 60 79 59 87 4 13 61 100 24 83 93 93 77
100
24 94 94 2 69 10 26 26 62 58 63 47 28 -1 43 83 1 94 75 66 26 17 96 34 95 56 34 24 2 51 90 95 50 14 97 21 30 99 70 99 54 76 34 47 34 64 5 62 43 45 62 85 51 10 9 78 18 69 56 96 76 90 69 9 13 34 9 94 34 17 36 41 26 48 7 87 95 62 87 34 86 64 26 80 83 65 21 9 11 66 20 49 13 76 76 61 63 42 24 44
100
12 26 30 17 4 64 36 4 53 72 7 18 7 87 84 84 11 13 75 12 23 14 67 29 65 84 85 29 70 70 84 60 63 74 34 -1 1 17 45 85 29 26 13 35 84 79 39 2 74 7 86 45 33 90 40 4 30 16 69 70 93 5 13 93 56 77 7 85 78 39 58 93 7 61 72 9 30 70 73 85 30 69 33 65 4 8 43 7 81 11 40 73 7 50 77 64 8 87 52 10
100
5 83 61 76 53 46 69 89 98 2 46 44 89 66 7 84 1 -1 92 1 72 57 26 83 88 66 89 98 88 36 59 55 53 69 65 5 69 78 92 19 59 95 7 83 69 24 32 49 55 25 55 8 18 34 83 94 42 7 49 51 92 40 88 32 83 42 68 57 5 96 14 77 65 79 40 57 33 77 33 28 4 71 53 55 4 91 98 69 34 43 31 53 59 97 5 14 5 55 10 64
100
43 50 87 67 85 61 6 29 35 23 76 41 45 80 96 24 12 25 78 41 61 84 38 9 99 11 67 8 39 50 62 61 35 69 6 5 89 61 66 8 66 9 53 89 31 19 31 65 69 39 71 37 37 15 99 29 49 77 9 79 66 66 84 6 29 83 6 47 85 40 61 34 39 58 67 32 11 39 62 41 99 17 -1 29 76 56 84 75 29 21 73 26 58 19 37 39 71 17 6 11
100
85 11 52 38 14 24 80 39 22 56 22 78 9 59 56 90 78 23 56 40 40 57 87 38 29 47 49 87 51 11 94 99 58 26 92 64 32 22 22 59 17 74 33 98 63 78 17 63 48 32 78 43 75 68 12 46 68 15 78 36 64 15 78 55 18 55 34 26 4 31 8 4 28 81 29 86 74 83 87 78 26 97 -1 8 26 26 22 39 55 81 37 60 29 85 85 100 78 63 75 95
100
68 55 59 96 88 86 12 24 37 61 27 9 20 -1 97 100 11 59 67 42 15 61 11 91 49 37 48 67 81 72 100 25 36 50 1 7 97 100 43 30 12 49 56 17 12 100 73 29 12 100 78 78 47 29 52 86 38 60 7 100 82 38 45 24 21 96 15 86 31 97 48 38 96 91 49 41 29 98 82 53 100 100 98 73 50 97 80 97 87 98 12 57 70 2 79 16 85 46 45 14
100
71 50 52 43 87 15 90 76 19 78 86 87 97 10 19 78 83 28 37 64 71 19 71 50 71 5 59 21 32 65 71 5 76 71 66 50 -1 31 42 99 57 9 71 9 22 31 42 13 30 33 38 34 89 19 62 66 19 9 19 40 28 71 91 43 71 27 86 73 64 2 68 90 58 65 78 19 61 19 60 31 48 19 82 42 35 74 19 33 76 94 19 74 59 86 65 64 43 30 62 1
100
43 79 2 70 93 86 54 86 2 88 38 35 17 25 44 27 2 45 30 2 27 2 86 17 7 2 14 1 68 44 12 9 62 17 47 23 9 94 33 3 94 14 2 2 69 7 98 29 93 93 45 51 82 85 83 7 11 70 83 77 29 27 22 7 25 5 88 7 77 9 96 26 80 41 30 61 2 50 -1 7 70 2 25 41 32 7 88 5 33 87 98 94 2 7 41 46 34 7 19 57
100
14 49 73 6 13 14 76 32 85 61 7 54 79 29 68 38 6 76 60 73 92 61 68 41 5 94 41 88 36 47 74 41 37 7 32 32 15 15 52 60 53 37 39 67 52 94 61 68 61 86 71 90 19 85 13 38 68 11 52 68 73 88 68 18 73 80 32 75 82 60 11 18 50 48 -1 68 17 7 48 60 6 92 10 60 38 6 79 63 14 61 41 63 68 88 6 26 79 74 32 14
100
30 66 36 96 41 30 79 6 91 46 96 46 78 9 75 26 6 51 91 46 71 25 64 80 90 36 1 24 26 51 19 95 71 46 64 51 64 15 31 1 24 92 24 91 -1 51 35 78 15 6 45 16 98 71 100 50 22 75 22 25 12 22 22 96 25 91 5 58 41 64 89 64 58 93 51 3 76 80 22 51 95 57 51 51 31 26 96 46 23 34 71 50 91 81 15 82 25 31 3 16
100
100 93 15 71 87 37 85 93 73 49 9 24 55 71 48 8 81 9 82 12 77 23 66 55 54 17 43 86 82 82 6 60 55 14 18 44 36 48 8 16 6 85 78 97 63 32 12 60 100 84 54 44 36 64 96 72 7 93 55 13 5 15 88 18 62 16 11 45 13 59 72 8 55 10 47 57 13 94 58 45 59 75 78 55 94 56 15 50 18 50 23 88 78 87 47 -1 55 94 72 48
100
95 89 60 64 41 41 44 86 49 6 81 17 5 74 29 33 67 17 -1 13 66 52 32 29 98 70 41 15 45 10 23 89 43 59 56 37 13 59 77 58 19 20 71 55 81 45 4 98 82 87 37 23 71 66 37 27 90 31 79 41 92 31 85 15 41 25 90 72 56 32 29 89 81 45 32 69 40 66 69 8 31 6 4 72 41 85 53 43 82 3 6 97 3 58 68 71 41 92 73 44
100
40 81 77 68 62 5 36 1 11 5 26 90 59 84 34 41 46 81 5 58 26 69 40 12 85 70 84 60 81 14 66 17 84 84 14 94 96 55 58 3 34 20 26 76 2 40 37 81 17 60 60 26 81 17 40 90 88 26 33 3 39 30 82 29 84 37 14 29 94 72 15 46 33 40 6 18 -1 35 10 18 90 67 43 60 37 17 26 18 68 3 44 90 59 81 20 80 20 14 27 18
100
52 64 15 57 85 60 6 93 97 35 25 40 27 36 31 64 6 23 68 96 94 85 79 83 24 4 85 58 85 49 6 31 67 2 88 85 93 32 21 83 23 52 15 25 6 64 56 10 96 96 15 36 83 18 93 29 96 27 6 73 8 22 45 98 88 27 49 96 83 67 27 25 24 57 17 39 99 95 71 83 23 39 21 16 39 41 25 96 74 53 39 6 21 -1 29 93 66 65 88 88
100
55 56 69 72 66 20 99 22 84 25 59 98 98 20 38 22 59 37 36 54 74 54 2 26 77 1 35 93 20 55 26 74 54 33 55 54 20 80 20 10 54 -1 54 13 57 12 33 11 46 54 67 86 59 42 88 33 93 98 31 33 36 56 99 22 13 47 57 33 55 37 12 54 36 36 22 47 59 33 56 11 36 62 11 93 16 62 58 4 28 33 36 20 20 21 79 11 69 36 69 69
100
91 85 42 14 80 83 15 93 14 54 63 93 15 93 90 82 49 63 5 63 83 57 33 14 40 75 97 48 69 95 85 63 90 95 96 75 80 2 30 14 73 55 15 31 70 94 93 7 12 80 94 71 85 32 63 49 75 15 8 15 -1 73 90 90 63 1 15 53 7 2 42 33 15 75 80 6 33 95 40 56 22 55 7 46 33 32 97 90 33 61 90 63 66 33 90 19 55 90 33 95
100
19 89 63 37 86 47 85 22 100 35 1 85 83 83 90 81 7 72 79 36 1 6 66 47 6 6 22 74 76 28 79 11 51 56 24 96 79 19 91 82 11 65 44 82 88 15 28 28 36 39 28 38 25 24 41 28 95 36 39 42 45 19 21 38 25 76 59 93 28 36 84 21 90 -1 18 89 65 35 42 60 28 65 46 25 34 18 47 58 72 33 30 52 17 27 60 48 80 72 21 67
100
84 31 54 52 2 19 79 60 3 5 55 93 37 6 45 9 100 24 28 52 81 88 60 80 6 89 99 42 53 78 1 88 37 13 14 17 81 33 99 85 81 18 9 7 33 30 91 27 28 24 12 90 55 7 54 52 38 98 46 41 62 13 94 66 48 98 70 27 43 7 100 34 13 1 87 22 24 24 62 -1 27 54 52 77 24 91 17 79 46 50 99 87 4 26 3 47 24 62 100 24
100
12 84 85 83 67 83 29 93 18 23 77 75 77 1 38 41 15 23 15 44 16 70 17 12 17 80 84 69 15 81 16 77 4 12 22 12 83 -1 18 83 71 79 56 23 35 29 79 22 10 83 17 13 77 80 75 25 93 89 63 7 23 7 16 60 79 44 25 40 75 15 77 13 35 93 15 52 29 23 83 100 77 87 70 12 15 12 80 70 69 57 74 71 47 6 15 23 36 6 20 1
100
57 7 98 13 34 23 32 22 1 21 96 14 54 76 -1 66 62 7 28 93 63 13 15 63 87 6 61 23 32 57 65 23 23 82 57 57 81 42 57 94 53 49 76 94 65 33 62 20 98 53 73 7 63 94 13 4 6 7 36 72 81 20 93 58 71 98 23 33 82 63 87 7 46 36 93 57 65 45 98 81 64 6 18 96 98 7 98 46 23 49 58 69 23 63 84 32 18 33 63 24
100
36 42 38 6 93 24 36 66 90 25 29 39 82 18 4 76 19 42 75 54 51 2 79 36 54 7 6 18 87 100 36 4 84 54 19 42 64 2 42 18 78 88 45 93 12 84 39 94 28 100 75 42 93 59 58 49 2 19 2 92 52 30 46 97 54 39 93 89 77 42 73 7 36 18 39 74 5 72 51 97 26 72 35 2 33 6 19 -1 52 46 49 49 17 18 92 67 74 27 80 17
100
20 1 47 54 22 89 12 42 96 21 50 29 29 71 50 57 65 58 71 59 13 29 12 91 79 29 53 100 97 56 12 98 23 9 6 88 31 73 55 43 78 20 88 98 30 37 59 88 22 6 10 85 93 21 91 36 88 53 22 96 26 56 57 6 37 32 37 96 77 26 29 48 13 92 13 91 22 44 14 10 91 12 96 80 76 13 94 93 22 29 36 44 71 46 13 95 -1 12 61 71
100
65 74 71 14 47 91 38 42 65 97 8 29 36 19 39 86 48 45 -1 70 14 92 42 5 60 50 72 97 14 79 96 43 38 23 36 8 17 70 14 8 37 14 100 57 56 48 81 44 91 100 6 43 40 8 40 39 15 60 48 52 45 47 34 27 39 38 84 46 55 48 36 20 48 84 76 91 28 80 56 91 70 36 9 11 93 36 14 89 81 47 43 21 33 59 83 79 43 79 13 14
100
24 37 13 66 56 91 89 97 75 71 59 26 92 90 85 23 88 5 80 85 86 64 64 71 99 90 92 92 25 55 51 79 92 90 57 82 95 11 79 62 73 67 -1 91 99 53 66 99 66 3 100 83 26 48 87 71 93 68 92 64 2 84 4 89 86 89 8 72 13 88 30 86 50 64 71 20 37 27 100 99 60 64 40 71 89 84 13 69 97 93 14 43 92 79 69 3 92 32 90 84
100
23 23 10 44 50 23 17 88 65 35 93 16 89 99 100 44 23 69 27 6 100 80 37 50 61 80 20 15 95 99 11 10 98 35 6 33 -1 11 97 23 68 95 8 98 11 80 71 44 27 98 21 64 34 95 71 91 11 71 34 40 36 45 35 44 68 80 2 100 84 48 48 5 100 99 12 88 95 35 71 78 99 89 91 96 70 23 64 17 7 43 5 30 78 57 21 6 99 23 51 17
100
51 65 40 9 32 78 51 45 94 49 89 30 7 17 17 28 11 52 96 9 71 98 26 98 62 35 9 69 -1 56 64 7 1 36 89 33 71 52 43 98 72 51 31 28 11 11 98 64 76 85 52 29 81 68 64 31 31 59 94 31 65 42 28 52 55 85 30 89 7 1 7 52 48 87 9 56 62 49 43 30 49 60 8 52 87 100 68 30 52 28 60 23 37 11 84 98 69 97 49 73
100
97 3 46 47 36 33 3 77 79 16 58 1 26 78 22 26 22 65 38 44 97 79 84 83 16 58 70 100 51 64 35 68 30 -1 82 64 28 58 20 76 10 45 60 70 9 78 80 46 38 71 59 98 80 80 12 35 8 34 48 11 83 11 61 92 22 81 92 92 11 45 49 20 10 91 51 3 68 58 51 56 95 87 26 20 21 38 44 92 49 37 56 58 94 24 100 26 11 60 3 38
100
19 65 18 78 20 38 52 76 100 89 34 19 11 65 99 99 97 15 81 23 62 41 50 69 3 15 40 69 16 16 6 51 45 96 47 -1 1 16 15 99 89 67 64 58 21 40 94 93 70 40 99 48 47 8 11 38 61 94 33 93 60 71 16 14 99 67 40 65 4 68 34 50 64 47 14 68 29 81 96 44 51 89 55 56 21 18 31 19 45 11 19 35 15 69 72 44 29 65 36 66
100
89 28 19 82 4 18 47 5 51 5 47 61 5 93 91 2 91 19 61 85 46 14 64 54 12 44 46 61 28 4 49 29 19 59 14 77 3 91 14 31 28 77 80 64 41 25 61 49 11 47 47 -1 71 25 12 10 67 67 18 61 52 17 25 99 39 38 14 7 6 49 49 59 64 89 100 41 4 15 31 12 63 12 76 19 64 38 44 56 18 71 47 12 28 39 85 4 61 28 19 41
100
60 61 32 54 54 57 32 38 19 98 52 71 65 55 26 67 -1 80 95 83 64 27 50 49 11 17 86 84 18 60 6 79 67 100 78 26 6 83 6 48 31 43 27 59 77 77 31 15 54 18 80 15 11 26 80 20 80 81 52 6 21 67 67 15 52 98 26 95 43 15 46 63 29 21 91 27 21 27 67 26 95 83 62 80 4 54 78 38 61 83 79 20 26 21 54 15 77 79 100 18
100
7 60 71 1 26 8 5 10 47 98 66 54 69 77 88 30 21 50 26 77 77 58 56 19 49 83 18 26 49 27 29 54 20 23 96 20 88 5 83 61 75 43 18 4 21 56 18 62 18 -1 15 25 54 49 28 43 55 14 98 59 20 26 49 62 97 88 71 10 98 69 49 100 10 87 54 7 18 27 35 1 92 18 82 96 77 58 30 56 82 48 23 77 68 48 1 30 96 28 7 46
100
57 19 22 90 -1 77 90 39 23 88 1 40 37 17 47 63 59 54 38 96 3 37 12 16 59 72 77 85 86 17 58 6 37 60 80 57 57 96 32 50 14 75 59 22 23 17 63 13 57 49 37 87 63 63 6 76 5 79 61 40 40 89 57 75 100 73 22 61 38 50 95 85 38 97 28 20 57 47 28 95 13 32 97 71 40 47 37 96 6 63 47 88 95 12 28 36 33 36 49 32
100
72 15 78 11 23 58 95 78 1 47 13 22 44 15 67 63 21 23 30 79 13 72 21 38 41 30 14 8 72 11 75 31 66 80 42 61 76 11 93 84 56 15 21 -1 77 66 67 51 78 11 57 75 82 19 13 12 46 21 73 52 70 22 20 99 54 75 9 33 13 72 32 13 70 23 99 8 3 13 2 75 78 83 2 42 54 24 8 1 15 35 30 74 17 41 52 14 60 31 96 62
100
59 83 93 98 98 19 97 86 8 38 4 33 8 74 97 87 56 38 45 86 75 98 7 64 4 45 48 35 73 71 78 58 94 22 6 55 38 73 42 94 33 67 83 52 38 55 94 97 18 9 56 75 100 83 22 4 76 20 69 29 42 89 59 4 91 98 56 33 96 2 18 21 46 99 86 97 57 26 34 94 24 79 22 22 14 30 40 27 37 -1 76 30 86 98 41 34 98 90 20 37
100
35 42 49 28 27 62 66 47 30 8 88 52 35 57 58 27 49 78 88 85 22 6 35 38 14 75 45 95 30 34 97 42 49 36 6 47 53 96 96 57 53 97 62 37 -1 91 27 78 27 14 65 96 47 40 26 7 33 6 16 42 33 49 13 90 16 42 2 77 87 80 16 36 100 53 27 39 31 84 81 34 3 61 33 100 84 41 34 3 80 30 37 100 17 74 37 3 24 44 16 47
100
9 40 41 9 4 27 -1 81 7 98 52 53 56 1 53 91 4 35 82 90 25 15 59 1 98 9 40 4 71 77 96 40 86 30 54 8 17 39 54 9 77 17 17 90 3 72 1 20 80 29 47 77 90 14 89 24 44 47 24 64 69 47 28 1 98 53 96 58 76 40 9 5 86 88 86 24 5 89 14 76 84 4 98 61 5 54 65 76 37 28 37 85 97 56 44 51 51 84 21 73
100
77 88 1 67 72 63 47 99 68 28 13 31 5 31 24 51 26 28 10 4 33 67 100 72 59 78 85 85 19 5 23 72 77 85 43 88 34 85 32 96 77 72 24 29 24 28 23 78 33 74 78 72 34 74 22 2 34 23 30 31 86 77 67 27 31 36 77 1 6 31 50 100 57 23 88 91 100 85 12 3 49 21 -1 42 100 24 5 23 59 62 75 46 18 87 78 1 14 1 42 83
100
89 52 76 30 70 68 28 49 68 100 10 63 32 62 95 43 72 87 23 46 100 46 72 40 21 90 24 8 68 68 57 27 62 43 25 52 46 68 72 -1 21 19 100 49 48 87 98 32 27 3 37 72 99 46 22 77 23 21 87 87 58 72 18 14 27 34 85 87 29 23 32 24 76 27 59 100 71 21 44 50 18 50 13 20 49 18 24 73 52 76 96 16 17 74 52 74 100 27 42 24
100
46 65 46 56 87 74 58 60 19 69 76 69 3 17 76 67 76 82 53 84 84 18 25 18 19 36 29 44 17 10 92 97 30 18 92 11 54 93 50 10 82 54 35 72 19 54 61 69 16 69 94 64 71 93 34 53 64 30 37 35 74 97 64 50 93 3 69 71 99 40 50 22 11 54 22 35 72 71 95 10 67 48 53 69 36 48 25 22 16 94 69 67 40 95 22 35 48 76 -1 19
100
88 22 37 8 23 53 53 22 44 36 2 100 100 40 36 53 60 94 56 100 59 77 69 45 15 47 56 7 59 83 22 34 66 45 97 47 6 53 22 22 14 26 89 10 22 66 92 5 14 17 22 91 56 60 20 94 36 23 45 35 51 8 97 92 63 89 7 47 2 88 83 34 37 35 69 11 -1 32 35 36 97 6 51 40 10 14 28 80 100 11 20 40 2 51 23 35 59 19 80 23
100
76 59 58 83 96 81 66 59 39 40 77 84 66 37 61 42 15 31 61 71 31 81 86 27 82 36 55 68 95 39 59 48 75 63 42 64 25 7 3 59 90 61 47 4 58 44 42 80 98 11 26 76 78 73 -1 67 12 27 24 68 27 36 81 100 31 94 24 84 44 24 40 87 39 18 15 14 3 42 86 68 42 80 50 27 28 68 97 77 68 3 3 45 84 72 58 59 47 86 3 27
100
39 33 42 43 29 85 49 67 33 72 99 49 49 8 67 13 43 88 -1 85 7 55 78 9 18 85 75 9 65 32 18 90 8 75 6 7 7 5 6 8 90 77 18 58 36 60 70 79 67 54 21 100 61 33 82 40 18 54 98 44 100 66 31 7 15 9 19 89 21 33 90 75 42 97 7 4 48 18 69 17 29 91 88 33 89 55 96 67 67 85 76 93 46 12 78 89 78 93 85 88
100
35 87 8 31 99 87 83 54 60 17 97 34 -1 16 6 2 100 47 77 77 87 36 12 90 47 18 100 31 48 20 40 4 74 31 20 54 44 74 20 13 94 84 17 34 36 45 74 94 2 57 55 97 84 77 94 15 12 15 40 43 1 68 40 30 90 91 34 43 25 93 84 6 49 40 2 63 74 47 71 10 14 100 18 40 63 25 84 93 29 99 11 37 25 100 44 44 71 97 71 31
100
98 68 32 8 13 49 32 23 62 77 8 69 84 10 35 27 68 34 62 26 4 76 32 69 56 84 73 39 27 63 25 84 71 70 18 45 27 26 32 57 72 11 3 73 26 54 81 77 45 73 72 72 62 71 37 29 33 71 99 23 18 45 3 6 67 77 44 37 67 26 70 23 84 52 23 11 44 74 44 70 3 73 51 91 14 53 96 53 84 13 -1 42 30 49 81 34 29 81 29 63
100
41 22 13 55 69 59 72 72 17 36 9 92 58 49 52 56 26 92 26 30 50 6 94 26 40 53 58 26 58 58 58 14 72 98 55 17 45 24 33 17 55 54 75 19 26 29 59 75 59 59 42 24 -1 17 69 17 44 92 26 13 90 61 35 95 76 45 100 62 31 90 35 26 64 76 13 58 55 17 54 15 95 35 94 47 26 49 28 94 85 58 33 94 24 44 26 29 98 59 56 59
100
84 75 21 59 38 56 89 81 17 21 78 21 69 92 69 76 53 73 1 4 78 21 95 97 12 59 30 11 1 56 79 3 11 18 94 65 22 11 78 4 52 45 94 25 4 61 4 4 3 59 79 68 39 80 79 78 67 78 17 84 21 17 78 53 21 -1 95 63 48 38 17 56 80 1 4 56 75 66 1 4 22 48 72 47 56 48 45 63 78 58 72 58 19 78 56 63 78 10 40 6
100
9 35 74 93 10 78 50 93 58 74 2 45 31 9 52 74 98 21 75 8 83 85 99 4 74 22 29 23 43 36 53 98 89 79 68 2 58 80 64 11 8 30 64 61 57 81 6 55 36 70 8 58 3 13 11 73 35 13 26 58 60 29 79 74 98 88 73 95 75 2 22 79 93 76 64 -1 57 16 2 10 54 94 93 37 28 9 54 52 39 25 39 37 85 24 25 4 8 64 74 96
99
54 18 48 56 11 61 97 75 10 91 66 77 59 83 88 79 97 79 75 85 7 71 79 -1 31 17 55 65 61 63 96 82 47 72 96 59 19 7 32 12 39 18 8 12 16 57 97 44 66 16 19 75 19 82 90 67 65 98 32 32 23 26 12 63 97 75 58 84 39 74 52 33 60 40 58 79 62 59 97 50 43 14 93 60 54 88 63 12 63 40 32 76 97 67 52 77 24 38 76
100
37 33 87 40 4 8 83 -1 31 7 43 37 33 15 27 52 56 40 90 86 16 66 27 33 12 27 8 25 69 97 26 49 23 58 50 59 98 23 97 51 53 95 98 51 61 86 40 98 33 19 57 59 86 59 54 33 46 26 25 80 87 70 59 75 80 53 43 87 89 68 79 59 49 100 24 59 58 40 87 15 87 71 15 26 33 27 19 36 40 83 87 80 68 79 31 1 40 27 54 46
99
45 29 51 56 83 61 83 25 46 34 28 13 2 44 71 73 29 34 2 93 70 83 61 40 13 29 80 97 56 68 1 62 97 64 39 13 62 34 26 34 51 71 33 26 62 34 14 39 58 97 29 10 44 28 36 -1 63 41 15 25 17 47 83 79 94 17 13 77 24 13 17 42 83 34 73 45 62 23 41 33 94 59 59 47 84 51 26 39 52 64 21 86 62 83 86 53 29 77 13
100
22 45 29 86 39 84 50 60 52 84 79 77 55 2 49 4 75 64 81 4 6 4 74 33 63 100 100 24 84 50 81 55 68 62 40 10 53 57 89 2 45 48 50 87 92 72 31 89 92 60 100 65 29 1 36 15 60 32 26 36 60 92 86 57 72 44 60 92 10 33 7 92 45 32 67 22 79 87 84 65 89 93 59 92 55 8 49 84 86 79 -1 91 36 89 76 60 100 52 68 89
99
27 20 17 34 58 26 12 16 70 64 75 44 -1 29 74 32 20 29 41 72 46 61 97 57 14 57 50 41 20 99 38 13 22 32 70 34 16 88 41 88 32 31 44 46 49 72 83 41 72 61 17 86 89 20 50 19 83 19 52 63 90 98 32 52 36 24 17 55 89 63 63 39 8 82 32 73 48 50 19 97 88 20 61 83 35 32 46 50 41 20 39 96 69 67 8 86 36 99 50
100
33 68 60 2 34 88 22 62 82 59 36 61 24 18 25 40 38 43 2 35 60 20 70 33 55 19 86 42 32 43 17 5 43 93 2 56 62 62 80 93 30 80 2 54 41 100 15 35 34 30 88 61 98 19 30 77 82 39 5 30 58 18 67 93 98 15 100 -1 88 80 48 70 62 8 2 69 38 79 35 38 17 91 56 90 78 4 73 2 80 2 43 26 62 98 96 19 95 38 33 6
99
35 24 9 28 14 26 65 96 34 32 9 94 69 79 11 28 34 9 7 14 94 99 56 70 27 65 32 14 5 20 65 34 45 87 91 17 69 26 97 87 60 28 12 26 48 40 46 87 77 62 31 8 87 47 23 73 79 52 68 40 99 21 4 14 14 97 7 87 32 40 80 36 65 94 98 74 32 19 34 7 66 36 42 61 -1 91 85 19 86 52 42 99 31 87 98 7 92 49 87
100
89 40 66 90 43 8 62 35 16 15 62 90 61 94 69 84 3 77 88 94 12 2 97 37 76 98 78 100 1 62 41 23 75 100 -1 8 76 96 95 8 49 55 15 63 12 92 66 8 36 36 48 98 62 45 37 77 11 97 74 34 48 95 100 98 55 59 84 36 90 100 82 37 85 48 34 67 1 98 94 5 44 81 64 86 10 50 66 84 41 41 22 44 87 2 47 97 59 86 29 8
99
94 36 22 22 13 49 30 20 57 99 39 82 39 12 -1 96 63 36 99 11 45 25 36 60 48 91 56 17 39 59 99 14 23 8 18 63 38 14 97 5 22 58 28 10 19 59 17 84 91 27 75 76 59 56 5 35 84 65 99 17 13 2 66 70 72 10 88 31 19 68 73 59 26 70 68 22 32 55 14 35 65 19 70 12 99 25 20 84 6 13 90 56 8 81 17 30 10 87 15
100
65 43 98 58 30 35 34 60 1 58 69 62 18 100 37 88 62 35 56 55 4 94 26 66 54 65 13 65 61 57 16 50 4 93 49 78 76 67 26 45 27 74 -1 63 26 22 11 65 51 24 66 64 34 90 2 97 51 2 51 100 53 88 74 72 2 2 50 80 68 71 3 53 51 67 56 94 63 18 55 100 87 17 75 85 97 7 50 49 76 76 51 66 26 32 6 33 93 2 26 3
99
79 8 79 22 2 93 92 70 53 62 95 20 17 57 61 8 44 99 74 96 7 51 2 39 98 38 59 54 4 6 95 83 91 86 37 66 86 54 59 31 17 68 19 21 43 69 12 59 12 96 53 44 86 64 93 9 25 22 8 67 98 7 56 78 73 51 8 17 19 -1 86 45 75 79 43 79 13 8 59 54 52 28 55 33 76 67 77 86 35 55 26 67 74 16 16 7 79 9 64
100
6 94 93 20 38 89 31 9 72 44 16 81 72 72 77 25 86 25 32 77 68 74 76 28 57 74 86 34 92 37 62 77 64 82 32 13 77 97 51 39 34 87 17 16 51 12 87 71 22 -1 70 30 32 44 92 37 46 85 89 84 54 15 56 81 64 25 12 92 17 77 62 97 34 32 64 57 50 9 89 77 35 77 51 87 12 80 57 31 81 62 83 97 85 86 78 37 18 83 73 28
99
95 46 55 28 81 84 5 33 44 17 2 38 32 71 5 49 68 14 57 71 51 97 73 31 32 91 95 20 47 71 76 94 81 55 18 4 52 3 5 51 58 15 55 17 54 68 94 58 2 68 28 28 58 76 68 70 2 50 47 61 74 76 55 69 57 -1 27 66 73 61 94 14 96 68 4 81 47 48 3 93 75 27 97 31 88 61 53 51 86 10 32 67 68 34 4 68 73 17 48
100
53 11 68 96 96 51 96 40 94 33 96 84 12 19 91 84 51 97 94 73 31 74 31 53 36 76 99 81 90 16 65 3 51 94 9 77 71 91 73 16 3 91 48 91 7 44 19 57 83 33 94 99 44 32 36 31 94 35 -1 51 99 12 64 29 94 81 73 25 34 85 7 10 57 61 82 65 51 85 91 14 3 84 32 63 9 51 29 97 41 96 84 40 41 59 16 3 94 96 38 85
99
47 94 44 1 18 90 39 4 1 74 9 91 22 94 89 17 34 20 57 16 22 1 93 18 39 78 65 57 89 17 22 65 54 22 28 92 9 40 73 61 26 89 81 93 10 81 -1 77 66 89 67 98 57 67 52 24 74 5 77 24 66 77 66 69 1 18 18 5 90 52 39 97 1 84 76 66 4 1 73 94 42 79 22 38 52 42 28 11 74 22 74 70 66 78 40 8 1 89 66
100
60 65 20 85 95 68 96 20 56 20 91 53 6 46 91 33 9 95 58 9 79 93 3 3 24 41 20 61 33 37 19 93 88 75 22 8 79 16 85 37 33 34 97 38 89 94 38 22 70 87 79 22 91 22 3 -1 19 59 94 91 20 23 80 93 9 29 29 16 45 15 91 55 85 17 38 87 34 37 17 60 36 71 93 79 60 33 60 4 95 37 9 59 41 9 3 3 60 65 59 14
99
62 10 9 48 40 89 15 89 26 40 55 49 4 53 53 44 71 29 66 96 29 50 96 49 23 69 24 41 62 55 26 40 26 57 10 71 89 82 4 62 1 67 28 47 36 77 15 66 29 49 80 56 71 58 62 40 21 10 10 83 26 73 29 93 58 1 14 9 71 62 46 66 -1 49 12 2 58 38 23 8 44 40 10 35 23 23 15 5 49 69 96 9 29 9 74 70 35 36 70
100
96 57 37 57 4 37 37 17 36 58 48 45 31 79 79 65 60 32 73 12 98 2 41 74 66 2 10 62 44 66 86 74 7 57 58 58 58 26 41 36 2 69 98 58 58 86 98 45 94 79 42 85 79 17 41 36 93 57 57 44 57 9 94 6 80 2 22 11 22 82 88 49 55 67 70 100 2 20 2 79 23 53 66 90 40 62 98 61 96 25 87 36 -1 82 36 98 28 4 11 47
99
4 46 54 97 16 51 40 93 40 46 46 23 89 12 89 89 98 43 8 99 72 44 67 27 7 12 89 47 36 62 93 69 -1 61 65 46 82 85 13 29 6 13 67 13 16 23 24 95 4 15 13 72 82 80 89 13 97 4 85 19 29 10 18 83 82 86 33 80 94 23 67 4 53 58 22 92 46 81 19 6 15 23 90 67 14 23 16 17 67 27 96 89 23 4 31 45 67 15 47
100
88 7 7 12 35 81 14 7 39 2 79 7 88 -1 8 93 20 46 68 88 91 78 12 31 65 42 32 21 61 95 13 95 47 10 7 30 59 57 69 93 10 81 99 12 87 57 4 15 7 66 67 66 88 9 61 84 63 78 53 72 66 24 61 44 53 7 81 21 57 30 65 50 15 30 92 93 51 3 13 96 93 59 5 32 25 4 7 36 21 50 93 91 82 59 57 92 81 5 69 40
99
91 44 89 77 79 5 47 19 2 67 76 87 42 66 68 27 2 19 63 64 22 9 77 69 45 40 17 45 49 79 6 95 20 4 32 95 68 19 6 42 92 9 15 -1 53 80 86 2 14 95 9 6 2 88 68 79 80 4 24 22 2 70 35 63 89 35 66 79 2 61 93 24 47 76 57 7 2 82 38 5 27 79 64 58 11 22 77 35 47 39 65 47 55 2 7 70 48 3 68
100
70 31 72 49 92 34 90 36 72 71 6 86 83 77 49 39 65 22 17 74 76 90 4 22 93 28 31 35 56 92 35 36 56 71 100 97 30 90 34 31 74 93 82 14 35 98 26 49 65 83 17 8 83 27 31 35 76 49 38 82 77 72 17 35 64 93 34 21 27 64 28 35 38 49 32 64 28 33 59 56 21 76 77 70 14 38 24 87 38 64 17 31 65 20 28 4 71 24 34 -1
99
53 6 79 94 98 79 57 69 20 75 93 52 50 26 26 79 99 52 92 50 57 31 28 16 9 94 83 76 47 40 60 20 47 -1 14 92 93 49 92 21 80 40 75 48 5 89 57 75 60 60 28 69 75 22 9 30 99 80 26 94 42 76 80 74 99 16 76 49 60 55 72 80 17 69 94 31 25 22 99 50 47 53 47 76 74 63 22 75 48 93 98 94 31 34 16 29 6 76 94
100
80 25 86 50 90 90 46 2 86 75 47 15 90 8 25 15 86 94 78 44 22 30 90 13 79 44 79 89 1 90 73 96 61 16 65 100 3 63 8 11 86 41 37 2 6 47 86 2 15 15 34 30 17 86 70 71 4 15 2 47 48 61 22 18 15 40 62 59 80 16 54 37 5 81 37 23 26 2 -1 85 20 4 89 2 90 25 49 57 15 25 41 52 53 2 6 86 51 40 90 12
99
76 69 38 27 86 86 47 -1 89 38 22 33 53 30 13 4 50 27 38 23 87 26 86 12 1 7 47 49 6 38 96 46 7 62 43 98 3 47 60 71 51 43 27 83 98 7 8 64 33 27 75 8 93 11 4 20 42 83 7 7 86 67 90 12 60 68 86 95 97 93 1 27 10 97 7 38 3 7 81 70 86 97 74 35 62 47 38 73 27 5 84 59 38 36 27 62 86 72 6
100
10 95 21 23 58 7 66 38 55 20 7 6 41 95 8 73 84 55 17 18 96 6 46 21 74 47 -1 20 38 51 66 63 95 61 48 46 55 68 19 63 10 19 32 55 4 98 4 65 58 7 46 61 57 77 27 73 98 9 37 88 39 14 84 90 55 67 21 7 82 10 95 7 1 7 74 84 50 94 92 89 4 56 37 55 55 18 24 56 47 19 86 86 74 74 55 18 50 84 95 74
99
68 14 58 78 78 48 53 23 37 65 55 58 9 89 5 60 19 31 48 30 28 5 50 59 59 59 72 78 12 53 48 75 63 23 7 63 59 22 78 8 3 26 48 76 98 22 76 27 51 48 37 21 25 76 65 78 77 68 78 94 31 53 5 20 13 86 19 93 20 -1 87 89 89 76 9 78 36 70 60 44 76 36 38 56 43 26 19 27 15 48 43 56 36 78 65 19 19 55 9
100
5 36 6 67 90 55 38 5 22 59 77 73 11 86 37 41 73 39 7 37 41 55 25 55 37 88 45 72 10 12 -1 90 30 65 90 37 73 48 94 73 73 65 9 95 17 9 93 25 15 53 55 2 14 25 73 22 27 35 12 3 37 61 24 11 30 10 5 54 88 74 98 55 31 7 12 81 75 100 48 13 22 54 2 3 91 38 18 72 75 81 30 12 12 61 41 69 34 7 38 58
99
2 81 7 84 25 65 9 17 57 53 20 59 58 9 33 84 57 76 25 74 35 70 31 88 37 38 8 27 26 -1 57 57 9 32 44 49 6 45 65 70 37 50 49 33 17 63 10 38 35 76 6 99 9 64 7 16 30 17 31 67 27 71 4 3 84 17 65 5 57 33 34 79 98 21 45 95 17 67 37 45 66 2 44 57 31 1 36 49 25 10 80 54 63 66 84 35 84 9 72
100
58 35 35 86 99 45 56 58 80 80 35 56 69 34 78 56 32 60 61 56 51 90 62 54 62 13 66 48 98 85 77 98 99 51 89 94 89 77 99 56 26 21 9 62 64 24 32 100 51 31 74 21 36 8 21 78 35 99 32 100 65 51 83 2 31 42 31 31 86 42 61 26 11 -1 32 34 58 85 50 75 34 35 32 42 62 34 64 31 42 95 10 19 40 70 85 26 21 86 51 7
99
24 54 48 31 80 68 62 80 96 91 28 32 73 76 37 73 83 76 82 66 35 56 32 73 54 19 3 91 3 6 20 82 94 19 83 82 91 32 69 33 94 36 73 36 23 18 71 62 54 62 29 22 55 71 58 23 94 80 36 96 18 55 62 54 17 18 85 16 78 96 23 54 28 39 62 94 95 58 80 82 75 88 49 20 68 18 73 -1 19 58 36 72 61 19 98 15 18 57 32
100
40 20 7 83 4 63 54 1 98 86 20 20 34 34 54 64 90 47 38 61 44 -1 48 50 20 51 13 44 69 44 20 34 44 61 41 14 50 97 3 98 48 48 50 61 47 9 97 50 56 61 65 3 29 20 42 61 6 15 94 20 22 100 34 8 50 34 91 52 1 50 59 6 3 56 8 45 52 50 51 93 88 59 61 34 44 50 12 25 88 20 44 34 39 44 34 19 27 44 15 13
99
47 53 93 82 82 86 13 44 25 42 65 45 28 47 40 56 65 53 42 -1 75 55 54 56 57 65 79 81 48 85 98 53 86 12 42 46 53 86 59 65 19 64 72 74 97 42 87 13 65 64 53 48 64 53 19 81 12 79 79 2 7 50 86 20 64 42 42 30 97 42 86 87 42 65 78 65 87 86 65 61 53 10 6 60 64 64 41 58 69 44 29 72 34 60 50 86 86 53 75
100
70 3 83 23 30 92 77 11 43 55 35 92 50 69 50 39 46 87 24 90 78 47 98 90 69 -1 11 29 11 1 42 41 41 87 84 87 21 8 82 48 98 34 21 2 99 44 21 92 23 92 82 87 57 87 54 81 21 54 78 90 71 57 86 1 69 8 36 87 23 24 2 31 76 27 100 87 69 2 52 83 98 15 7 62 64 73 26 77 68 27 90 18 89 44 93 18 80 51 84 79
99
97 46 2 45 57 63 72 4 2 61 8 44 80 20 31 41 93 33 16 79 50 46 79 20 75 59 59 99 93 49 13 59 94 64 87 30 39 69 18 94 38 93 38 99 16 11 41 71 98 34 22 40 39 18 -1 76 93 72 22 16 38 19 68 75 72 70 45 42 34 91 18 39 61 93 72 46 36 79 17 93 89 54 71 98 92 74 79 17 86 43 29 16 55 14 96 8 30 59 93
100
71 57 14 48 55 -1 67 34 17 55 48 7 66 54 42 51 27 37 18 87 27 12 99 30 78 41 85 71 19 46 85 36 18 59 30 76 97 14 19 11 93 87 49 59 98 26 67 41 93 31 83 43 73 83 42 82 88 27 76 62 11 72 54 53 50 17 49 87 89 74 93 36 48 43 26 93 37 99 37 52 98 57 97 31 93 74 54 85 97 66 51 89 6 46 34 13 88 67 36 36
99
72 1 53 9 24 62 81 34 27 47 81 9 40 26 33 86 54 69 40 96 71 39 94 34 23 90 21 50 88 4 28 76 21 60 69 4 59 51 78 34 94 10 72 74 96 48 72 35 85 69 79 63 43 21 50 39 90 65 19 78 26 33 62 40 15 79 19 59 27 23 -1 21 54 14 51 53 1 43 1 98 65 57 98 86 61 60 26 62 24 21 82 15 69 98 88 57 63 78 75
100
80 10 90 32 56 28 32 14 77 15 77 14 57 16 12 -1 76 14 79 47 3 51 51 53 21 58 62 86 1 3 39 15 14 1 62 31 84 12 14 51 99 60 32 1 53 71 14 21 95 32 47 35 76 23 6 43 47 86 4 47 99 1 32 77 9 17 53 26 5 1 76 40 3 29 3 10 15 42 12 14 23 3 22 85 8 51 48 97 12 32 54 30 14 99 15 86 2 38 28 23
99
12 42 89 68 27 62 39 90 25 58 24 19 5 5 88 40 33 80 40 17 54 42 99 46 12 4 40 5 68 95 40 46 29 19 -1 67 1 43 9 35 16 9 40 92 68 16 63 61 26 98 25 17 16 61 81 46 9 41 92 68 12 40 5 33 56 82 16 12 15 61 6 14 33 38 19 40 32 57 49 98 68 33 92 40 74 33 8 32 14 32 75 90 68 5 19 20 42 46 51
100
46 85 95 36 77 37 75 91 52 85 55 36 33 12 62 3 33 6 37 19 41 4 22 19 33 63 33 55 46 44 19 94 37 36 44 37 90 20 6 19 89 77 93 15 99 75 70 77 71 47 71 72 44 19 75 95 49 86 42 44 26 19 36 38 95 14 52 46 36 6 33 99 59 32 63 24 51 55 89 85 36 86 45 14 51 15 29 52 86 -1 6 25 62 33 72 6 31 16 6 87
99
15 6 57 68 34 46 52 2 60 91 43 32 42 91 98 97 67 84 70 19 25 98 22 97 33 56 42 1 79 2 91 94 1 14 70 84 2 73 68 61 56 53 74 19 80 -1 91 44 39 35 72 73 81 92 2 15 72 80 43 73 73 2 56 9 62 73 91 6 24 2 7 79 6 52 81 68 65 1 74 37 91 93 44 53 79 43 97 68 68 69 6 88 73 84 75 44 19 68 43
100
77 34 64 19 83 86 9 73 93 80 87 76 43 40 42 48 18 19 96 34 56 50 27 80 23 89 41 91 80 72 55 89 15 24 82 73 67 93 82 58 19 56 1 77 75 69 18 1 79 4 93 84 50 79 27 19 19 91 17 64 45 51 6 41 1 83 42 41 17 4 35 19 35 56 18 66 58 4 51 19 98 58 1 74 24 72 66 58 19 86 86 87 86 53 48 -1 60 70 83 82
99
32 55 98 40 42 55 48 87 15 2 33 36 37 2 55 22 37 65 95 87 15 38 56 30 33 5 94 39 38 80 76 30 55 71 17 15 94 32 38 78 69 55 69 81 26 96 14 38 30 65 68 93 36 80 83 71 30 63 53 25 60 49 79 3 82 47 82 42 55 48 33 82 53 42 50 37 5 76 22 37 57 55 -1 93 78 22 81 34 76 89 57 98 79 55 72 72 40 2 57
100
8 50 88 56 14 29 93 54 40 80 31 38 95 89 77 56 21 24 36 92 95 56 64 3 26 95 88 6 44 56 3 38 -1 77 19 3 54 54 36 69 44 72 16 89 87 49 20 69 58 8 100 13 43 33 42 54 8 8 32 39 77 100 24 37 53 52 46 40 54 87 13 44 88 38 39 29 54 38 35 96 36 72 29 89 84 19 69 13 39 61 52 74 72 10 87 77 26 84 4 54
99
95 46 21 11 44 68 43 76 97 84 86 37 78 39 96 49 29 91 36 35 84 40 96 75 37 60 72 92 97 11 37 50 46 57 91 52 86 49 52 96 42 44 91 22 86 40 21 86 22 17 39 86 11 60 -1 97 87 52 48 16 22 97 45 16 81 21 73 48 40 85 95 37 84 64 12 11 48 30 45 48 73 62 49 16 6 55 86 80 69 13 36 73 36 66 35 35 86 43 18
100
3 16 88 72 12 95 9 72 52 64 48 15 85 33 62 58 72 48 15 73 79 43 79 98 43 35 68 52 95 84 82 13 50 16 42 54 -1 96 38 58 84 73 85 33 27 96 6 96 93 43 42 73 45 77 15 66 93 96 76 33 12 84 62 73 96 11 99 95 50 18 16 80 43 35 52 44 43 79 44 77 58 43 13 38 37 71 90 51 42 31 66 96 65 85 58 85 63 48 77 66
99
58 85 63 45 78 14 18 89 13 52 61 63 63 40 27 52 33 92 43 58 8 80 37 19 81 52 14 70 42 24 98 80 78 64 45 40 8 5 55 24 93 12 -1 89 16 92 37 19 86 98 18 98 37 33 24 86 61 19 25 40 93 89 24 92 66 82 18 53 57 69 36 42 60 67 33 53 21 46 45 83 50 9 24 46 13 61 24 63 55 42 26 98 98 10 13 14 92 19 98
100
85 34 45 22 49 66 64 28 24 96 12 35 8 38 58 85 30 85 71 -1 23 10 81 54 98 28 66 20 4 28 53 65 49 15 26 79 75 26 77 49 60 8 73 25 62 27 92 72 71 98 81 36 82 98 40 40 36 99 24 79 64 25 68 32 79 69 72 6 30 40 51 16 81 69 68 27 44 54 66 15 28 26 79 65 12 74 21 16 16 83 6 84 100 31 45 98 87 28 79 98
99
87 53 15 99 48 22 30 20 26 65 97 22 46 31 25 46 46 13 3 83 70 45 30 54 41 68 6 30 86 22 63 6 65 80 77 78 41 5 31 8 22 34 37 93 -1 50 94 77 87 90 10 41 97 82 43 33 92 30 35 82 92 12 33 7 77 87 96 60 13 65 89 13 85 50 94 49 80 65 35 12 58 22 28 49 56 43 86 48 5 82 7 91 65 96 10 30 36 52 64
100
59 39 86 43 84 3 3 46 16 3 43 22 87 44 85 42 15 48 58 33 35 48 43 3 62 45 89 58 16 49 56 52 3 12 19 63 13 51 33 90 7 3 3 84 90 43 33 33 16 51 87 35 87 93 56 87 3 7 93 53 39 12 58 90 93 29 35 93 68 93 44 35 78 42 20 35 25 3 43 47 71 34 91 18 89 -1 35 57 31 55 93 40 35 85 93 10 43 12 43 13
99
7 75 12 57 75 92 3 57 62 23 73 73 44 16 94 80 80 44 94 94 33 57 49 31 79 61 55 54 23 57 66 75 7 41 57 78 75 44 44 95 31 23 78 94 49 80 75 18 75 -1 11 57 19 75 65 2 75 36 97 46 7 73 42 62 31 79 37 72 57 91 16 93 94 44 50 72 94 47 80 75 78 47 12 4 11 73 29 94 17 93 44 97 83 81 25 76 95 39 86
100
76 44 84 26 50 70 24 15 92 14 21 43 55 70 40 25 78 32 47 76 80 28 71 85 39 24 94 33 75 23 16 24 24 75 24 23 7 86 26 41 7 33 33 55 23 7 80 5 62 55 55 46 83 43 24 75 52 99 24 4 1 51 26 63 66 54 31 23 20 58 77 14 38 41 65 33 79 44 51 26 37 56 46 42 -1 39 49 13 75 70 6 12 41 7 68 2 24 70 74 73
99
71 61 31 2 75 34 16 20 96 78 95 29 99 27 55 52 58 15 60 33 28 59 16 61 43 23 80 57 78 16 23 57 16 94 80 95 36 26 57 70 72 3 93 51 93 96 23 92 98 33 9 -1 78 49 33 16 54 74 56 26 93 86 96 62 42 38 73 47 10 33 55 14 23 50 86 57 56 13 45 56 35 95 78 40 16 56 67 91 29 95 16 81 16 31 6 93 24 50 46
100
89 63 27 47 27 49 58 92 47 58 24 50 52 85 27 90 40 58 10 4 40 27 55 5 28 6 93 84 21 94 47 38 95 71 81 62 47 45 24 50 47 68 19 99 85 88 3 67 55 27 11 69 21 84 47 72 24 75 65 83 87 40 24 61 57 81 7 15 6 82 31 58 95 98 27 37 81 58 80 24 58 40 33 24 53 85 40 40 58 27 18 41 -1 40 77 6 95 47 24 53
99
16 54 97 30 50 68 9 64 30 64 8 30 22 73 73 19 72 7 73 95 39 16 4 77 84 22 16 93 42 43 30 30 16 64 82 64 21 29 29 77 10 73 73 36 63 1 65 91 29 17 79 17 26 29 17 23 28 64 32 12 27 65 77 95 29 16 5 58 41 29 68 12 99 16 16 64 90 38 29 92 76 64 75 15 45 73 58 30 6 65 70 33 6 74 73 86 30 6 -1
100
76 30 29 -1 28 10 43 56 7 73 38 86 88 43 73 75 23 66 73 29 68 6 68 75 7 53 43 51 68 38 94 53 28 35 100 46 73 73 91 65 62 98 73 14 7 33 60 41 51 72 2 32 24 22 80 60 22 80 65 33 76 24 15 41 46 91 76 22 63 2 49 35 4 62 43 68 32 49 88 40 45 95 20 28 60 77 2 100 13 88 51 15 35 51 14 42 62 13 49 23
99
43 45 91 37 66 64 67 31 18 15 56 10 94 93 36 94 16 10 17 30 84 89 72 12 70 19 80 85 80 68 38 59 5 37 65 72 95 84 45 43 -1 68 38 94 73 1 12 64 44 84 15 5 91 15 33 13 67 60 19 67 97 44 44 68 92 12 66 41 94 73 63 68 89 59 81 29 68 19 75 17 29 16 31 20 10 6 45 38 38 70 10 93 70 68 33 31 18 91 2
100
96 69 84 25 10 93 59 18 7 1 91 89 29 83 69 11 13 61 58 59 41 8 56 14 18 8 91 80 18 31 13 2 68 11 51 54 46 11 7 41 65 67 57 91 22 16 62 93 12 57 50 98 69 14 27 79 2 30 83 17 89 88 1 88 27 74 94 100 61 20 53 62 25 11 53 11 9 84 11 93 54 72 89 63 93 -1 93 53 86 48 14 36 53 36 91 59 72 33 55 93
99
88 91 32 20 77 51 46 95 31 8 84 7 88 88 84 66 44 31 77 87 40 88 69 30 97 33 16 15 12 51 47 47 47 90 60 33 17 21 45 62 77 64 60 21 14 42 6 62 27 85 81 85 88 5 78 88 46 13 34 34 85 89 69 89 17 41 72 77 74 95 3 15 75 50 22 77 8 62 71 48 -1 8 42 95 64 9 3 85 51 8 78 68 4 38 6 77 50 67 90
100
71 14 2 5 61 84 69 61 61 27 16 58 96 83 48 28 60 25 80 30 77 4 69 82 2 14 75 73 77 38 60 28 38 84 60 2 36 28 55 50 31 99 93 73 75 85 84 14 99 48 28 49 95 4 60 93 14 82 67 24 41 41 76 75 64 98 61 65 80 76 23 58 5 26 48 31 26 36 59 14 71 26 -1 93 36 98 86 75 24 36 65 69 14 30 84 69 80 78 34 26
99
76 18 80 69 77 36 40 18 3 23 98 93 7 17 98 17 93 93 16 76 52 73 45 96 18 45 83 15 94 33 77 74 15 98 50 69 49 36 6 49 49 63 2 73 93 88 83 28 93 40 63 3 -1 6 69 46 99 25 98 1 4 17 91 40 2 20 88 35 70 82 2 85 93 35 69 73 45 65 96 77 88 88 73 33 77 1 59 28 99 70 2 16 53 16 56 19 16 20 82
100
12 33 74 7 32 41 36 39 29 43 41 41 59 97 43 64 53 6 67 28 97 20 98 7 94 7 100 71 36 50 14 66 97 92 42 41 59 86 59 63 80 12 11 97 25 53 1 67 29 42 87 32 11 20 69 64 36 86 42 50 28 94 87 41 16 86 12 98 65 69 88 6 74 14 66 66 94 98 78 -1 24 43 39 53 42 11 65 69 68 72 57 86 15 12 14 94 36 71 7 11
99
49 80 89 5 22 26 28 36 74 52 29 98 -1 50 58 31 83 96 56 74 96 13 50 95 98 36 97 37 23 94 50 10 8 22 45 85 98 8 49 86 10 52 96 64 74 93 97 52 89 22 58 34 23 34 23 22 26 98 69 56 14 31 10 89 60 6 28 37 65 52 29 54 32 34 38 49 83 3 69 8 6 32 34 42 69 23 49 64 22 83 99 37 96 5 65 50 29 89 95
100
45 95 82 31 3 34 56 75 11 80 83 76 56 24 37 18 80 49 27 92 3 63 87 58 59 3 87 88 18 16 23 54 9 23 43 89 57 3 16 87 51 34 46 48 85 9 48 6 48 48 52 49 69 76 98 48 85 16 94 94 76 87 65 27 3 87 11 13 27 46 2 48 60 24 52 31 84 3 5 3 86 -1 3 52 76 94 86 5 70 16 9 38 42 83 34 17 9 58 30 55
99
92 32 4 18 60 27 45 55 53 95 82 -1 98 43 58 30 97 33 90 38 76 62 31 3 65 23 5 89 65 18 90 23 62 38 45 34 9 97 5 31 53 53 75 39 12 90 45 45 97 4 65 54 33 20 50 57 23 47 63 63 60 75 70 96 30 83 98 60 90 45 91 45 28 89 70 45 4 33 51 33 26 10 48 86 60 75 44 67 90 77 97 95 34 40 65 76 40 45 33
100
9 63 100 74 54 2 21 75 41 54 93 23 75 74 23 60 70 12 25 9 18 25 86 2 87 51 21 50 39 93 67 15 18 74 89 99 73 41 40 23 15 16 63 63 29 78 23 68 89 88 9 13 33 50 99 21 50 23 34 63 18 73 41 100 34 74 99 20 57 89 14 30 70 88 33 21 27 32 34 9 50 88 33 23 22 -1 51 40 59 96 33 25 12 90 51 22 96 40 47 67
95
34 60 91 25 20 91 61 35 5 53 27 61 88 35 36 61 27 32 79 30 72 91 14 35 53 21 18 63 84 93 65 71 20 62 32 84 69 18 25 62 77 38 62 25 63 94 80 30 41 79 30 18 12 82 82 80 47 72 21 78 75 70 6 16 72 32 92 42 16 16 61 70 70 5 -1 82 35 71 36 12 88 53 6 23 18 37 84 62 19 72 81 25 61 54 54
100
45 58 55 1 51 1 24 65 74 29 76 10 57 75 1 28 13 86 24 48 7 13 81 45 80 9 89 48 76 91 23 92 48 69 76 48 7 73 42 87 36 79 54 65 97 100 96 45 20 38 48 67 68 6 81 5 62 73 12 19 8 20 76 10 81 64 62 49 54 63 90 44 89 93 4 45 94 1 35 62 35 11 24 76 98 82 57 53 1 93 15 1 73 41 84 95 -1 54 10 27
95
18 76 41 46 77 76 62 44 76 16 71 70 18 34 50 40 33 44 13 91 44 9 90 39 60 74 59 8 45 60 38 62 39 1 21 90 83 6 13 45 6 75 60 27 77 60 91 81 47 94 73 82 69 33 52 23 58 62 -1 27 62 27 24 93 62 57 68 27 13 51 32 85 44 68 60 75 94 15 61 35 87 42 91 44 90 67 43 29 68 65 84 5 77 62 2
100
56 8 63 48 17 99 67 75 87 30 13 11 87 11 86 73 75 48 63 31 56 28 16 94 38 34 41 31 77 38 51 55 51 65 25 94 2 31 86 -1 93 47 81 81 74 48 51 100 99 33 75 96 16 14 72 73 35 82 84 23 68 4 70 30 54 92 63 28 89 91 14 56 13 2 40 86 16 25 36 50 91 25 95 9 20 70 75 15 57 93 17 3 91 13 34 30 60 20 5 27
95
14 38 16 58 91 45 42 24 49 67 71 7 83 59 49 69 80 59 79 51 87 17 92 93 35 81 20 6 37 20 18 67 23 33 24 14 35 52 27 60 78 24 28 25 55 70 65 83 62 80 88 53 63 62 18 23 8 24 58 4 63 8 59 46 8 48 54 85 62 87 54 25 83 57 71 44 55 67 25 44 7 74 72 87 50 80 72 61 53 1 55 11 -1 69 29
100
31 58 15 87 94 80 41 18 84 67 54 80 52 92 89 48 7 13 28 72 84 47 69 100 58 42 80 75 17 75 75 97 92 92 56 66 19 47 32 96 19 75 41 25 39 14 92 41 38 28 60 20 90 42 72 70 19 72 48 7 29 91 41 78 37 28 -1 17 72 21 58 75 26 48 67 55 75 58 90 47 53 25 71 28 38 47 19 25 42 25 33 42 50 82 20 63 89 49 59 22
95
37 12 27 95 80 37 37 24 17 80 31 42 15 77 7 65 24 -1 55 49 4 2 35 84 75 67 91 6 47 34 7 37 35 80 67 18 27 81 6 78 50 88 68 3 40 79 6 23 62 59 88 84 27 89 21 94 90 67 24 31 84 16 71 87 67 80 80 1 91 61 35 93 24 10 93 26 91 84 8 18 17 69 93 10 75 87 93 91 10 27 80 11 35 95 10
100
58 95 36 35 22 68 78 92 48 4 38 28 63 1 58 22 79 74 20 40 31 1 99 91 73 16 53 32 4 22 58 16 58 64 94 32 88 35 1 22 79 43 16 10 48 72 31 21 78 84 84 35 36 91 90 47 36 64 31 68 42 33 82 35 93 88 48 4 80 16 68 84 47 35 41 55 86 38 31 68 51 4 45 97 26 74 40 92 82 16 31 35 97 -1 21 43 4 35 90 86
95
58 7 54 6 54 86 3 86 55 58 58 93 4 35 7 92 67 93 7 69 37 19 37 14 42 63 4 7 28 92 66 47 6 90 47 71 86 23 89 86 3 7 45 48 71 6 93 14 74 28 -1 94 41 86 93 64 89 6 86 91 55 58 35 80 57 8 80 46 64 13 86 66 64 42 45 47 25 11 19 6 3 14 25 23 32 51 8 50 47 25 15 3 92 47 94
100
70 26 65 40 49 25 98 9 97 86 97 3 90 25 44 41 13 44 11 13 7 88 21 49 90 90 45 21 65 100 13 20 57 84 6 6 70 25 48 17 60 95 14 49 68 49 45 36 26 45 12 66 28 80 98 6 60 97 68 95 21 20 36 6 32 9 44 90 90 45 45 53 7 78 -1 74 28 65 62 65 16 32 13 21 22 68 26 23 9 75 60 100 68 83 3 55 90 60 87 9
95
48 86 27 40 36 40 71 10 11 9 55 49 94 74 31 31 82 24 4 74 61 23 60 26 55 19 23 14 31 94 94 60 27 86 14 61 61 74 36 9 5 23 59 39 58 39 12 79 37 37 81 54 32 39 37 36 13 74 65 61 73 93 54 9 19 23 54 28 19 95 79 1 -1 61 14 4 7 37 24 79 19 26 93 60 77 14 6 11 80 25 31 39 31 61 64
100
47 10 49 10 39 66 14 34 49 25 17 89 26 2 10 15 14 29 12 29 47 38 17 91 -1 5 59 58 77 18 11 59 60 11 58 83 11 13 94 52 49 80 91 82 13 22 62 18 52 20 15 83 29 37 38 54 38 14 26 62 13 4 54 97 55 26 82 50 12 46 98 26 62 51 52 20 56 29 97 14 63 42 10 4 78 20 89 98 15 88 50 50 26 68 89 17 6 85 79 44
95
81 53 4 22 48 54 24 51 21 15 6 87 81 70 38 71 51 32 51 21 50 -1 63 94 9 48 29 21 54 35 23 4 78 46 86 57 82 4 54 57 76 53 94 94 41 32 24 41 41 79 57 16 46 31 3 35 15 56 28 20 74 59 83 29 25 20 21 44 70 29 19 54 37 91 76 4 62 32 71 74 25 70 25 87 46 72 15 15 9 54 10 62 77 3 61
100
99 84 4 7 99 56 99 1 100 43 84 13 17 35 95 52 39 97 39 19 13 75 57 56 2 23 44 37 47 65 63 68 43 88 20 19 57 73 48 97 45 44 39 17 36 84 99 -1 52 15 76 9 95 18 68 4 39 18 60 43 42 17 15 50 36 72 75 44 1 84 42 88 44 59 36 72 39 15 62 16 47 65 13 19 36 72 23 13 84 62 69 94 9 99 23 23 85 36 57 44
95
88 95 94 94 39 7 85 31 75 16 32 5 35 32 7 62 53 23 2 5 28 39 86 94 82 28 25 85 15 88 38 46 19 -1 2 53 95 11 34 31 18 25 4 5 10 39 29 29 68 32 7 23 32 12 72 82 14 47 16 94 52 2 82 37 86 49 14 56 74 88 82 46 35 2 82 71 38 29 2 17 23 85 50 49 39 88 54 46 84 94 32 64 74 95 39
100
72 71 89 75 21 71 9 75 68 95 41 90 61 26 40 51 8 17 35 12 96 12 18 35 24 90 39 5 62 90 25 74 87 24 48 35 32 66 96 100 4 21 61 38 21 47 95 54 70 89 11 20 32 90 70 38 41 22 24 5 82 74 69 17 39 54 17 40 -1 40 97 58 18 26 90 97 43 43 100 3 61 35 58 90 18 10 82 3 58 69 97 10 41 72 11 17 89 72 58 38
95
78 54 39 31 -1 12 82 90 82 56 36 5 14 72 40 19 23 36 71 15 87 23 20 77 45 14 68 47 6 9 3 20 12 32 59 51 72 27 12 69 63 19 54 93 90 5 12 45 71 42 47 14 44 28 67 92 40 90 12 77 93 94 72 65 76 65 40 6 39 40 31 35 63 82 42 54 54 68 84 67 67 76 77 16 55 73 59 78 9 92 19 36 63 15 44
100
54 97 35 85 98 46 65 34 52 34 22 34 47 60 49 60 22 36 -1 33 83 6 24 83 16 95 75 39 100 12 63 65 98 99 75 60 75 68 49 54 86 65 35 21 20 98 54 46 91 14 54 18 65 78 14 96 62 36 86 99 37 83 97 32 99 67 84 14 33 7 7 5 67 97 10 33 42 75 53 84 70 70 51 42 34 39 74 94 7 1 99 52 83 91 98 60 91 99 19 91
95
-1 94 87 18 47 7 81 57 54 68 7 25 12 33 25 7 3 11 81 64 65 54 45 31 81 63 64 83 67 53 6 12 19 22 66 67 5 45 3 91 29 91 64 57 69 11 57 8 26 26 32 53 27 37 19 5 79 25 49 56 82 27 64 81 67 7 81 57 15 27 49 19 94 72 5 8 5 58 67 12 1 91 54 11 20 54 33 55 77 95 19 16 6 31 25
100
12 85 91 3 23 50 68 98 100 97 99 85 21 97 85 71 57 35 100 37 61 3 84 6 68 66 84 93 93 19 19 6 15 85 6 82 12 59 4 6 15 79 100 -1 83 3 15 77 30 31 65 58 55 77 100 90 55 71 46 6 96 19 87 35 63 79 94 91 27 77 47 87 62 99 30 57 100 100 55 76 100 87 84 6 100 100 9 23 45 84 6 96 98 4 35 17 9 19 27 44
95
63 24 84 38 59 10 86 90 62 33 16 3 87 1 60 53 66 63 60 80 34 52 52 1 43 40 15 95 49 36 93 90 82 83 90 40 29 15 60 45 25 57 79 40 -1 78 36 74 47 40 15 1 40 40 20 65 40 70 36 5 66 34 60 92 57 60 70 38 79 36 60 65 51 18 24 60 66 95 15 13 57 40 86 53 75 57 33 13 93 40 82 16 16 27 82
100
73 52 39 81 20 95 88 11 84 95 83 71 7 100 76 66 94 71 39 57 36 94 89 67 40 27 76 42 -1 54 62 92 82 70 77 6 76 66 29 3 39 66 11 81 21 84 80 40 95 88 36 62 87 4 81 66 39 71 76 91 95 39 31 54 71 82 57 89 40 39 41 80 70 41 24 51 6 73 3 41 40 4 62 4 50 35 81 6 36 46 39 44 78 3 70 11 43 6 11 44
95
21 85 31 64 48 68 58 57 80 17 55 77 77 37 16 6 63 36 27 88 18 86 87 82 2 87 95 56 69 87 29 20 18 27 19 41 16 79 55 18 68 17 59 88 36 88 72 87 79 94 56 77 18 86 33 33 54 41 53 36 17 57 68 48 69 6 17 71 68 74 -1 68 57 53 22 36 44 27 63 86 63 77 11 65 48 48 6 68 68 46 57 22 4 64 33
100
42 84 5 46 70 58 65 39 42 15 17 78 40 46 5 44 46 5 57 57 15 3 68 2 87 68 98 14 39 33 46 53 3 18 96 82 63 99 2 84 25 46 99 5 81 100 12 95 84 87 69 44 33 31 9 14 5 17 5 18 59 90 44 98 18 59 40 5 14 -1 40 59 61 84 10 46 38 98 72 68 10 84 3 50 99 90 95 5 95 91 46 42 17 91 5 5 18 84 84 65
95
27 27 38 5 20 10 89 27 54 43 68 43 42 46 42 19 68 27 3 27 25 72 11 1 19 74 60 64 2 89 13 87 80 76 66 38 91 74 18 48 45 19 71 19 76 27 1 27 19 90 43 2 2 53 12 32 10 8 78 -1 83 46 89 6 88 1 48 27 27 10 53 25 23 27 86 43 78 91 8 19 46 11 43 45 16 80 8 20 43 12 19 43 12 74 42
100
82 41 77 79 25 30 4 67 29 42 38 83 79 13 60 77 6 21 41 34 59 83 58 12 79 98 96 2 8 29 11 60 92 67 51 14 71 30 5 52 29 33 20 26 -1 74 8 32 45 79 100 18 83 65 17 80 60 67 49 25 17 2 74 62 58 42 49 80 29 97 14 92 38 4 18 49 59 65 49 79 91 100 34 67 65 49 49 38 72 5 2 67 20 74 49 72 49 13 77 97
95
32 39 91 27 41 73 91 66 70 28 51 70 66 79 89 68 38 51 67 14 35 67 30 47 32 39 43 27 87 39 36 20 41 12 79 79 58 18 35 18 87 64 66 76 79 68 36 77 14 21 73 49 15 7 7 13 60 29 21 86 66 -1 57 79 7 62 13 66 77 56 15 44 64 43 49 86 3 46 66 66 66 46 29 55 4 68 68 18 68 29 73 67 47 47 73
100
76 99 43 7 52 3 24 48 65 89 67 61 78 56 11 23 38 5 35 99 89 -1 95 26 53 35 26 65 42 38 21 24 96 25 52 4 51 61 48 76 12 61 24 47 75 12 28 57 91 9 20 22 56 12 47 73 75 98 75 43 52 58 5 80 24 79 20 95 54 82 70 61 6 52 41 35 37 65 35 35 15 41 48 92 20 53 34 85 59 50 3 45 48 5 15 26 21 3 41 47
95
8 90 18 5 14 15 15 52 73 45 89 62 29 33 74 22 13 61 5 89 26 13 3 50 28 67 75 23 89 16 35 27 -1 61 52 61 22 3 58 15 23 70 91 87 9 62 11 3 52 37 66 38 55 60 49 50 58 87 18 13 14 89 25 29 76 75 31 38 61 48 94 88 75 23 77 26 13 50 30 15 67 89 77 51 54 45 41 29 14 18 22 20 71 10 5
100
43 16 89 84 24 49 62 42 51 70 68 86 46 67 36 60 33 2 13 49 79 29 36 16 16 46 100 67 18 99 94 55 46 15 39 5 17 84 10 81 8 86 33 60 23 64 30 83 59 21 59 94 39 57 39 41 72 14 96 59 26 5 83 79 21 79 88 42 98 59 10 67 31 70 28 25 16 85 51 71 26 37 99 72 59 85 32 86 28 2 43 23 70 5 10 -1 20 59 59 50
95
70 7 12 38 10 43 63 11 2 12 90 56 87 2 6 76 59 6 58 15 69 64 46 63 33 25 18 5 43 32 2 59 42 13 80 21 50 75 20 33 79 75 56 52 39 56 25 53 10 56 79 46 90 72 70 57 -1 40 69 95 1 78 56 73 17 33 51 17 94 56 95 7 11 75 50 38 6 56 69 14 5 6 23 87 7 81 90 15 52 82 8 47 66 10 40
100
88 78 59 71 35 64 69 44 89 71 34 77 5 69 94 85 59 77 47 91 64 5 64 91 11 87 94 60 100 51 62 4 86 31 57 31 83 41 46 85 28 77 11 41 100 86 88 94 88 34 78 15 73 59 63 27 83 85 88 -1 94 91 77 52 10 28 62 89 83 72 34 71 69 3 47 17 71 34 100 16 50 45 86 51 94 28 83 28 59 44 59 72 83 41 49 51 46 71 30 49
95
7 87 6 24 72 36 85 79 6 47 38 37 81 17 41 4 87 59 41 35 2 77 79 17 12 62 45 77 51 -1 36 47 52 14 7 52 85 24 49 37 17 45 60 90 43 89 37 47 24 35 62 87 47 8 4 10 69 89 83 36 19 77 81 86 22 77 50 87 19 76 14 36 19 62 59 8 2 52 24 6 2 24 66 77 76 85 30 33 37 85 45 36 17 80 33
100
42 4 52 85 84 -1 97 79 94 16 75 5 4 7 27 47 14 26 14 48 27 64 29 38 78 29 97 95 97 22 13 48 7 42 97 98 85 79 52 80 87 26 44 1 17 48 44 4 48 91 74 84 58 51 65 7 95 74 84 26 85 42 12 80 74 16 45 33 65 46 88 76 85 78 55 91 90 16 42 26 95 21 56 85 35 97 19 79 4 40 78 20 98 79 36 26 6 13 69 99
95
16 32 17 40 38 21 13 66 42 21 44 81 42 49 76 73 22 85 16 76 44 90 74 84 85 73 5 73 44 5 90 58 11 22 2 22 2 73 10 76 78 11 12 89 80 72 49 47 84 77 76 94 24 56 51 11 71 47 60 44 83 20 33 34 41 53 84 17 73 16 49 3 60 9 71 16 24 3 71 17 38 49 71 29 19 2 50 58 -1 18 68 84 7 34 75
100
83 48 24 90 38 91 30 78 32 48 27 32 30 82 30 64 20 96 78 3 13 7 38 48 27 19 32 24 12 12 5 66 38 62 46 99 5 32 19 84 3 96 24 100 17 49 82 32 12 23 17 95 81 62 90 9 91 49 62 65 94 12 38 33 59 -1 99 42 33 34 91 10 63 4 19 75 33 82 10 39 3 83 65 46 1 5 29 57 50 63 83 41 69 5 27 26 78 20 37 82
95
23 15 80 81 79 88 23 45 77 73 63 37 81 37 59 90 64 65 77 55 56 85 85 56 22 16 24 16 13 79 14 63 23 24 10 55 29 76 -1 57 89 57 80 52 12 63 62 94 89 29 79 56 32 5 69 85 52 84 37 28 12 85 22 66 24 77 86 76 85 12 81 33 76 94 59 69 59 59 22 84 56 71 95 73 39 66 63 25 11 66 73 21 74 22 74
100
67 79 11 26 51 10 90 43 83 88 64 59 45 88 16 83 98 33 97 61 40 37 98 8 43 83 74 26 59 62 3 57 19 50 46 86 97 13 75 32 57 32 65 32 53 86 30 22 65 83 83 28 83 92 100 32 8 12 56 69 83 67 14 67 3 3 69 45 4 57 -1 9 83 87 67 74 36 74 64 19 72 55 71 93 69 53 42 62 25 37 47 65 100 56 82 57 65 42 30 56
95
22 84 35 10 35 28 40 12 68 22 49 93 93 82 32 88 27 78 24 22 72 57 11 22 14 9 72 12 28 8 85 68 15 14 78 16 35 68 22 49 39 71 5 43 22 6 35 23 22 63 9 46 72 56 47 43 -1 83 20 62 92 5 27 84 32 67 65 12 88 1 24 19 46 64 22 93 46 2 26 11 78 27 40 27 47 12 75 82 29 70 3 62 55 93 34
100
20 19 20 37 6 25 20 76 7 79 20 46 3 90 21 17 79 39 20 83 74 82 96 7 83 65 13 37 19 74 65 64 46 28 20 20 82 63 83 85 29 27 98 68 37 74 37 39 82 39 18 1 19 89 90 3 53 19 44 96 97 53 49 4 88 83 17 39 92 60 47 64 18 39 88 33 30 85 19 49 82 83 99 96 57 4 58 74 49 82 76 3 6 18 82 39 39 82 -1 25
95
75 71 54 27 86 86 23 61 44 40 75 55 86 36 6 77 72 51 85 91 44 51 44 51 44 70 54 75 51 34 44 65 1 54 23 56 54 42 13 86 93 45 86 61 54 94 44 86 48 36 44 54 88 61 25 72 85 47 -1 1 59 60 32 80 91 49 81 18 11 35 86 51 95 71 54 71 23 45 22 45 6 13 27 61 22 61 32 94 24 8 48 88 8 48 75
100
5 93 38 78 78 22 69 17 12 86 35 27 55 59 5 1 57 60 94 72 49 57 100 50 86 93 57 7 86 93 3 5 -1 88 53 26 88 34 15 86 27 62 77 89 85 45 5 83 75 1 2 30 34 3 59 60 3 38 86 26 35 94 22 74 85 45 58 93 85 25 70 23 52 34 77 96 25 69 99 87 4 39 65 77 88 65 5 33 99 15 30 81 100 3 74 22 76 23 25 53
95
93 50 92 60 9 85 77 5 45 56 31 74 27 56 60 82 41 11 75 22 62 8 70 5 58 46 9 13 76 2 58 50 19 52 21 6 62 91 1 24 71 84 15 65 -1 14 15 36 9 31 15 27 92 14 53 71 61 83 92 52 3 58 56 30 56 92 3 76 24 31 8 16 55 83 15 47 53 34 4 92 34 56 27 77 53 47 17 18 75 85 4 93 5 11 85
100
71 13 42 50 21 33 17 63 26 57 86 11 -1 43 66 100 83 49 33 72 2 79 42 11 62 53 71 12 87 51 90 2 91 11 61 54 99 14 6 4 2 70 2 72 9 75 27 12 68 58 50 66 59 5 16 53 96 32 77 21 60 15 43 1 2 35 72 32 51 26 90 5 25 35 8 91 41 91 67 42 73 11 64 50 58 41 75 94 44 10 100 67 69 86 52 2 85 28 80 96
95
33 53 56 20 65 39 20 88 91 75 37 28 91 71 28 6 31 41 52 71 48 38 7 10 79 30 -1 5 36 91 47 53 13 2 81 34 30 51 69 85 83 60 29 31 57 15 40 11 69 88 18 67 89 15 5 44 9 32 37 11 22 73 39 28 91 89 9 59 70 83 67 17 13 91 38 34 49 34 48 94 3 71 91 47 65 70 51 62 45 55 27 11 24 26 54
100
89 34 57 51 1 64 92 27 47 60 66 64 50 86 1 3 89 79 80 35 92 71 51 21 93 -1 71 6 24 92 67 76 29 31 7 53 67 86 100 20 50 59 70 12 92 47 30 69 39 85 76 46 96 70 62 89 80 60 71 62 15 69 35 62 15 67 12 100 59 63 1 79 9 66 45 66 92 87 45 94 69 32 6 90 24 66 97 19 68 68 3 26 56 92 73 92 48 97 73 45
95
79 25 59 6 61 85 91 43 40 48 9 54 77 20 32 78 66 16 71 58 79 29 25 87 39 86 48 74 20 82 25 27 31 76 57 43 81 55 -1 29 24 84 55 86 29 72 40 92 34 56 91 3 67 53 82 63 2 94 6 33 75 69 55 85 25 90 25 53 23 19 31 57 9 68 40 25 58 71 35 31 45 78 49 3 63 75 82 94 63 34 94 25 33 6 66
100
29 74 12 60 52 97 92 86 55 45 95 92 37 90 86 20 24 67 84 83 33 1 6 20 30 41 23 89 77 95 83 33 14 48 67 98 96 16 65 25 3 38 97 31 98 91 37 83 87 91 27 38 65 -1 77 88 25 67 74 33 22 61 13 75 85 68 1 91 85 28 48 16 70 23 10 30 71 93 94 58 52 62 54 3 94 13 31 96 27 10 89 83 71 22 28 14 83 83 31 44
95
95 73 56 89 36 30 76 71 4 25 22 47 15 36 44 55 13 87 74 43 4 73 11 58 32 71 73 67 66 91 71 11 61 33 -1 3 60 57 69 69 93 74 78 73 24 58 58 80 18 87 21 17 5 39 93 61 73 73 4 38 6 5 2 33 27 60 78 3 89 22 20 91 35 54 39 13 54 65 1 30 44 25 32 27 37 55 20 8 66 33 2 70 50 37 56
100
100 67 100 19 41 48 23 98 10 25 60 42 56 73 63 2 84 42 47 86 91 41 46 90 42 51 36 62 69 42 91 72 -1 50 97 8 69 27 75 41 24 33 63 86 95 72 52 70 74 7 42 82 85 10 85 10 82 2 29 14 41 27 12 35 48 26 42 24 70 3 76 92 27 39 60 19 56 15 78 19 58 83 78 82 26 72 60 23 70 50 63 42 34 50 71 48 22 26 8 54
95
38 22 63 32 82 70 40 25 11 66 44 45 20 95 30 78 84 62 91 67 61 55 11 76 39 58 47 75 40 6 41 19 66 67 69 95 95 39 14 11 30 71 95 48 57 84 57 17 31 95 23 2 16 57 95 69 80 66 74 16 16 23 53 76 30 68 50 95 84 75 75 3 39 22 77 27 26 59 5 1 25 76 40 37 1 59 3 79 -1 2 3 33 49 27 89
100
90 8 66 47 71 39 75 78 52 87 10 47 68 90 95 6 74 84 98 26 40 69 32 16 59 61 23 17 77 78 23 60 13 100 82 84 42 50 69 60 77 69 78 69 22 52 32 54 39 87 -1 77 100 57 15 33 59 41 61 6 22 67 41 41 29 25 58 57 51 14 74 29 44 63 61 84 69 32 88 37 29 34 54 57 7 85 89 68 68 30 78 43 35 71 24 1 21 91 47 44
95
83 78 71 93 72 8 60 48 46 3 38 61 64 50 7 20 18 85 33 27 16 86 71 48 94 90 -1 44 54 83 75 15 78 30 5 56 45 4 77 74 50 11 70 68 19 93 68 20 15 53 6 87 2 33 23 54 23 92 56 72 93 74 90 72 47 56 12 39 20 51 20 69 1 54 56 69 71 16 3 31 38 77 59 36 60 88 13 77 8 7 66 20 7 29 3
100
95 89 35 74 75 89 14 89 51 22 24 53 26 80 43 2 80 6 60 45 37 2 73 70 32 17 68 33 28 90 43 11 35 38 6 57 80 54 35 82 37 60 75 6 43 37 60 35 37 18 100 74 68 6 56 17 82 100 80 80 68 41 45 100 22 7 89 6 24 100 75 91 26 46 65 -1 10 20 50 89 71 54 42 89 31 48 77 35 76 37 67 75 92 22 22 95 70 70 58 84
95
20 60 65 28 40 65 32 15 21 6 58 5 65 32 29 79 3 61 74 75 7 32 57 28 42 65 21 22 40 56 3 68 28 79 51 22 18 75 3 4 77 7 17 45 7 62 11 6 29 21 94 81 90 32 25 13 27 61 39 26 54 29 77 28 32 51 48 -1 24 61 64 41 6 40 45 64 26 82 7 58 14 61 69 7 3 16 79 53 21 11 58 62 9 3 32
100
26 44 48 26 51 35 80 80 24 26 4 59 71 59 26 46 34 54 7 77 29 44 85 8 63 51 51 32 28 39 80 51 95 44 64 46 94 29 44 57 18 93 9 48 39 72 68 27 80 64 97 91 80 57 35 100 51 60 45 5 77 5 84 11 7 29 71 79 39 79 26 22 44 92 26 44 17 51 24 51 9 91 96 22 33 51 26 68 18 72 73 62 11 19 60 16 -1 80 57 67
95
72 56 46 92 93 85 40 61 46 26 37 89 11 41 73 40 85 22 7 65 5 40 94 86 49 85 60 17 41 85 40 66 85 78 73 6 63 40 32 78 85 -1 74 41 17 36 76 63 62 74 41 85 76 22 95 85 70 40 5 7 20 6 17 89 44 38 17 2 17 2 95 31 91 22 4 75 41 30 57 26 41 41 60 91 42 35 17 46 93 26 38 51 28 12 90
100
18 8 36 80 10 65 2 67 15 82 5 13 56 -1 82 80 82 56 81 50 93 98 48 35 100 92 5 48 58 43 57 37 88 58 30 11 100 8 56 50 74 16 72 42 100 32 67 30 15 56 90 25 5 73 79 15 90 82 45 58 34 2 19 79 5 50 30 73 53 71 74 65 16 75 42 39 98 5 58 66 60 14 10 24 65 50 78 16 60 100 51 90 1 6 43 40 10 82 19 98
95
93 53 57 16 6 76 10 6 81 94 16 31 31 60 13 56 27 5 17 39 79 64 61 49 42 3 -1 5 6 57 19 49 82 38 31 6 42 26 84 12 3 44 3 59 76 5 94 29 93 3 17 57 60 18 7 67 17 11 13 71 31 56 80 70 50 43 70 28 70 3 37 13 75 19 84 17 8 25 13 16 23 42 77 17 39 4 76 44 4 46 84 25 80 84 7
100
35 68 71 16 56 77 83 40 15 72 59 24 67 86 35 54 85 11 30 9 11 47 33 86 17 77 51 47 54 9 -1 95 50 74 98 5 36 86 74 83 52 41 16 34 18 92 77 54 34 95 86 45 52 77 26 25 52 43 77 48 85 97 37 94 77 28 49 12 28 52 25 74 89 77 29 57 31 38 83 22 72 25 37 76 76 77 24 5 54 47 17 89 46 74 47 38 25 83 45 42
95
52 34 25 57 61 76 45 16 26 34 68 83 60 94 58 27 62 15 30 47 75 66 25 65 2 58 55 2 45 80 8 34 8 82 24 22 29 72 92 31 78 92 76 46 34 34 45 21 62 57 13 29 50 31 57 6 72 34 34 34 45 19 67 14 84 88 2 61 84 54 88 85 42 1 42 2 13 32 26 31 27 -1 32 58 21 17 30 32 57 42 58 51 85 42 32
100
77 62 63 28 62 64 62 26 16 44 8 58 34 10 90 88 46 9 76 65 91 6 77 -1 20 46 89 100 9 36 34 9 41 15 98 31 99 96 90 99 97 89 51 5 69 14 25 9 79 25 32 99 8 11 97 88 98 25 40 42 8 24 25 97 60 37 76 76 28 65 77 97 90 87 32 15 20 4 48 98 31 28 18 92 98 33 63 62 2 66 34 44 44 41 34 89 26 16 7 62
95
47 60 5 58 32 48 81 81 85 13 4 71 41 78 38 88 7 -1 35 14 49 31 66 89 16 27 62 67 82 76 53 20 85 4 13 47 69 18 76 81 38 29 54 87 58 11 38 31 32 58 89 44 38 13 49 62 56 36 29 15 3 93 76 5 60 58 16 86 45 27 59 93 60 71 20 36 81 31 17 56 59 2 73 71 5 16 27 38 27 49 12 76 68 77 7
100
38 56 80 65 57 1 26 51 26 80 19 26 47 39 89 52 95 15 95 51 29 85 11 29 38 13 25 46 92 75 17 96 3 31 39 52 28 95 12 48 5 26 51 22 48 48 38 64 18 53 60 65 88 74 51 25 22 10 56 26 56 75 56 38 38 60 38 23 43 95 78 40 23 97 13 94 33 35 10 70 26 56 -1 17 99 89 9 4 33 73 38 26 56 39 83 10 92 2 11 23
95
79 9 55 19 16 89 33 17 95 45 46 50 -1 40 87 46 80 17 28 93 58 45 93 26 19 19 23 91 79 19 79 16 36 63 47 58 93 19 81 57 52 37 40 27 58 41 45 84 7 58 90 80 49 53 19 89 45 13 89 50 79 84 45 84 78 38 12 94 45 86 66 90 66 38 62 19 79 57 63 21 17 66 3 76 66 53 48 79 33 28 45 1 10 65 55
