2
3
5
7
11
13
17
19
23
29
31
37
41
43
47
49
53
59
61
67
71
73
79
83
89
97
101
103
107
109
113
127
131
133
137
139
143
145
149
151
155
157
161
163
167
169
173
175
179
181
185
187
191
193
197
199
203
205
209
211
215
217
221
223
227
229
233
235
239
241
245
247
251
253
257
258
259
263
269
271
277
281
283
293
307
311
313
317
331
337
347
349
353
359
367
373
379
383
389
397
401
409
419
421
431
433
439
443
449
457
461
463
467
479
487
491
499
503
509
521
523
527
529
533
541
547
551
557
559
563
569
571
577
583
587
589
593
599
601
607
611
613
617
619
629
631
641
643
647
649
653
659
661
667
671
673
677
683
689
691
697
701
703
709
713
719
727
731
733
737
739
743
751
757
761
767
769
773
779
781
787
793
797
799
803
809
811
817
821
823
827
829
839
841
851
853
857
859
863
869
871
877
881
883
887
893
899
901
907
911
913
919
923
929
937
941
943
947
949
953
961
967
971
977
979
983
989
991
997
1003
1007
1009
1013
1019
1021
1027
1031
1033
1037
1039
1043
1045
1049
1051
1055
1057
1061
1063
1067
1069
1073
1075
1079
1081
1085
1087
1091
1093
1097
1099
1103
1105
1109
1111
1115
1117
1121
1123
1127
1129
1133
1135
1139
1141
1145
1147
1151
1153
1157
1159
1163
1165
1169
1171
1175
1177
1181
1183
1187
1189
1193
1195
1199
1201
1205
1207
1211
1213
1217
1219
1223
1225
1229
1231
1235
1237
1241
1249
1259
1277
1279
1283
1289
1291
1297
1301
1303
1307
1319
1321
1327
1361
1367
1373
1381
1399
1409
1423
1427
1429
1433
1439
1447
1451
1453
1459
1471
1481
1483
1487
1489
1493
1499
1511
1523
1531
1543
1549
1553
1559
1567
1571
1579
1583
1597
1601
1607
1609
1613
1619
1621
1627
1637
1657
1663
1667
1669
1693
1697
1699
1709
1721
1723
1733
1741
1747
1753
1759
1777
1783
1787
1789
1801
1811
1823
1831
1847
1861
1867
1871
1873
1877
1879
1889
1901
1907
1913
1931
1933
1949
1951
1973
1979
1987
1993
1997
1999
2003
2011
2017
2027
2029
2039
2053
2057
2059
2063
2069
2071
2077
2081
2083
2087
2089
2093
2099
2101
2107
2111
2113
2117
2119
2123
2129
2131
2137
2141
2143
2147
2149
2153
2159
2161
2167
2171
2173
2177
2179
2183
2189
2191
2197
2201
2203
2207
2209
2213
2219
2221
2227
2231
2233
2237
2239
2243
2249
2251
2257
2261
2263
2267
2269
2273
2279
2281
2287
2291
2293
2297
2299
2303
2309
2311
2317
2321
2323
2327
2329
2333
2339
2341
2347
2351
2353
2357
2359
2363
2369
2371
2377
2381
2383
2387
2389
2393
2399
2401
2407
2411
2413
2417
2419
2423
2429
2431
2437
2441
2443
2447
2449
2453
2459
2461
2467
2471
2473
2477
2479
2483
2489
2491
2497
2501
2503
2507
2509
2513
2519
2521
2527
2531
2533
2537
2539
2543
2549
2551
2557
2561
2563
2567
2569
2573
2579
2581
2587
2591
2593
2597
2599
2603
2609
2611
2617
2621
2623
2627
2629
2633
2639
2641
2647
2651
2653
2657
2659
2663
2669
2671
2677
2681
2683
2687
2689
2693
2699
2701
2707
2711
2713
2717
2719
2723
2729
2731
2737
2741
2743
2747
2749
2753
2759
2761
2767
2771
2773
2777
2779
2783
2789
2791
2797
2801
2803
2807
2809
2813
2819
2821
2827
2831
2833
2837
2839
2843
2849
2851
2857
2861
2863
2867
2869
2873
2879
2881
2887
2891
2893
2897
2899
2903
2909
2911
2917
2921
2923
2927
2929
2933
2939
2941
2947
2951
2953
2957
2959
2963
2969
2971
2977
2981
2983
2987
2989
2993
2999
3001
3007
3011
3013
3017
3019
3023
3029
3031
3037
3041
3043
3047
3049
3053
3059
3061
3067
3071
3073
3077
3079
3083
3089
3091
3097
3101
3103
3107
3109
3113
3119
3121
3127
3131
3133
3137
3139
3143
3149
3151
3157
3161
3163
3167
3169
3173
3179
3181
3187
3191
3193
3197
3199
3203
3209
3211
3217
3221
3223
3227
3229
3233
3239
3241
3247
3251
3253
3257
3259
3263
3269
3271
3277
3281
3283
3287
3289
3293
3299
3301
3307
3311
3313
3317
3319
3323
3329
3331
3337
3341
3343
3347
3349
3353
3359
3361
3367
3371
3373
3377
3379
3383
3389
3391
3397
3401
3403
3407
3409
3413
3419
3421
3427
3431
3433
3437
3439
3443
3449
3451
3457
3461
3463
3467
3469
3473
3479
3481
3487
3491
3493
3497
3499
3503
3509
3511
3517
3521
3523
3527
3529
3533
3539
3541
3547
3551
3553
3557
3559
3563
3569
3571
3577
3581
3583
3587
3589
3593
3599
3601
3607
3611
3613
3617
3619
3623
3629
3631
3637
3641
3643
3647
3649
3653
3659
3661
3667
3671
3673
3677
3679
3683
3689
3691
3697
3701
3703
3707
3709
3713
3719
3721
3727
