10
6 3 3
877914575 24979445 623690081 476190629 211047202 628894325
602436426 861648772 433933447 262703497 971407775 731963982
7 3 3
430302156 161735902 923078537 189330739 802329211 303238506 492686568
982631932 880895728 707723857 910286918 404539679 317063340 773361868
8 4 2
839296263 492601449 191890310 782177068 818008580 160449218 840594328 797829355
462224593 384836991 576823355 404011431 954291757 155374934 164163676 138996221
9 5 2
545531545 350034067 470338674 533206504 31262034 677959980 846045895 346948152 506147731
910748511 913575467 824284691 180999835 138344965 131381221 208032501 973708325 893229302
10 6 5
37119022 215208399 189766466 137831502 47628333 409233792 888987010 87027328 421624712 871216480
455797489 190870607 554374432 694053968 469187475 810900084 799979694 575207354 666538409 597902643
15 8 8
14723492 569328197 807497925 537560717 889089200 846216104 76823620 242790881 792345559 632488502 70422962 26697435 992120464 499482549 736386595
265804420 234828607 360472167 613363438 741106986 325976483 279509806 9676858 322056553 444723554 27172325 40309279 751627327 277429832 471708200
16 9 6
306890639 1849130 672298989 331602581 206347466 149811929 316412581 927999455 441504628 673419335 198091552 599715811 441414148 80656954 110880114 233703686
248789992 203226467 938207958 313746600 864661473 787179775 803189770 116383718 174616807 374281898 286986530 702179569 527003384 893508913 519216315 370689334
17 8 7
214278326 936333553 989214957 989248231 954621185 909664305 887357564 988670052 922390943 901347593 528977370 817020443 81469525 101430412 801006699 99958976 458482217
574671008 889270962 121514850 935422061 219371588 394002980 317441890 414068747 67181740 602287469 383612516 753396007 83003299 92357163 318863571 258387455 969793590
18 9 8
91883220 87104584 8454496 269122601 483571449 667480040 926138238 897273517 774034433 359911957 94576456 741452977 171601999 723473541 636973764 663851401 537058698 13801515
73141342 192884239 327965875 201731258 432443377 643537428 668172455 810971653 675811768 782327307 661126878 442045368 679854882 923371826 395943269 955122098 860076763 850385413
18 9 7
735514571 953758357 812053310 581335844 16497484 646193559 173401394 87041107 137832737 440404979 749994685 754905542 368799134 621852751 645010898 678710212 318238297 871640720
45480206 916445904 446521410 8347611 940090410 720649262 588958949 576768546 21197987 721022306 249589291 467186542 812811094 128792089 387235729 840829964 157641823 28415297
