7
17
25
13
1
40
6
5
20
1
1
11
12
11
5
6
8
2
5
5
0
10
36
2
27
34
15
13
1
8
0
35
9
0
1
25
4
37
9
3
7
10
23
7
1
24
2
9
30
31
1
17
24
18
14
10
6
15
12
27
4
15
1
1
12
0
6
10
1
3
32
13
18
12
7
8
4
1
2
19
7
40
2
4
1
1
18
40
6
35
5
29
9
0
0
6
2
12
7
1
1
9
5
1
5
11
0
4
24
16
11
18
12
18
5
11
5
13
2
10
1
25
22
0
2
0
34
25
1
20
10
1
3
0
34
3
11
0
25
1
18
0
3
12
6
23
2
8
23
0
8
6
3
13
3
19
18
18
19
13
1
18
28
5
31
1
14
24
5
13
6
13
4
1
3
24
8
12
13
1
7
15
18
28
5
9
24
0
2
5
1
22
0
13
5
0
1
4
9
27
10
12
3
4
13
21
33
13
16
21
21
22
6
1
41
0
13
14
1
0
42
6
4
6
20
3
8
21
17
21
12
1
28
10
15
5
10
14
11
20
5
0
11
15
26
2
5
12
15
5
7
12
5
24
40
10
0
22
6
13
31
16
20
23
12
18
36
31
3
27
2
13
5
8
40
18
5
28
2
7
9
1
40
4
21
17
5
6
23
21
21
4
10
0
1
6
25
3
12
0
5
5
0
10
21
14
13
4
1
2
20
5
30
21
12
11
2
4
13
0
2
29
0
4
19
2
0
2
0
16
5
26
2
5
25
10
1
2
11
0
3
13
7
0
6
10
14
9
8
22
12
2
22
0
3
9
8
7
2
23
0
10
19
0
20
2
27
32
2
7
2
9
6
10
3
0
23
13
0
1
7
12
6
16
0
3
2
8
6
24
1
3
13
26
0
29
12
21
4
9
6
18
33
2
33
22
13
39
7
14
27
0
3
4
17
22
1
5
2
26
6
13
12
2
37
1
3
21
3
2
33
9
9
33
2
3
14
12
12
21
6
36
9
14
3
14
0
18
11
12
21
13
38
4
13
15
3
14
12
14
29
1
32
21
8
16
2
16
0
4
15
7
22
2
4
6
18
7
7
5
20
23
36
24
24
17
0
11
6
3
13
1
27
