0
300 300 300
2 271 70 271 77
2 6 230 6 279
2 279 78 279 98
2 45 63 45 99
2 294 12 294 70
1 1 82 14 82
2 271 64 271 80
1 135 101 249 101
2 278 43 278 77
1 20 213 31 213
2 279 195 279 203
1 217 216 253 216
2 81 102 81 115
2 271 235 271 244
1 74 251 75 251
1 264 148 283 148
2 81 70 81 72
1 271 95 279 95
1 77 39 135 39
1 156 252 167 252
2 279 48 279 59
2 95 258 95 269
1 2 251 9 251
1 104 251 126 251
1 49 251 72 251
3 300 159 300 159
2 271 90 271 108
1 53 251 55 251
1 233 296 269 296
1 11 213 38 213
2 230 250 230 252
2 163 8 163 39
2 279 80 279 89
2 279 11 279 13
1 122 252 123 252
1 202 252 212 252
1 138 252 169 252
3 159 179 168 188
1 79 152 155 152
1 103 213 235 213
1 62 251 67 251
1 240 251 269 251
2 279 94 279 103
2 279 3 279 11
2 96 282 96 297
2 279 78 279 86
2 230 139 230 169
1 269 252 291 252
2 279 98 279 100
2 279 231 279 274
2 279 99 279 103
1 38 252 50 252
1 34 252 44 252
2 280 196 280 267
2 279 22 279 23
1 116 252 121 252
1 237 262 250 262
2 279 104 279 162
2 154 1 154 5
1 160 252 176 252
1 148 251 162 251
2 124 93 124 127
1 130 252 148 252
1 26 213 36 213
2 46 43 46 167
1 55 39 57 39
2 271 181 271 200
2 279 108 279 126
2 279 25 279 26
2 6 173 6 180
1 73 251 75 251
1 182 244 250 244
2 279 23 279 28
1 54 152 207 152
2 22 1 22 8
2 283 25 283 44
2 271 159 271 231
2 279 6 279 14
1 27 213 43 213
1 59 252 67 252
2 279 239 279 290
1 31 252 38 252
1 38 251 38 251
1 171 252 173 252
2 263 167 263 270
2 271 86 271 105
2 81 150 81 201
2 271 34 271 51
1 231 187 264 187
1 85 3 97 3
2 177 138 177 164
2 6 247 6 264
1 148 216 182 216
1 1 30 1 30
1 18 81 83 81
2 90 81 90 117
1 279 262 293 262
2 195 205 195 296
2 34 122 34 140
2 47 59 47 144
2 59 37 59 135
1 258 252 279 252
1 240 216 260 216
1 50 62 109 62
2 230 132 230 190
2 271 236 271 239
2 10 97 10 262
2 5 297 5 298
2 279 227 279 275
2 271 274 271 297
2 271 240 271 242
1 62 252 66 252
2 282 296 282 297
1 41 95 191 95
2 279 1 279 1
1 15 251 48 251
3 26 21 117 112
1 26 251 39 251
2 294 287 294 295
1 236 252 246 252
1 139 252 169 252
1 17 287 19 287
2 154 181 154 201
2 279 106 279 159
1 53 297 56 297
1 150 252 164 252
2 279 20 279 22
1 268 262 288 262
1 119 252 125 252
3 40 35 184 179
2 271 73 271 77
2 295 105 295 291
2 279 35 279 71
1 211 262 218 262
2 154 1 154 5
1 20 176 23 176
2 271 235 271 244
2 279 127 279 147
2 298 12 298 32
2 294 259 294 279
1 262 231 269 231
1 3 251 5 251
2 22 3 22 10
2 271 237 271 246
2 271 5 271 29
2 271 105 271 116
1 135 251 177 251
1 8 279 53 279
1 4 251 6 251
2 279 108 279 174
1 9 252 48 252
1 186 251 256 251
2 271 281 271 297
1 197 234 286 234
2 6 268 6 279
2 6 167 6 186
2 22 232 22 232
2 275 194 275 196
1 237 252 295 252
2 279 60 279 63
1 8 95 29 95
2 294 58 294 143
1 286 177 291 177
1 1 252 1 252
1 87 91 150 91
2 230 243 230 245
1 15 119 34 119
2 271 278 271 286
1 199 252 221 252
2 279 109 279 147
2 279 23 279 26
1 75 159 300 159
2 279 245 279 276
1 28 251 48 251
2 82 32 82 154
1 158 279 223 279
1 172 252 183 252
1 83 251 137 251
1 99 252 99 252
1 274 95 278 95
1 106 251 129 251
2 271 99 271 166
2 271 274 271 280
1 245 198 267 198
1 22 216 51 216
1 106 59 247 59
2 123 2 123 57
1 27 286 57 286
1 261 251 265 251
2 16 5 16 47
1 115 252 115 252
1 99 252 109 252
2 279 154 279 177
2 279 204 279 207
2 271 251 271 300
1 218 279 289 279
1 1 76 11 76
1 9 251 9 251
1 39 251 67 251
2 271 73 271 83
2 294 261 294 286
1 124 252 126 252
1 262 63 279 63
2 279 101 279 101
1 258 174 264 174
1 197 58 226 58
2 271 233 271 244
1 265 218 282 218
1 94 86 199 86
1 160 279 160 279
1 124 252 127 252
2 279 215 279 219
1 66 262 138 262
1 147 251 166 251
1 73 251 77 251
2 279 191 279 202
2 22 3 22 11
2 279 88 279 90
2 65 122 65 173
2 279 81 279 84
1 90 252 92 252
2 291 24 291 70
2 271 129 271 221
2 81 182 81 221
2 162 249 162 296
2 6 152 6 181
1 50 39 60 39
2 279 111 279 113
2 271 233 271 234
2 81 178 81 234
2 154 136 154 207
1 97 252 97 252
1 27 252 42 252
2 271 90 271 94
2 271 130 271 198
2 271 235 271 242
1 193 252 214 252
1 4 39 17 39
1 4 252 14 252
2 279 7 279 8
1 2 174 83 174
1 135 252 151 252
1 24 262 103 262
2 279 35 279 55
1 64 252 94 252
2 6 150 6 162
1 43 216 57 216
1 261 252 294 252
2 279 20 279 24
1 136 262 138 262
2 271 99 271 102
2 271 237 271 240
1 215 252 227 252
1 39 95 103 95
1 3 251 7 251
2 212 107 212 121
1 74 251 76 251
1 51 39 58 39
2 279 60 279 61
2 279 196 279 198
1 76 252 180 252
2 154 17 154 27
2 279 90 279 99
1 154 251 171 251
2 279 208 279 208
1 230 252 259 252
2 279 21 279 27
3 278 212 298 232
1 121 252 125 252
1 8 251 9 251
2 279 81 279 90
1 105 252 109 252
2 6 148 6 148
2 271 99 271 110
2 279 45 279 54
1 3 252 27 252
1 144 279 167 279
1 79 252 85 252
2 284 216 284 291
2 271 21 271 54
1 116 252 121 252
1 143 251 173 251
2 22 30 22 111
2 271 52 271 55
2 168 67 168 277
1 72 262 191 262
1 5 251 6 251
1 5 251 6 251
1 123 252 127 252
1 156 252 156 252
1 28 251 70 251
2 230 62 230 77
2 279 21 279 28
2 259 53 259 139
1 13 216 26 216
2 59 18 59 57
1 277 252 277 252
2 151 210 151 291
1 60 252 62 252
1 81 142 184 142
