0
100000 100000 2000
1 81278 42599 86843 42599
1 97103 64694 99210 64694
2 85082 71757 85082 72936
1 81358 14221 82022 14221
2 59194 68143 59194 68381
1 4997 98360 5352 98360
2 56559 69844 56559 71803
2 16548 56575 16548 88016
1 41006 69787 77172 69787
2 40389 11710 40389 22262
1 76310 64694 76875 64694
2 65354 94769 65354 99655
2 59194 22741 59194 22916
2 40590 25221 40590 47206
2 17930 93308 17930 94043
2 59194 24208 59194 28012
2 72708 55918 72708 71400
2 85082 65182 85082 66713
2 59194 17108 59194 18938
1 85856 98360 86109 98360
2 99192 60615 99192 81020
2 22353 16039 22353 36335
1 4672 5811 5547 5811
1 36758 64694 36924 64694
2 40590 32587 40590 33550
2 9515 6297 9515 96663
2 28631 28495 28631 63596
1 14341 98360 16283 98360
1 17645 53596 25545 53596
2 59194 17244 59194 17497
1 52808 98360 54484 98360
2 73733 82100 73733 84622
2 37607 137 37607 3375
1 2891 64694 3444 64694
2 59194 32468 59194 32634
1 41077 64694 41711 64694
2 38907 66783 38907 96348
1 7309 99699 8827 99699
2 73733 6986 73733 54414
2 72622 43423 72622 46120
2 34297 5060 34297 9038
2 59194 29596 59194 30003
1 43431 98360 45366 98360
2 59194 55795 59194 55875
2 42482 66916 42482 76027
2 84839 78492 84839 81248
1 43804 98360 43822 98360
2 85082 43573 85082 43575
2 43398 9214 43398 52820
2 59194 33264 59194 33485
1 1642 64694 4610 64694
1 2047 98360 3247 98360
2 85082 56403 85082 63913
2 72127 85379 72127 86658
1 47157 64694 49026 64694
1 98763 35223 98910 35223
2 59194 7429 59194 7659
2 85082 8933 85082 16647
1 8601 75653 14310 75653
2 35594 32315 35594 62615
2 48541 21444 48541 22722
1 47343 64694 48806 64694
2 59194 35622 59194 36751
2 59194 95594 59194 98424
1 47540 64694 48544 64694
1 28357 64694 32174 64694
2 40590 96679 40590 98385
2 18943 81836 18943 91171
2 59194 23310 59194 23826
1 17256 98360 17981 98360
2 59194 31263 59194 31857
1 56158 78024 66443 78024
1 89270 64694 89277 64694
2 85082 523 85082 2310
1 89238 64694 89283 64694
2 85082 73316 85082 73753
2 59194 1855 59194 4664
2 59194 44383 59194 48180
2 89354 57109 89354 92808
2 59194 68344 59194 70148
2 64179 80844 64179 87167
2 84839 93689 84839 97059
2 59194 17500 59194 18342
1 62885 51437 77994 51437
1 98875 64694 99297 64694
2 85082 82652 85082 82666
2 59194 58510 59194 62550
1 17930 64694 17947 64694
2 75847 43752 75847 85119
2 59194 92436 59194 94266
2 28631 27 28631 12639
1 83124 98281 88862 98281
1 7415 98360 11246 98360
2 59194 49277 59194 55770
1 15707 98360 16727 98360
1 13217 98360 13848 98360
1 91721 64694 93005 64694
2 85082 7479 85082 20175
2 59194 24803 59194 28252
1 22388 98360 23093 98360
2 17930 21223 17930 22325
1 74033 64694 74608 64694
2 85082 24034 85082 24636
1 83857 32393 85834 32393
2 72708 28612 72708 30399
2 84839 78902 84839 80403
1 74857 98360 76610 98360
1 20938 56903 75357 56903
2 85082 98479 85082 98954
1 92055 64694 93560 64694
1 96178 869 97235 869
1 92219 42599 96907 42599
1 35337 35223 36207 35223
2 64179 93418 64179 95951
1 77912 98360 79415 98360
2 4917 18016 4917 51121
2 59194 91297 59194 92172
2 65354 88658 65354 92170
1 54125 98360 54443 98360
2 83378 2178 83378 6739
1 76478 64694 77103 64694
2 59194 70351 59194 75965
2 59194 24200 59194 26634
2 17930 41514 17930 73930
2 59194 95261 59194 98437
1 83178 98360 84868 98360
1 6178 98360 6229 98360
1 22557 64694 22746 64694
2 85082 28337 85082 31172
2 51914 51213 51914 57203
2 34025 16496 34025 53942
2 59194 43590 59194 43594
1 47459 64694 49096 64694
1 5451 98360 5695 98360
1 43804 98360 45521 98360
2 88976 5893 88976 13481
1 17937 64694 18540 64694
1 76888 64694 77987 64694
1 18915 64694 25939 64694
2 9681 4744 9681 78598
1 82979 51437 83513 51437
1 85793 51437 92815 51437
1 1666 98360 2213 98360
1 49975 98360 52969 98360
1 30163 64694 30212 64694
1 88131 20977 93207 20977
1 85270 64694 86315 64694
2 85082 6644 85082 15481
2 59194 50464 59194 55267
2 59194 43592 59194 43592
2 68739 60018 68739 75639
2 85082 77059 85082 78370
1 71477 52355 88190 52355
2 59194 34159 59194 37491
1 10052 98360 12309 98360
2 85082 5578 85082 5848
1 70247 98360 72891 98360
1 68476 38258 86428 38258
1 48785 64694 48926 64694
2 85082 73050 85082 73161
1 27549 91310 89542 91310
1 8389 47264 15102 47264
1 40315 32393 41920 32393
2 59194 43590 59194 43591
2 85082 15402 85082 22604
1 51376 98360 52678 98360
1 98010 61935 99222 61935
1 9573 64694 17221 64694
2 85082 43552 85082 43601
2 39668 1794 39668 14564
2 65354 96628 65354 97433
3 38094 51644 64509 78059
2 85082 39508 85082 41218
1 95502 66322 97197 66322
2 85082 30856 85082 31099
2 59194 3038 59194 3240
2 59194 24797 59194 26882
2 59194 20129 59194 22143
1 30935 32393 35716 32393
2 59194 95925 59194 96591
2 99746 38370 99746 40169
2 46098 60098 46098 82587
2 85082 28893 85082 33013
2 34025 30626 34025 38121
1 37030 98360 38199 98360
2 85082 87044 85082 93139
1 44008 64694 46174 64694
2 68023 320 68023 1601
1 400 98360 568 98360
2 85082 43569 85082 43600
2 59194 55310 59194 55317
1 15983 47687 54404 47687
1 34825 69745 52584 69745
1 44977 64694 45986 64694
2 59194 44591 59194 46629
1 42085 5135 91678 5135
1 84829 98360 85237 98360
1 69761 98360 73953 98360
2 85082 2055 85082 4206
1 58963 98360 63588 98360
2 37685 4039 37685 31251
2 59194 24692 59194 27852
1 99094 96559 99348 96559
1 50954 64694 51768 64694
1 78370 64694 79923 64694
1 50746 64694 51771 64694
1 98336 64694 100000 64694
1 39600 64694 41083 64694
1 71774 68069 88756 68069
1 62799 32393 64910 32393
1 81532 71254 81822 71254
1 8064 64694 10498 64694
2 28631 57407 28631 58498
1 65355 52355 70399 52355
1 6671 80456 10101 80456
2 59194 3785 59194 4741
1 89259 64694 89270 64694
2 73733 20379 73733 24552
2 42482 82209 42482 83209
2 85082 5794 85082 5904
1 78678 98360 79276 98360
1 33802 98360 38704 98360
1 61318 32393 68377 32393
2 59194 33395 59194 37425
2 85082 70974 85082 72073
2 59194 1024 59194 4450
2 58559 3128 58559 33049
1 49677 64694 50939 64694
1 28942 51437 32816 51437
2 59194 56168 59194 56177
1 94504 45051 98914 45051
1 4994 98360 5388 98360
1 73980 64694 74885 64694
1 38115 35223 40170 35223
2 85082 99012 85082 99713
2 77432 41148 77432 78112
2 17930 67934 17930 71202
2 72708 60579 72708 61734
1 35589 50843 36532 50843
2 39091 5274 39091 13644
1 58973 98360 60604 98360
2 85082 1025 85082 4782
1 36295 64694 38210 64694
2 85082 5385 85082 5961
1 78713 98360 81385 98360
1 84145 98360 86441 98360
2 59194 22867 59194 23358
2 59194 32091 59194 32411
2 59194 41139 59194 42570
1 829 75633 5461 75633
2 59194 9822 59194 15054
1 408 68069 27379 68069
2 85082 24437 85082 24608
1 39691 42599 50836 42599
2 85082 6468 85082 15217
2 28631 2547 28631 19558
1 6227 35223 16066 35223
2 84839 19598 84839 38897
2 64179 63673 64179 64939
1 89255 64694 89284 64694
2 59194 37372 59194 37753
2 64447 36889 64447 75602
1 99797 70003 99900 70003
1 16540 69787 20843 69787
2 85082 24252 85082 24300
2 59194 90861 59194 91150
1 67419 64694 73415 64694
2 95979 58480 95979 77631
1 88074 98360 93875 98360
2 84446 6837 84446 26322
2 19537 99932 19537 99957
2 88607 12063 88607 49740
2 59194 32022 59194 32236
2 59194 25563 59194 27580
1 88416 64694 88617 64694
1 32396 68798 55944 68798
2 17930 3663 17930 5438
1 44516 64694 45922 64694
2 85082 82612 85082 82633
1 16393 18137 24947 18137
2 37607 97256 37607 99682
1 43065 64694 44607 64694
2 59194 39579 59194 42287
1 96550 69787 97011 69787
1 14933 98360 15993 98360
2 84839 78847 84839 79798
1 74692 64694 75169 64694
2 72708 89132 72708 94172
1 14870 98360 15974 98360
2 59194 962 59194 1109
2 34025 89390 34025 90691
1 59908 98360 60582 98360
1 13890 52355 15913 52355
2 85082 38164 85082 42612
2 85082 43577 85082 43594
1 5046 98360 5840 98360
1 31264 64694 32017 64694
1 17972 64694 18393 64694
1 89233 64694 89283 64694
1 5014 98360 6182 98360
2 72708 525 72708 9446
1 16710 22452 19660 22452
1 17200 98360 19192 98360
2 59194 23363 59194 23412
1 61996 64694 65275 64694
1 2340 98360 2831 98360
1 36240 64694 38387 64694
1 20670 66367 28832 66367
1 95848 64694 99042 64694
2 59194 9231 59194 11771
2 42482 89393 42482 96747
2 34025 94983 34025 95472
2 27623 85974 27623 87787
1 83021 98360 83916 98360
2 85082 29587 85082 34839
1 40548 20977 83390 20977
2 91586 20850 91586 70057
2 60430 50519 60430 75201
2 28631 98289 28631 99490
2 59194 32168 59194 32553
2 85082 99292 85082 99551
2 62894 22018 62894 51271
2 59194 8333 59194 15127
1 17302 98360 17970 98360
2 59194 24850 59194 24926
2 59194 32746 59194 36400
1 74006 42066 78021 42066
2 59194 49897 59194 53365
1 74303 64694 75277 64694
2 77397 22027 77397 38789
2 59194 25957 59194 27349
1 88472 87009 90254 87009
1 21838 98360 27339 98360
2 85082 98721 85082 99915
2 85082 64511 85082 66519
2 85082 13583 85082 19177
2 59194 91884 59194 92317
2 72708 31779 72708 33136
2 85082 82799 85082 83013
2 59194 61173 59194 66078
1 50439 64694 51169 64694
1 18396 64694 18508 64694
2 59194 71252 59194 71302
2 85082 45394 85082 45955
2 85082 87888 85082 93060
1 1413 51437 4205 51437
1 80889 43094 82085 43094
1 8480 88569 16737 88569
2 85082 71518 85082 74691
2 59194 53081 59194 53243
1 44880 64694 45481 64694
1 84655 87009 85709 87009
2 59194 159 59194 2321
2 17930 18898 17930 25368
1 77148 32393 99266 32393
1 47423 98360 50572 98360
1 33653 98360 38417 98360
1 70626 29616 75138 29616
2 72708 40134 72708 67878
1 64285 71254 68482 71254
2 85082 56788 85082 63262
1 58342 98360 58355 98360
2 59194 32061 59194 32106
1 37793 64694 39376 64694
2 88833 10919 88833 13723
2 85082 98428 85082 98465
2 59194 43593 59194 43594
1 71426 68069 98174 68069
2 59194 43588 59194 43588
1 13983 64694 14799 64694
1 15638 64694 16923 64694
1 40119 64694 42115 64694
2 85082 77815 85082 78260
1 38658 64694 38757 64694
2 85082 2284 85082 4190
2 85082 73106 85082 74430
1 75676 90256 76655 90256
2 7763 6265 7763 14096
1 62619 84824 97499 84824
1 77376 87009 79389 87009
2 59194 98159 59194 99505
1 95828 64694 98778 64694
2 85082 23692 85082 24409
1 11111 64694 13791 64694
2 85082 7876 85082 11054
2 59194 24320 59194 25622
2 85082 37041 85082 39012
1 99686 64694 99690 64694
2 40389 64501 40389 74626
1 44377 98360 44633 98360
1 97407 64694 98955 64694
2 34025 90160 34025 90197
1 8376 32054 8405 32054
2 85082 80756 85082 81806
1 75470 87009 80919 87009
1 49485 64694 49598 64694
2 65579 2571 65579 16281
2 85082 43568 85082 43578
1 1234 98360 1345 98360
1 42177 64694 42667 64694
1 98071 64694 98500 64694
1 89250 64694 89255 64694
1 95398 43094 98694 43094
2 85394 63911 85394 88520
1 77847 662 83079 662
2 34862 86703 34862 87372
2 72708 91119 72708 91727
2 98073 94178 98073 94525
2 9479 7984 9479 33363
1 87845 64694 88198 64694
2 59194 11644 59194 13349
1 7355 64694 10528 64694
1 27664 22870 40232 22870
2 37607 93920 37607 95518
1 41970 70618 54921 70618
1 2551 5357 15592 5357
1 50838 64694 51934 64694
1 28864 52355 52539 52355
1 1918 68478 18980 68478
2 59194 24248 59194 27187
2 85082 32250 85082 32682
1 412 41751 49294 41751
1 95011 64694 95266 64694
1 58135 93 65211 93
1 52358 20977 73440 20977
2 85082 39068 85082 40977
2 64179 71536 64179 72499
2 59194 83515 59194 89877
2 85082 43552 85082 43601
2 59194 32377 59194 32516
1 24243 64694 25597 64694
2 85082 99005 85082 99248
1 89246 64694 89247 64694
1 5166 64694 5403 64694
1 17970 98360 18801 98360
1 94317 65838 96609 65838
2 85082 83465 85082 83501
2 59194 1307 59194 3123
2 85082 53234 85082 60993
1 97350 20977 99527 20977
1 57374 96559 83836 96559
2 59194 93494 59194 94443
1 37242 64694 38067 64694
2 59194 25254 59194 27728
2 59194 91726 59194 91945
1 36779 98360 38852 98360
2 59194 52254 59194 55026
1 74544 98360 75819 98360
1 42093 64694 42247 64694
2 81363 53885 81363 54021
1 72195 98360 73523 98360
2 72708 86486 72708 97739
2 85082 19457 85082 22195
2 59194 68306 59194 69269
2 85082 2667 85082 3971
1 40887 64694 42665 64694
2 85082 74271 85082 74613
2 73733 85435 73733 86340
1 76268 64694 77305 64694
2 72708 29030 72708 33317
2 59194 68449 59194 69123
2 59194 25540 59194 26319
1 15341 568 17656 568
1 18130 64694 18172 64694
1 96107 64694 98993 64694
1 7050 74121 29304 74121
2 85082 74405 85082 75238
1 90091 14221 94680 14221
1 89234 64694 89285 64694
2 85082 45992 85082 47381
2 85082 53693 85082 57918
1 46776 98360 50900 98360
1 38917 69787 50190 69787
2 59194 34363 59194 35214
2 59194 8452 59194 9107
2 39091 3438 39091 4101
2 59194 45935 59194 48778
2 59194 43594 59194 43595
1 43426 64694 44855 64694
2 95360 52477 95360 80374
1 83141 98360 85240 98360
1 88631 51437 88689 51437
1 49450 64694 50040 64694
1 20291 98360 26571 98360
1 32752 67192 63886 67192
1 9433 64694 13634 64694
2 85082 91306 85082 92511
2 85082 880 85082 2713
1 42147 62478 73267 62478
2 40590 63952 40590 70281
1 87998 43094 98731 43094
1 98527 83569 98669 83569
1 41498 98360 42173 98360
1 44953 64694 45048 64694
2 59194 24921 59194 28386
2 69883 2672 69883 6391
1 92567 64694 93895 64694
2 27534 59077 27534 59736
2 42482 47801 42482 54353
1 2892 3474 22142 3474
2 85082 46794 85082 52338
1 22212 98360 26450 98360
2 68739 83752 68739 97968
1 4193 662 14276 662
2 84839 83932 84839 93279
1 56210 63759 92626 63759
2 85082 83442 85082 83597
2 85082 24178 85082 24334
1 16159 98360 16744 98360
1 83481 64694 84710 64694
2 16555 1990 16555 7999
2 59194 31979 59194 32039
1 29294 64694 31350 64694
1 95608 51437 97385 51437
1 70645 87009 73951 87009
2 40389 48130 40389 60938
2 59194 55791 59194 56070
2 84839 78504 84839 78590
2 59194 92226 59194 92330
2 71093 73178 71093 78331
1 79214 32393 81294 32393
1 98536 64694 98828 64694
2 59194 55863 59194 56112
2 85082 99210 85082 99432
2 85082 14255 85082 15672
2 85082 5619 85082 5631
1 89802 79372 94379 79372
1 23185 20621 75782 20621
2 67320 28550 67320 59290
2 59194 93821 59194 98009
2 89631 61002 89631 62457
1 994 71254 9198 71254
1 95673 64694 98055 64694
2 51154 28577 51154 28679
1 21501 64694 24761 64694
1 11212 64694 16736 64694
1 30001 35223 31229 35223
3 8220 68515 16088 76383
2 59194 77932 59194 82006
2 59194 66753 59194 70177
2 59194 55866 59194 55968
1 74353 98360 75725 98360
2 72708 73039 72708 79128
2 59194 28709 59194 29202
1 83567 64694 86390 64694
2 29448 3375 29448 8789
1 57148 14221 80248 14221
1 74207 64694 74476 64694
1 89534 20977 92918 20977
1 58927 55082 86080 55082
2 28631 74941 28631 77950
2 49970 48515 49970 52746
2 85082 45171 85082 48594
2 42482 51737 42482 51850
1 92575 96559 97565 96559
1 17910 64694 18404 64694
2 42482 3187 42482 31424
1 75711 52355 77086 52355
1 99041 51437 99420 51437
1 2310 662 11677 662
1 66772 50694 70995 50694
1 45123 98360 45573 98360
2 59194 80017 59194 89981
2 57116 72514 57116 76029
2 81490 77559 81490 93684
1 35743 14221 39251 14221
2 73733 83167 73733 84820
2 59194 96336 59194 99481
1 36201 64694 37166 64694
2 59194 22758 59194 23444
2 85082 9780 85082 18457
2 59194 92563 59194 94285
1 57214 20977 64659 20977
2 37607 85558 37607 89313
1 7110 98360 13334 98360
2 59194 50997 59194 52871
2 64517 415 64517 28651
1 46899 64694 49155 64694
2 85082 3645 85082 4980
1 87752 17955 93784 17955
2 84839 80071 84839 81235
1 13886 98360 16042 98360
2 85082 75713 85082 75827
1 24407 43094 43619 43094
1 4156 12731 51981 12731
1 61378 16996 68651 16996
1 82094 64694 87370 64694
1 17259 98360 18497 98360
2 59194 94507 59194 98945
1 45054 98360 45636 98360
1 20871 64694 21627 64694
2 59194 43588 59194 43594
2 58415 2113 58415 84222
1 90904 64694 95564 64694
2 59194 25503 59194 25759
1 90828 64694 92082 64694
2 59194 70455 59194 72167
1 75292 64694 79685 64694
1 74249 98360 74635 98360
2 59194 43591 59194 43593
2 59194 32928 59194 37055
2 59194 66504 59194 67624
1 74115 98360 74214 98360
2 24869 8704 24869 36301
1 14787 64694 15885 64694
2 8651 25892 8651 51394
2 99555 5132 99555 7331
1 66479 51437 71374 51437
2 85082 95480 85082 95962
2 85082 64343 85082 66089
2 59194 31447 59194 31538
1 3136 64694 3356 64694
2 64179 19374 64179 32763
2 59194 60336 59194 62985
2 85082 5884 85082 5933
1 77860 59295 88699 59295
2 59194 142 59194 523
1 1356 51437 2535 51437
2 59194 17367 59194 19064
1 50972 64694 52052 64694
1 50043 64694 51281 64694
1 96357 77426 98223 77426
1 44051 64694 44895 64694
2 59194 46628 59194 46991
1 66174 51437 73781 51437
2 24457 4364 24457 17326
1 18865 64694 25061 64694
2 57422 11102 57422 21483
2 85082 47264 85082 63481
2 85082 83596 85082 83695
2 59194 22785 59194 23187
1 46393 62012 84808 62012
2 17499 16040 17499 26425
2 64179 76600 64179 87015
1 24033 9639 45870 9639
2 85082 37748 85082 41355
2 17930 82286 17930 97326
1 41238 35223 51508 35223
1 25040 32918 25378 32918
1 26882 98360 27841 98360
2 15239 19810 15239 39713
1 26797 64694 27697 64694
1 6806 98360 11038 98360
1 47168 64694 48746 64694
1 4954 98360 5125 98360
2 59194 41180 59194 43311
1 5732 64694 5856 64694
2 59194 25486 59194 27820
1 24650 8774 36916 8774
2 65354 443 65354 7588
2 85082 84036 85082 95437
2 85082 37715 85082 41290
2 59194 61796 59194 62528
2 59194 20883 59194 21327
2 72708 30210 72708 33003
2 59194 95552 59194 97034
2 59194 10787 59194 13758
1 48074 64694 49286 64694
2 59194 25725 59194 25877
2 85082 83307 85082 83530
2 65354 91287 65354 92094
1 6159 64694 6169 64694
2 59194 44883 59194 48150
1 797 64694 1750 64694
1 40443 64694 41449 64694
1 287 64694 1949 64694
2 24346 11720 24346 23004
1 1536 98360 4151 98360
1 98125 20977 99518 20977
2 68739 21233 68739 27984
2 39091 12754 39091 19976
2 85082 23526 85082 24222
1 18190 64694 18278 64694
1 22105 36780 45706 36780
1 20262 64694 23511 64694
2 17985 13344 17985 14333
1 90092 20977 93525 20977
1 62893 21507 66338 21507
2 59194 66975 59194 67306
2 86876 2389 86876 33151
2 72708 3555 72708 5859
2 85082 1068 85082 2381
2 85082 65003 85082 65558
1 24913 98360 25196 98360
2 59194 23183 59194 23653
2 14098 30526 14098 71749
2 59194 23232 59194 23705
2 25606 94418 25606 94918
1 1483 49889 1527 49889
1 220 64694 1320 64694
2 59194 52914 59194 53773
1 10659 64694 11772 64694
1 10871 52355 24999 52355
2 59194 10851 59194 13900
2 59194 21492 59194 22339
2 39091 661 39091 4630
1 99476 52355 99744 52355
1 71897 98360 72282 98360
1 32592 64694 34906 64694
1 39688 85565 45340 85565
2 52551 6531 52551 24099
1 44188 64694 46048 64694
2 85082 40728 85082 43079
1 89790 64694 95535 64694
1 1237 96559 21634 96559
1 28659 95307 34328 95307
1 66441 98360 73729 98360
2 98063 5683 98063 5742
2 59194 22740 59194 22841
2 37348 11446 37348 19850
1 58910 98360 64366 98360
1 318 52355 16472 52355
1 18422 64694 18430 64694
1 98102 43094 99286 43094
2 42482 1033 42482 24065
1 18173 64694 18226 64694
2 98652 45554 98652 84599
1 82347 51437 83460 51437
2 85082 24364 85082 24507
3 23710 85037 36613 97940
1 5755 64694 6247 64694
1 46573 64694 47509 64694
1 94860 27703 96267 27703
2 48665 35998 48665 85318
1 83649 98360 86303 98360
2 85082 98789 85082 99866
2 59194 31971 59194 32440
1 5803 64694 6291 64694
1 94545 97005 99778 97005
1 89243 64694 89272 64694
1 30373 98360 30775 98360
1 96818 64694 97049 64694
1 42885 64694 44788 64694
1 42936 64694 43658 64694
2 59194 96591 59194 99713
1 56103 64694 70142 64694
1 8470 49889 11441 49889
1 376 49889 1593 49889
2 59194 70970 59194 72900
1 46365 64694 46403 64694
1 46475 49889 57541 49889
1 93428 69787 97617 69787
2 85472 98093 85472 99847
1 74500 98360 76950 98360
1 32271 96163 32883 96163
1 18784 15879 23575 15879
1 2306 96559 18115 96559
1 7890 68863 58884 68863
2 59194 69672 59194 69886
1 58611 98360 60422 98360
1 48478 64694 48828 64694
2 73733 86196 73733 86451
1 83024 98360 84121 98360
2 91362 33770 91362 50852
2 38556 60692 38556 66427
1 81012 98360 81725 98360
2 17930 31453 17930 70608
2 36678 45865 36678 75456
2 59194 84261 59194 88141
1 62608 71254 66504 71254
1 6168 98360 6230 98360
2 85082 81029 85082 81159
2 59194 56240 59194 64404
1 11321 98360 11322 98360
2 59194 57068 59194 60951
2 85082 82608 85082 82938
1 37522 98360 41147 98360
2 42482 93847 42482 96047
2 17930 32595 17930 52011
1 66446 98360 71232 98360
1 43392 64694 44318 64694
1 78345 95256 90871 95256
1 4856 16445 18632 16445
2 59194 34577 59194 37856
2 10513 67903 10513 72365
2 81153 29012 81153 46214
2 68739 50344 68739 53011
1 62265 32393 63861 32393
1 340 22081 6862 22081
1 38875 14221 60635 14221
1 89233 64694 89280 64694
2 59194 43589 59194 43591
2 59194 59711 59194 66230
1 25725 45257 38009 45257
2 85082 82964 85082 82985
2 85082 29731 85082 31053
1 18413 64694 18507 64694
1 81124 64694 82539 64694
2 85082 43566 85082 43568
1 36128 64694 37965 64694
1 9458 99085 24119 99085
1 68366 68069 71497 68069
2 59194 66767 59194 67638
1 62153 71254 68563 71254
1 31061 73988 81128 73988
1 43053 64694 45939 64694
2 84839 15355 84839 18853
2 59194 33827 59194 36317
2 59194 32236 59194 32607
1 79729 93847 94018 93847
1 46954 64694 47136 64694
2 59194 46347 59194 48029
1 74485 98360 75720 98360
2 459 59155 459 60342
1 1119 98360 2651 98360
2 24226 11474 24226 42942
2 59194 58980 59194 61295
1 92790 27606 94212 27606
1 57896 21264 67398 21264
2 59194 67070 59194 67291
1 17059 64694 17822 64694
2 28631 628 28631 1146
1 21305 85316 26337 85316
2 34025 84959 34025 86291
1 14422 98360 16862 98360
2 59194 66685 59194 69517
2 59194 39666 59194 43136
2 85082 69433 85082 70086
2 76283 66093 76283 79803
1 80815 64694 86072 64694
2 85082 62681 85082 62716
1 75960 89693 85268 89693
2 63926 63827 63926 67071
1 9283 69787 31766 69787
1 37272 64694 37655 64694
2 61603 66498 61603 91088
2 73733 31987 73733 45062
2 59194 77754 59194 87221
1 74501 64694 74611 64694
2 59194 23596 59194 23740
1 86013 69787 91974 69787
2 59194 38649 59194 41276
2 40389 64096 40389 66049
2 85082 82732 85082 82892
1 23859 98360 24119 98360
1 18120 64694 18288 64694
1 15756 39587 45627 39587
1 81250 98360 82344 98360
2 28631 73446 28631 78193
1 5094 87009 14433 87009
2 64179 95558 64179 99470
2 85082 82532 85082 82702
2 85082 22830 85082 23122
2 65354 94542 65354 94941
2 72708 73510 72708 76115
1 75814 64694 77897 64694
2 59194 70452 59194 75391
1 74091 64694 74723 64694
1 96464 66008 98480 66008
1 99698 38053 99784 38053
2 85082 3705 85082 4725
1 82862 98360 83858 98360
1 74428 26417 77879 26417
2 40590 91538 40590 95084
1 22333 64694 23866 64694
1 25766 30277 41403 30277
1 14075 74583 14701 74583
2 42482 60419 42482 64668
2 85082 69687 85082 70698
1 77771 98360 79444 98360
1 5611 98360 5973 98360
1 73965 64694 75160 64694
1 99162 95477 99935 95477
1 89658 64694 91694 64694
1 8372 98360 9712 98360
1 98532 68069 98562 68069
1 35716 64694 37165 64694
1 47625 98360 56094 98360
1 76369 64694 79545 64694
1 36934 64694 38582 64694
1 38347 98360 43091 98360
1 12347 64694 17198 64694
2 59194 29944 59194 30458
2 85082 23708 85082 24522
2 59194 74169 59194 75196
1 18725 64694 20563 64694
1 382 43094 38055 43094
2 59194 8660 59194 8813
1 56220 64694 65699 64694
1 94425 36128 97736 36128
2 59194 73567 59194 74011
1 90288 64694 93424 64694
1 157 98360 3220 98360
1 79585 6008 93609 6008
1 83173 43094 83362 43094
2 59194 10785 59194 14332
1 29880 64694 32558 64694
2 59194 74205 59194 76379
2 85082 37115 85082 43240
2 59194 35950 59194 36554
2 17930 16480 17930 16511
1 31359 14221 31771 14221
2 59194 24209 59194 28256
2 85082 82726 85082 83040
2 40599 67947 40599 82088
1 50360 64694 50706 64694
1 84339 98360 85371 98360
1 71597 52355 74804 52355
2 64833 24816 64833 52463
2 85082 82951 85082 83043
1 33224 71366 73227 71366
1 48292 14221 75375 14221
1 43026 324 81459 324
2 85082 85723 85082 91021
1 80466 98360 82827 98360
2 40389 48251 40389 56604
1 86709 32393 96148 32393
2 59194 13491 59194 14163
1 17206 98360 18734 98360
2 59194 18069 59194 21899
1 81678 42599 85308 42599
1 51432 64694 51861 64694
2 38891 84858 38891 91891
1 38472 35223 39047 35223
1 29707 70712 98699 70712
2 59194 40161 59194 40508
1 31501 2809 31699 2809
1 36731 98360 43148 98360
1 74759 98360 77183 98360
2 60430 27863 60430 38606
2 59194 18602 59194 21580
2 19591 78167 19591 86103
2 85082 99040 85082 99731
2 59194 44188 59194 46193
2 59194 95484 59194 96682
1 45924 64694 45958 64694
2 68739 10948 68739 26381
1 31268 98360 34554 98360
2 64179 66425 64179 67457
2 9571 21452 9571 63561
1 10914 98302 41161 98302
2 59194 29083 59194 29610
1 74733 98360 75359 98360
1 5310 98360 6010 98360
2 59194 1046 59194 1510
2 37607 77848 37607 86370
1 30576 64694 35095 64694
1 24750 42599 30673 42599
2 85082 88820 85082 93781
2 88899 2709 88899 4915
1 43525 64694 45409 64694
1 21122 20245 22905 20245
2 85082 23711 85082 24479
2 59194 84561 59194 85618
2 59194 2497 59194 4310
2 59194 33521 59194 37061
1 69951 71254 70518 71254
2 85082 43791 85082 64249
2 85082 98379 85082 99511
1 74097 98360 76763 98360
2 99100 84231 99100 92665
2 60430 1877 60430 4162
2 59194 90768 59194 91467
2 40052 90575 40052 90906
2 59194 32240 59194 32401
2 85082 7778 85082 17404
1 36039 64694 38774 64694
1 89101 98360 91031 98360
2 86239 40737 86239 78831
2 59194 25996 59194 26251
2 85082 40889 85082 42662
1 14487 98360 16948 98360
2 68739 77915 68739 97453
1 75400 64694 77016 64694
2 85082 2168 85082 3202
2 84839 11080 84839 24827
2 3931 61002 3931 89775
1 75963 64694 79955 64694
2 85082 43581 85082 43599
1 90473 662 97958 662
2 59194 50416 59194 50923
2 59194 70955 59194 71432
2 85082 30776 85082 36117
2 26938 24752 26938 93693
1 81670 64694 81921 64694
2 67603 700 67603 4603
2 40590 495 40590 15443
1 96491 51437 97778 51437
2 85082 82491 85082 83011
2 37607 80737 37607 81983
1 7855 4255 13728 4255
1 69454 87009 82434 87009
1 84559 64694 85408 64694
2 59194 35295 59194 36859
1 81511 95955 91263 95955
1 15780 98360 16517 98360
1 83724 51437 84696 51437
1 82607 14221 82719 14221
2 40590 84235 40590 87654
1 96891 61508 97770 61508
1 18576 98360 18614 98360
2 83660 4598 83660 72913
2 59194 45011 59194 48107
2 65354 6822 65354 12079
1 1934 5609 3404 5609
1 89241 64694 89274 64694
1 11157 64694 17359 64694
2 68739 11927 68739 30411
1 96602 64694 96610 64694
3 31426 92753 37600 98927
1 81650 87009 84093 87009
2 85082 66255 85082 67207
2 68739 10621 68739 26958
3 70848 48307 98755 76214
2 59194 17184 59194 21690
1 26851 35223 34910 35223
1 8108 98360 12902 98360
2 40389 68200 40389 72216
2 59194 17303 59194 20682
2 75555 99323 75555 99975
1 47214 64694 47981 64694
1 63396 71254 66778 71254
2 59194 33861 59194 34715
2 37607 42154 37607 55840
1 89235 64694 89243 64694
2 40590 99477 40590 99888
1 94953 87009 96966 87009
1 8427 61599 15629 61599
2 59194 29069 59194 29279
1 32229 64694 32746 64694
1 47275 96559 49051 96559
1 35310 68069 46359 68069
1 2521 20977 21934 20977
1 36013 64694 39124 64694
1 40224 74393 62028 74393
1 67711 98100 72077 98100
2 59194 93567 59194 95166
2 59194 1208 59194 4288
2 34025 49844 34025 78691
2 59194 72284 59194 73834
1 20718 98360 21051 98360
1 5834 98360 6098 98360
2 48170 4082 48170 31169
1 10455 64694 14352 64694
1 58457 98360 64614 98360
1 75619 64694 78830 64694
2 51970 227 51970 9451
1 9256 98360 11933 98360
2 42482 84966 42482 95883
2 85082 83256 85082 83578
1 85384 18080 86011 18080
2 59194 32196 59194 32232
2 59194 38588 59194 43347
2 64179 96009 64179 98933
2 59194 72148 59194 75526
2 85082 5715 85082 5846
2 68739 69737 68739 77419
1 44401 98360 45274 98360
1 58244 11695 58552 11695
1 98779 68069 99865 68069
2 74430 91703 74430 96312
2 85082 98297 85082 98979
2 59194 71120 59194 74370
1 74661 98360 77199 98360
2 85082 82855 85082 82966
2 85082 85096 85082 95800
1 4878 47008 14230 47008
2 59194 57864 59194 62135
1 78508 98360 79074 98360
2 33957 42284 33957 42606
1 77805 98360 79324 98360
2 73295 20769 73295 53441
2 59194 32351 59194 32456
1 50604 64694 51638 64694
1 87895 85152 88687 85152
1 41795 14425 52684 14425
1 52140 69787 52208 69787
2 85082 71626 85082 75748
2 73733 64631 73733 76200
2 63122 19106 63122 27164
1 19604 98360 23443 98360
2 24633 4112 24633 14597
1 89041 662 90920 662
1 30884 76022 39634 76022
1 48500 77412 87300 77412
2 59194 66833 59194 67654
2 59194 31979 59194 32463
1 83200 64694 85525 64694
1 26331 45464 60448 45464
1 74364 64694 75004 64694
1 53793 24288 83878 24288
2 59194 15745 59194 16760
2 85082 9832 85082 12034
1 86892 3466 98477 3466
2 59194 90993 59194 91653
2 60430 23710 60430 40762
2 34025 89390 34025 89561
1 96730 64694 97503 64694
1 82863 51437 83477 51437
1 89260 64694 89279 64694
1 35697 64694 38617 64694
2 59194 43588 59194 43593
1 166 98360 943 98360
1 75564 64694 79305 64694
1 83049 98360 83100 98360
1 60085 662 65950 662
2 47084 15517 47084 84759
1 44636 98360 45940 98360
2 40590 66443 40590 70971
2 59194 43587 59194 43593
2 68739 77592 68739 87717
2 47249 98698 47249 99260
1 5292 98360 5311 98360
2 65354 94569 65354 94745
1 10558 68381 28685 68381
1 74639 62699 92484 62699
1 11630 96559 12551 96559
1 77301 64694 78309 64694
1 36721 64694 39286 64694
2 59194 69146 59194 69638
1 85212 69787 90842 69787
2 17930 20984 17930 24306
1 45687 22615 79594 22615
1 74067 64694 75171 64694
2 59194 24943 59194 26943
1 77300 68069 82899 68069
1 9159 64694 14913 64694
2 59194 97922 59194 98213
2 36794 36428 36794 43843
2 75305 56488 75305 57670
2 82359 62718 82359 80935
1 22111 77542 78329 77542
2 84839 32228 84839 36930
1 85099 45818 91168 45818
1 97672 64694 99308 64694
2 48885 39052 48885 84497
1 57944 64694 61405 64694
1 1529 42599 7348 42599
1 2709 81981 7381 81981
1 18051 64694 18467 64694
1 2142 662 6290 662
2 35275 3241 35275 6463
2 59194 91301 59194 92315
2 21631 20017 21631 41250
2 85082 83057 85082 83078
2 59194 55870 59194 55990
1 56490 64694 62857 64694
2 59194 67363 59194 69286
2 59194 67324 59194 69511
1 70105 20977 86398 20977
1 92085 98360 97383 98360
1 58408 98360 63783 98360
2 85082 98651 85082 99133
1 40089 64694 41259 64694
2 59194 32101 59194 32588
2 59194 70968 59194 74042
1 14864 98360 15285 98360
2 85082 5416 85082 5508
2 39091 41438 39091 43759
1 97338 64694 99958 64694
2 59194 16984 59194 19223
1 74263 64694 74570 64694
1 75710 64694 75804 64694
1 97210 42599 99778 42599
1 72636 98360 73598 98360
2 59194 67106 59194 69445
2 85082 71617 85082 75225
1 69573 68069 89624 68069
1 10746 64694 13291 64694
2 72708 31485 72708 31501
2 86275 40753 86275 54750
2 5681 45818 5681 50132
1 28414 64694 32205 64694
2 72708 28231 72708 31940
2 84839 72456 84839 77232
2 71895 26409 71895 32155
2 85082 70456 85082 71889
1 44633 64694 45626 64694
2 85082 40288 85082 41432
2 59194 43588 59194 43594
1 71547 98360 72139 98360
1 63975 33177 82712 33177
2 65354 761 65354 2378
2 10407 62847 10407 96589
1 11507 32871 74860 32871
1 4986 98360 5856 98360
1 49224 98360 55249 98360
1 180 49889 1093 49889
1 93342 98360 98485 98360
1 83624 68069 84500 68069
2 40389 81141 40389 83801
2 40389 47266 40389 50666
1 83692 42599 88984 42599
1 40685 27039 41464 27039
1 39555 64694 42116 64694
1 29381 98360 32838 98360
2 59194 83096 59194 88362
2 85082 23695 85082 24392
2 59194 82440 59194 89139
2 10780 65817 10780 75021
1 97803 20977 99411 20977
2 59194 78936 59194 87899
2 85082 66 85082 500
2 59194 91044 59194 91903
1 20545 69787 35614 69787
2 28631 96233 28631 98522
1 89580 87009 96418 87009
2 85082 82885 85082 82995
2 85082 83655 85082 83745
1 15047 98360 16922 98360
2 60430 38275 60430 44526
1 84726 98360 85321 98360
1 29279 98360 39397 98360
2 59194 25862 59194 25915
2 85082 83628 85082 83680
1 89586 64694 94437 64694
1 18082 64694 18519 64694
1 14873 98360 15768 98360
2 40590 29022 40590 33816
2 59194 32842 59194 34364
2 59194 28561 59194 28779
2 68739 65383 68739 73217
2 85082 42355 85082 42831
1 46772 9547 61739 9547
2 36211 15461 36211 19688
2 65354 95830 65354 98307
1 470 98360 1979 98360
1 5125 98360 5893 98360
1 2880 68069 49792 68069
2 85082 452 85082 3143
1 909 4591 4166 4591
2 52192 14202 52192 47873
2 59194 67321 59194 69339
1 39606 64694 42204 64694
1 94297 64694 94904 64694
1 15992 98207 41737 98207
1 59589 98360 63835 98360
2 85082 43551 85082 43578
2 59194 67125 59194 67175
2 82004 36125 82004 52362
1 1911 51437 2389 51437
1 82853 64694 84096 64694
1 88311 64694 88944 64694
2 70214 56877 70214 95586
1 99152 52355 99760 52355
2 99363 5260 99363 79532
2 85082 79075 85082 79222
1 5631 64694 6059 64694
1 42609 49889 43688 49889
2 59194 76733 59194 76963
2 59194 22886 59194 23601
1 6829 48175 46645 48175
2 85082 12524 85082 17156
2 30644 96146 30644 96217
1 58478 87009 59928 87009
1 59035 9971 81230 9971
1 18686 64694 27172 64694
2 59194 29601 59194 29999
2 59194 15871 59194 19642
2 40389 65343 40389 65754
1 60167 64694 72813 64694
2 85082 7778 85082 11587
2 59194 31983 59194 32203
2 85082 72222 85082 76087
1 31689 87715 73524 87715
2 72708 22389 72708 24492
1 23992 32885 42006 32885
2 59194 83362 59194 83893
2 50536 2700 50536 29422
2 59194 66344 59194 69870
2 59194 40114 59194 41225
2 51436 56654 51436 77527
2 59194 39741 59194 40677
1 95820 64694 98009 64694
1 84017 66653 94408 66653
1 8714 98360 10321 98360
2 59194 49424 59194 53165
2 85082 1864 85082 2848
2 76832 91273 76832 93472
2 59194 82772 59194 83794
1 72720 57318 79230 57318
2 59194 44664 59194 46961
2 59194 70778 59194 73628
1 99065 96559 99080 96559
2 85082 77046 85082 82105
2 93040 29671 93040 80736
1 75820 14221 77734 14221
1 98214 73235 99895 73235
2 59194 38572 59194 43415
2 48123 79069 48123 81756
2 85082 64429 85082 65423
2 81780 3512 81780 78753
2 40389 91588 40389 93007
1 88327 64694 88966 64694
2 65354 80420 65354 82545
2 68739 84128 68739 99001
2 60430 1298 60430 2562
2 59194 73127 59194 74009
2 59194 11610 59194 14087
2 14111 79794 14111 87366
1 67999 18110 77846 18110
2 85082 14963 85082 15755
1 78587 98360 79564 98360
1 88512 98360 90982 98360
2 34025 85658 34025 88193
2 40590 72524 40590 88971
2 84839 78725 84839 79067
2 42639 98549 42639 99811
2 85082 72597 85082 74144
1 24749 23897 94460 23897
1 7555 68069 19426 68069
1 29968 35223 32325 35223
1 779 42599 3480 42599
2 59194 68163 59194 68970
2 85082 83593 85082 83674
2 59194 92630 59194 93260
1 54874 662 70990 662
1 37376 64694 37965 64694
2 38976 4230 38976 25139
1 7087 98360 13617 98360
1 17861 662 40156 662
1 86390 64694 86448 64694
1 86920 51437 90258 51437
1 13369 64694 17092 64694
2 42482 11051 42482 44626
2 76179 2802 76179 9333
1 42669 54100 76260 54100
2 85082 99176 85082 99321
2 59194 72018 59194 76267
1 45965 64694 46092 64694
2 85082 95149 85082 95347
2 9816 21230 9816 43406
2 59194 55865 59194 56061
2 59194 30104 59194 31052
1 27809 64514 73082 64514
1 84993 662 87262 662
1 92789 61717 93164 61717
2 24079 97845 24079 99170
2 65354 27936 65354 70820
2 85082 66137 85082 67431
1 23102 64694 27041 64694
2 28631 75648 28631 85882
1 69325 64694 71579 64694
1 86775 98360 95282 98360
1 66903 98360 72616 98360
2 37607 90769 37607 98441
2 59194 52014 59194 53436
2 59194 32011 59194 32266
2 59194 35470 59194 36224
2 28631 98389 28631 99138
2 40389 71002 40389 71261
2 59194 32088 59194 32317
2 85082 42730 85082 43226
1 9851 64694 13784 64694
1 74285 98360 75457 98360
2 37607 5365 37607 6807
2 85082 23241 85082 23645
2 59194 32552 59194 32644
2 60430 27712 60430 48974
2 85340 74878 85340 82696
1 84248 36964 86271 36964
1 74911 98360 76899 98360
2 94359 68173 94359 82181
2 16905 62087 16905 94021
2 85082 16432 85082 21496
1 20147 98360 22274 98360
1 42935 37350 76505 37350
1 23971 64694 26797 64694
1 49523 64694 51828 64694
1 36709 35223 40131 35223
1 323 18688 783 18688
1 265 49889 920 49889
1 25318 34702 25652 34702
2 71648 40728 71648 53718
1 95938 14221 99025 14221
2 59194 32126 59194 32452
1 3294 42599 3421 42599
1 2246 56356 9540 56356
1 60896 98360 65125 98360
1 31251 49889 63878 49889
2 9869 52779 9869 83512
2 72708 88943 72708 97255
1 89262 64694 89264 64694
2 34025 82723 34025 88081
1 99275 68069 99396 68069
1 32313 98360 42545 98360
2 58131 21537 58131 60366
1 87083 98360 90100 98360
1 1024 64694 3052 64694
1 1303 51961 2580 51961
2 85082 37474 85082 38294
2 59194 1193 59194 4085
1 83822 98360 85215 98360
2 59194 34164 59194 35799
1 26368 98360 26751 98360
2 39091 8257 39091 13691
2 85082 56809 85082 59387
1 83109 98360 85283 98360
2 85082 83446 85082 83705
1 82161 64694 86061 64694
2 59194 38989 59194 43421
2 59194 4576 59194 5010
2 85082 87804 85082 88262
2 59194 28627 59194 30388
1 5859 98360 6105 98360
2 98228 18336 98228 62579
1 30997 44695 86718 44695
2 59194 71194 59194 72067
2 65795 76477 65795 81823
1 28559 35223 40038 35223
1 5095 71832 41531 71832
2 92944 21936 92944 40330
2 85082 83206 85082 83562
2 39091 555 39091 4291
1 26615 98360 27545 98360
1 5904 98360 6021 98360
2 60430 2554 60430 3538
2 59194 41276 59194 41999
1 89010 96559 92379 96559
1 96596 35223 99112 35223
1 43669 64694 44282 64694
2 73284 55835 73284 68619
2 59194 32094 59194 32311
1 55360 96559 88542 96559
2 59194 43593 59194 43594
2 40389 17832 40389 29436
2 64179 53978 64179 56589
2 59194 45754 59194 47119
1 5147 69344 21919 69344
1 79403 98360 81894 98360
2 85082 84909 85082 95796
2 59194 43591 59194 43591
2 39091 76020 39091 96322
2 21130 5532 21130 11920
1 20670 98360 25422 98360
1 50646 64694 51414 64694
2 59194 33747 59194 36698
1 826 98360 2909 98360
2 85082 83180 85082 83188
1 58477 98360 62364 98360
2 59194 30094 59194 31234
2 85082 82555 85082 82945
2 85082 39676 85082 39967
1 21951 98360 27532 98360
1 91254 64694 92876 64694
1 96702 64694 96978 64694
2 82005 60082 82005 65408
2 28268 29386 28268 59182
2 42311 48712 42311 79170
2 37607 81395 37607 84321
1 80770 64694 86596 64694
2 59194 91870 59194 92314
1 2582 66784 15095 66784
2 52423 873 52423 35158
1 93749 20977 94423 20977
2 84839 81803 84839 91441
1 40735 14221 42565 14221
1 28897 64694 31966 64694
2 72708 92972 72708 95066
2 73733 85566 73733 87041
2 72708 87040 72708 93872
2 73733 86569 73733 86637
2 85082 76491 85082 78683
1 82219 64694 87417 64694
1 5431 64694 5432 64694
1 13913 28803 26066 28803
1 66402 91097 70905 91097
2 5669 71965 5669 83427
2 85082 82560 85082 82622
1 8525 39639 28569 39639
1 81981 98360 82541 98360
1 17320 56682 85856 56682
2 17976 5763 17976 8277
1 14048 98360 15891 98360
1 71544 98360 72426 98360
1 97391 51437 99452 51437
2 59194 51034 59194 52217
1 40008 43094 49225 43094
1 85162 42599 88507 42599
2 39091 37052 39091 41937
1 1531 64694 5188 64694
2 85082 55893 85082 63653
2 93829 14021 93829 16084
2 39091 23148 39091 27707
2 59194 24398 59194 27343
2 64070 56752 64070 60663
2 85082 64462 85082 65700
1 18429 64694 18481 64694
2 38539 37300 38539 96911
1 89242 64694 89279 64694
1 36371 34656 71509 34656
1 84897 7090 95439 7090
1 11397 64694 12454 64694
1 74620 17928 80800 17928
1 2465 4854 17467 4854
1 89873 64694 91209 64694
2 68739 83715 68739 91595
1 38045 10117 88390 10117
1 6635 49889 9062 49889
1 47123 64694 47896 64694
2 59194 4193 59194 4511
2 37607 93467 37607 93689
2 82762 19665 82762 46227
1 29565 71254 35425 71254
1 6199 49889 8069 49889
1 95479 7924 97617 7924
1 1194 62074 3135 62074
1 81326 64694 82366 64694
1 2033 64694 4554 64694
1 27116 52355 45075 52355
2 43502 53631 43502 93756
2 52379 17127 52379 48512
1 26080 71254 54614 71254
1 58304 98360 58921 98360
2 40590 64761 40590 64781
2 59194 39572 59194 39997
1 81335 11772 90124 11772
1 51252 98360 53117 98360
1 89260 64694 89273 64694
1 99452 68069 99608 68069
2 59194 67061 59194 68086
2 73677 49596 73677 74257
2 39091 2212 39091 4504
1 1414 1091 4120 1091
2 65447 89377 65447 92435
2 28631 620 28631 6824
2 85082 76871 85082 79727
2 95602 43158 95602 44570
2 85082 83236 85082 83676
1 99456 662 99890 662
2 85082 82705 85082 83077
1 46418 71717 47501 71717
2 34025 89265 34025 90632
1 77697 64694 78132 64694
1 3660 6840 36469 6840
2 60708 33197 60708 75707
1 74064 64694 74539 64694
1 74293 64694 74453 64694
2 80151 32428 80151 38473
2 59194 16030 59194 20496
1 14221 98360 15911 98360
1 55297 64694 56433 64694
2 85082 65869 85082 68627
2 59194 58877 59194 65602
2 59194 43587 59194 43587
2 39091 1126 39091 4625
1 5547 64694 6167 64694
1 97061 35223 97408 35223
2 65545 73025 65545 80006
1 83088 98360 86525 98360
2 59194 222 59194 5161
1 90990 64694 93008 64694
1 61076 71254 63879 71254
2 57153 85915 57153 92853
2 72708 91907 72708 95821
1 24238 64694 24908 64694
1 55226 56751 68988 56751
2 59194 19074 59194 21294
1 18072 64694 18222 64694
2 59194 36075 59194 37629
2 40389 64527 40389 74487
2 53806 87130 53806 99641
1 62372 98360 63918 98360
1 96091 64694 98690 64694
1 86870 43094 98542 43094
1 5843 64694 5953 64694
1 99137 662 99475 662
2 34004 5594 34004 7653
2 85082 79744 85082 79801
1 99242 96559 99613 96559
2 60430 70448 60430 74611
1 99188 64694 99458 64694
1 93975 42599 99993 42599
1 17824 49889 46251 49889
1 14368 98360 14578 98360
1 67534 98360 68083 98360
2 36182 21007 36182 37124
2 17930 9 17930 10263
1 75347 98360 75783 98360
1 84443 64935 89525 64935
1 96844 20977 97398 20977
1 70425 71254 70935 71254
1 80032 63558 98678 63558
2 85082 9796 85082 20441
2 85082 51998 85082 58556
1 12038 32393 28841 32393
2 37607 901 37607 1787
2 60430 1508 60430 14368
2 42266 29497 42266 38219
1 18750 64694 22102 64694
2 88668 12225 88668 71445
1 12421 64694 12752 64694
2 34025 25455 34025 37025
1 60235 32393 67945 32393
1 16967 51437 36807 51437
2 85082 5557 85082 5640
1 2064 75241 2686 75241
2 85082 83019 85082 83038
2 59194 11651 59194 11883
1 76414 98360 76807 98360
2 72708 24149 72708 24206
1 1556 98360 1911 98360
2 85082 38620 85082 42251
2 95593 15120 95593 20243
2 33056 17402 33056 28849
2 85082 82625 85082 82681
1 61636 71254 71209 71254
2 85082 23586 85082 23995
2 6554 30108 6554 44064
2 85082 83353 85082 83536
1 72011 98031 84179 98031
2 42482 6003 42482 39450
1 32015 64162 63431 64162
1 74183 64694 74512 64694
1 93133 98360 95671 98360
2 64179 89705 64179 90384
1 17375 98360 19220 98360
1 79205 42599 85259 42599
2 85082 23370 85082 23492
1 2891 90623 3499 90623
2 73733 80661 73733 83173
1 98846 64694 99585 64694
1 56702 43094 75436 43094
1 332 64694 2347 64694
2 59194 62977 59194 64513
2 85082 90822 85082 97602
2 53162 2341 53162 2461
2 85082 47347 85082 62182
2 3281 4065 3281 30083
1 35562 98360 37118 98360
2 59194 413 59194 3655
2 73733 85642 73733 86904
1 3373 64694 4408 64694
2 85082 680 85082 5250
2 42482 21114 42482 26655
2 59194 74082 59194 75400
1 549 98360 4351 98360
2 59194 43588 59194 43593
2 85082 83233 85082 83450
2 85082 82060 85082 82469
2 85082 64674 85082 66970
2 85082 34060 85082 35538
1 49375 64694 51629 64694
1 28178 17113 56813 17113
2 44047 30398 44047 77237
2 59194 22557 59194 23391
2 96298 99065 96298 99190
2 85082 90356 85082 98204
2 85082 8854 85082 19413
1 43473 64694 45092 64694
2 59194 32115 59194 32121
2 85082 25102 85082 34265
2 7083 91814 7083 96904
2 64179 64089 64179 69825
1 49823 64694 51740 64694
1 449 64694 5336 64694
1 36852 64694 37328 64694
1 82250 43094 82431 43094
1 70919 56253 85331 56253
1 77397 95547 88914 95547
1 93996 82735 98370 82735
2 59194 16041 59194 22088
2 91067 65713 91067 68903
2 17930 48304 17930 56463
2 85082 5436 85082 5556
2 80189 15755 80189 35348
1 92632 87009 94574 87009
1 79507 43094 82381 43094
2 59194 1805 59194 3052
2 34025 88592 34025 89895
2 59194 32211 59194 32585
1 79022 64694 80369 64694
1 76897 64694 77267 64694
1 579 64694 4920 64694
2 37607 9907 37607 33944
2 59194 39436 59194 40933
1 41517 2798 55697 2798
2 74086 37382 74086 69184
1 99322 662 99736 662
2 60430 61583 60430 74075
1 38989 69787 44615 69787
2 59194 77817 59194 89763
1 63527 29004 92746 29004
2 86508 528 86508 18052
2 72708 30029 72708 33184
2 42482 91132 42482 96478
2 57575 93077 57575 97747
2 59194 28800 59194 31545
1 46969 64694 48611 64694
1 96910 64694 98347 64694
2 59194 34231 59194 35115
1 79064 98360 81279 98360
2 85082 78659 85082 79156
2 72708 23189 72708 27361
1 55373 98360 57530 98360
1 18155 64694 18181 64694
1 89239 64694 89279 64694
2 73733 34674 73733 69378
1 1776 98360 3765 98360
1 71703 96573 85704 96573
2 59194 43590 59194 43595
1 52615 56282 63557 56282
1 98164 64694 99302 64694
1 66471 41031 71964 41031
2 64179 93424 64179 93996
1 81436 14221 81547 14221
2 85082 83468 85082 83564
1 45912 98360 45936 98360
2 85082 956 85082 3811
2 59194 73008 59194 73595
1 41791 70545 95806 70545
1 88441 64694 88816 64694
2 59194 56087 59194 56151
1 14835 98360 15652 98360
1 44300 98360 45464 98360
1 28629 64694 31275 64694
2 68739 32558 68739 33515
1 82053 64694 85296 64694
2 39661 85629 39661 94141
1 34003 98360 38827 98360
1 40379 69787 81565 69787
1 27087 30938 35133 30938
1 3100 82030 3249 82030
1 73240 98360 73369 98360
1 81777 98360 82464 98360
1 12813 64694 16630 64694
1 79461 32393 80486 32393
1 82001 64694 84530 64694
1 59984 98360 64358 98360
1 15206 98360 15706 98360
2 59194 16087 59194 18261
2 59194 90890 59194 91525
1 37826 64694 38490 64694
2 85082 83250 85082 83681
1 41286 64694 42299 64694
2 39091 73020 39091 90006
1 36584 64694 39387 64694
1 14500 98360 16100 98360
1 8474 14221 29172 14221
1 74747 71254 93019 71254
2 39091 45642 39091 49912
2 59194 22690 59194 22733
1 18063 64694 18398 64694
1 12449 70914 20865 70914
1 83137 64694 84680 64694
1 74566 64694 75250 64694
1 1697 74338 11258 74338
1 30107 64694 32321 64694
1 93096 68137 96339 68137
1 88102 64694 89048 64694
2 34307 8649 34307 96733
1 2494 2673 44171 2673
1 6856 42515 42232 42515
2 59194 25096 59194 25740
1 14209 98360 16961 98360
1 7884 42813 9438 42813
1 78649 98360 81467 98360
1 46716 16865 74794 16865
2 99082 67576 99082 79738
2 85082 12287 85082 21626
1 22003 96151 61616 96151
1 15545 49889 31528 49889
1 16571 82390 35476 82390
1 24988 42599 35115 42599
1 88979 64694 89002 64694
2 59194 49783 59194 51285
1 32189 51437 52649 51437
2 4842 83951 4842 89674
2 85082 99160 85082 99532
1 81281 49889 87347 49889
1 71565 58383 71578 58383
2 55070 5469 55070 73464
1 4096 43094 13949 43094
2 46937 47310 46937 56419
2 85082 69857 85082 74592
1 39600 64694 42641 64694
1 66023 52355 95368 52355
2 59194 29812 59194 31568
2 85082 66558 85082 66573
2 59194 24274 59194 25817
1 63173 31677 66456 31677
1 18151 98360 18370 98360
1 26570 98360 26886 98360
2 69696 52075 69696 56024
1 17105 98360 18747 98360
1 73967 64694 74727 64694
1 42169 64694 42607 64694
2 59194 63470 59194 64592
2 85082 23402 85082 24521
2 59194 330 59194 3625
2 59194 96229 59194 97918
1 96107 83759 96755 83759
2 2468 6849 2468 12579
2 57110 40486 57110 73639
1 80454 98360 82465 98360
2 59194 42195 59194 42805
1 8341 81199 8541 81199
1 87805 47625 90348 47625
1 5702 64694 6063 64694
2 85082 57 85082 2347
2 59194 72302 59194 73142
2 37607 78399 37607 85331
2 17930 6484 17930 12565
2 85082 83830 85082 86386
1 97429 51437 98872 51437
1 9051 24792 33016 24792
1 1232 98360 2567 98360
1 21284 34325 30656 34325
1 22888 98360 23468 98360
1 74320 64694 74926 64694
2 59194 63693 59194 65070
2 23100 89262 23100 90016
1 5096 98360 5655 98360
1 85740 86321 91139 86321
1 3383 64694 5305 64694
1 81032 64694 85240 64694
1 75762 64694 80062 64694
1 24399 69888 49760 69888
2 64803 14821 64803 41189
2 34025 88428 34025 89416
1 94894 69787 95891 69787
2 79636 3675 79636 36984
1 82480 27013 89250 27013
2 12393 11666 12393 16897
1 54633 52355 55270 52355
2 65354 49321 65354 82142
1 91150 51437 95062 51437
2 73765 52456 73765 80497
2 59194 57496 59194 65990
1 89258 64694 89277 64694
2 59194 43587 59194 43591
1 1822 77606 8334 77606
1 8259 35223 22842 35223
1 19644 51864 27014 51864
1 8240 65992 11744 65992
1 19696 47045 29045 47045
1 75925 64694 78187 64694
2 59194 72398 59194 73943
1 82122 71202 98057 71202
1 2718 96559 19727 96559
1 36763 64694 37916 64694
2 85082 54974 85082 60817
1 42881 64694 46076 64694
2 85082 83491 85082 83617
1 69143 32393 74091 32393
2 40389 90351 40389 99372
2 33904 19992 33904 71017
1 87050 75107 87554 75107
2 59194 43592 59194 43592
2 59194 84230 59194 89554
1 6019 64694 6180 64694
1 21877 64694 24626 64694
1 5866 64694 6263 64694
1 23614 64694 26901 64694
1 15042 27437 83282 27437
2 85082 5462 85082 5931
1 89244 64694 89274 64694
1 51361 65633 74887 65633
1 54046 64694 63262 64694
1 73978 64694 74429 64694
2 7429 79318 7429 84061
2 31783 72898 31783 75559
2 59194 94717 59194 97395
1 812 64694 4546 64694
1 74830 98360 76252 98360
1 96699 38577 99122 38577
1 78843 98360 82236 98360
1 99403 96559 99552 96559
2 59194 32337 59194 32433
1 89235 64694 89277 64694
2 40211 740 40211 4306
1 2693 89956 6359 89956
1 34938 32393 47069 32393
2 59194 55029 59194 55683
2 38106 3624 38106 3799
1 16915 51437 37271 51437
2 59194 73161 59194 75496
1 78124 64694 79076 64694
2 85082 13502 85082 17696
1 84570 98360 85739 98360
1 1220 98360 3229 98360
2 2480 53110 2480 61270
1 48746 64694 49056 64694
1 2924 98360 4115 98360
1 74763 64694 74779 64694
1 46768 64694 48301 64694
2 85082 46361 85082 60821
2 60430 46966 60430 47564
2 59194 10426 59194 14689
2 59194 91210 59194 91231
2 59194 167 59194 1463
1 50035 64694 51174 64694
1 39649 64694 39691 64694
1 83407 51437 84355 51437
2 59194 91072 59194 91348
2 88939 86812 88939 95081
1 29167 20977 63034 20977
2 6325 86836 6325 97345
1 67491 14221 79103 14221
2 94626 77982 94626 89221
2 64179 97288 64179 98078
2 85082 83216 85082 83457
2 40590 79271 40590 82101
1 4355 58069 8296 58069
2 73733 87514 73733 95001
2 59194 44922 59194 45069
1 8965 84974 14070 84974
2 59194 46 59194 5183
2 65354 89965 65354 91547
2 94900 5393 94900 11385
2 28631 7435 28631 19144
2 81872 9147 81872 23233
2 47435 45878 47435 58962
1 52795 46617 93577 46617
1 14997 82671 66079 82671
1 43009 64694 44065 64694
2 59194 40464 59194 41920
2 59194 11558 59194 14902
1 2418 87009 26093 87009
1 20382 64694 24536 64694
1 70048 64694 72109 64694
1 25065 50088 88957 50088
1 6882 98360 12675 98360
2 59194 28557 59194 29442
2 59194 6547 59194 7541
2 59194 90754 59194 91781
2 59194 41541 59194 42169
1 155 52355 8963 52355
1 87929 64694 88000 64694
1 72988 87009 78122 87009
1 8879 53600 11158 53600
1 58920 98360 63139 98360
1 67715 98360 71649 98360
2 85082 19637 85082 19982
1 90503 64694 95077 64694
1 5377 98360 5765 98360
2 59194 24089 59194 25028
1 6835 64694 10652 64694
2 59194 55803 59194 55830
1 81440 64694 84594 64694
1 5018 19147 6380 19147
2 37520 57142 37520 75455
1 52011 98360 52132 98360
2 15747 44548 15747 52879
1 4044 89796 4704 89796
1 33580 49889 49933 49889
1 2140 64694 2188 64694
1 20672 67722 36270 67722
1 416 95613 2657 95613
1 61836 71254 68899 71254
2 85082 98286 85082 99648
2 59194 73677 59194 74383
1 92936 64694 94644 64694
2 59194 22643 59194 22832
2 85082 46783 85082 56236
2 63938 82893 63938 85756
1 99237 96559 99507 96559
1 87460 98360 91148 98360
2 59194 33175 59194 36307
2 34758 36679 34758 41081
2 77496 49795 77496 60044
1 10739 99981 35228 99981
1 80165 662 89578 662
2 30459 93435 30459 99758
1 8344 64694 10428 64694
2 85082 64658 85082 68598
1 5103 34126 22283 34126
1 84086 64694 85874 64694
1 74334 64694 74988 64694
1 18436 61920 20719 61920
1 89112 51437 91072 51437
2 28631 6952 28631 14696
1 18139 64694 18251 64694
2 16145 43121 16145 61169
1 83755 68566 94181 68566
2 59194 30577 59194 30619
2 60430 18289 60430 40854
1 95352 98360 99787 98360
2 9987 50294 9987 63434
1 26355 98360 27898 98360
2 59194 44176 59194 48766
1 65498 98360 68334 98360
2 49253 89978 49253 93819
1 5679 56398 13269 56398
2 60430 77553 60430 83801
1 80719 64694 85137 64694
2 72708 22127 72708 26279
2 40590 24098 40590 46029
1 75135 98360 77372 98360
2 85082 2234 85082 4146
2 85082 84438 85082 95472
1 79594 64694 80157 64694
2 59194 90964 59194 92206
2 59194 93919 59194 96858
1 1518 68425 3880 68425
1 95188 43094 99073 43094
2 85082 39984 85082 40101
2 32040 80734 32040 83383
1 74224 64694 74638 64694
1 54137 64694 62655 64694
1 5708 69787 13713 69787
1 43480 98360 45755 98360
2 59194 52661 59194 54734
2 59194 1202 59194 1551
2 41251 82731 41251 83663
2 34162 81856 34162 87513
1 16848 98360 16924 98360
1 85282 98360 85282 98360
2 64371 43426 64371 59053
2 38365 25810 38365 41706
