16 30
4 7 59591239
3 15 79757751
1 7 56607279
4 13 68854620
12 15 56952061
1 4 40609962
14 16 8797702
6 9 94733450
3 13 24350916
4 9 37121511
2 15 17259863
7 12 48347959
6 13 87469631
13 16 4301522
5 15 21585360
5 6 39166585
9 13 22643984
1 8 60538112
2 7 66860681
11 14 49296196
2 12 23350081
6 12 56530557
11 12 25569448
6 14 44466845
10 12 2937493
15 16 39948960
2 11 12719165
9 11 40905282
2 9 16563340
9 12 59485623
100
4 16 6 12 2 
2 3 16 
5 10 2 5 16 9 
6 4 11 2 9 10 1 
6 1 6 13 11 5 12 
4 5 2 6 13 
4 7 8 10 16 
2 10 2 
3 16 1 8 
4 10 8 14 3 
2 15 10 
6 11 7 2 16 4 1 
6 13 2 16 10 3 14 
3 11 5 6 
2 2 4 
5 13 16 6 8 11 
5 2 15 5 9 1 
3 14 13 9 
3 10 9 14 
6 8 11 4 16 10 2 
4 3 13 5 16 
6 15 10 11 4 2 5 
6 9 1 3 13 10 5 
6 2 15 3 16 1 5 
5 13 2 11 16 15 
6 15 5 8 1 13 2 
5 11 14 13 10 12 
2 15 12 
5 7 12 5 9 1 
2 12 8 
4 12 14 5 16 
4 10 3 2 8 
3 12 9 3 
3 1 4 12 
4 4 16 7 2 
4 14 15 3 5 
4 2 10 4 9 
2 3 11 
6 16 2 8 10 14 5 
5 11 8 4 2 14 
4 11 8 12 7 
3 3 6 11 
5 4 6 2 16 13 
4 4 16 5 13 
5 8 11 1 9 5 
3 13 10 14 
5 2 12 14 3 16 
5 5 13 8 7 10 
6 2 8 14 5 1 13 
2 5 13 
5 1 5 13 6 2 
4 5 13 1 15 
5 2 9 1 16 7 
6 9 11 15 8 16 6 
5 7 13 9 6 1 
2 15 5 
6 4 11 15 3 13 5 
6 15 1 2 11 13 9 
2 11 3 
3 3 8 11 
5 12 16 1 13 15 
2 6 15 
2 5 16 
3 8 15 6 
2 11 6 
4 11 8 16 12 
2 3 10 
4 1 7 5 3 
5 16 11 15 3 8 
2 12 10 
6 12 3 2 1 9 13 
5 5 13 9 1 10 
2 14 9 
3 14 13 4 
2 9 4 
4 13 15 4 10 
3 16 4 13 
5 8 4 10 11 12 
2 11 2 
6 3 8 16 13 14 9 
5 15 14 12 16 6 
3 16 14 15 
3 1 6 9 
4 7 4 8 2 
5 15 8 1 2 13 
6 4 11 12 9 16 5 
4 14 11 2 10 
5 14 3 1 9 16 
6 4 12 16 2 11 1 
3 2 4 9 
2 15 6 
2 5 3 
2 5 12 
6 2 16 8 6 1 4 
3 10 16 11 
2 14 3 
3 3 9 2 
3 4 14 3 
5 4 10 9 6 16 
6 2 4 6 3 12 7 
