5000
1 255364995
414918035 212844
1 112266691
321122438 191414
1 277615842
848755093 61676
1 432591689
892259443 53755
1 263753018
173404455 173565
1 178341924
878941367 221276
1 65332960
439468128 240741
1 812238377
191076090 108732
1 180383041
927440330 112995
1 595696140
579818784 85614
1 505781615
303038676 256542
1 732407267
369196319 109292
1 183899347
595670673 271200
1 897517779
671997889 58040
1 798145265
709490300 226552
1 77395089
313421485 173644
1 90134194
773803391 334091
1 148561827
11262336 67980
1 954085001
420675227 393137
1 553429255
762570712 325674
1 793229782
940134047 122350
1 248168601
861642712 81555
1 246542661
684734453 173872
1 977247943
952783868 67226
1 481036046
472050961 213239
1 26940486
186058426 21028
1 541441162
965442021 100699
1 739896560
356093777 141525
1 119280307
730052483 337335
1 466436204
902985696 154108
1 964986972
225616268 93301
1 384340093
209407069 264033
1 157009639
672402935 213140
1 857489428
175866469 264933
1 529010356
398418982 85976
1 774506830
538760208 329349
1 193322087
755830908 80521
1 124307454
410256485 32040
1 342555486
352585085 76456
1 449635663
586052793 129387
1 448798964
698698305 223097
1 256228620
388313290 210960
1 474842398
139323106 156412
1 227747589
440176225 141235
1 372234797
372216444 213013
1 431880660
195153113 67118
1 853000528
865366822 134626
1 168754550
128791403 167386
1 500777576
778303735 22550
1 177630054
594990193 232700
1 237378236
597151415 251083
1 584200866
625908492 371876
1 72502358
630582814 188582
1 909621971
12094305 242288
1 233262351
630247552 323801
1 45930258
197731188 49980
1 403902812
74701203 279030
1 42263141
397289248 374519
1 879725449
544231712 182362
1 532049978
873736228 127424
1 595492513
865904397 63241
1 535424876
323905609 132537
1 629553457
791366244 32137
1 441275483
25819994 289316
1 475452644
827396510 125161
1 71065743
269387887 28309
1 127015900
104570206 301573
1 191768119
446763866 305159
1 213457043
462586351 341542
1 833140594
86191187 341074
1 852149062
163120868 367468
1 525828916
528807070 104177
1 993525795
342865692 299629
1 736993379
620008807 273492
1 146539265
812338589 149197
1 771939713
901470274 152671
1 394656515
772617864 24226
1 205375317
453852538 340968
1 90405092
603920953 232394
1 225844865
690422054 195813
1 652464469
373549896 29105
1 243086746
128847011 20513
1 313248140
926738856 318136
1 987248413
369053301 354684
1 862089023
907917415 334204
1 97602727
322162773 394616
1 231423519
312391056 11981
1 945674108
377844994 63965
1 879262724
847546741 40051
1 959460391
62713620 293484
1 974335440
467835149 150925
1 557456408
438449052 235357
1 8860181
920482735 136827
1 768737429
168240161 78883
1 207369923
774823260 59170
1 146333752
714009063 284528
1 712922119
469701099 189613
1 453254257
464737173 364923
1 64570421
838356748 267614
1 403944329
37070888 68723
1 609688737
463270193 383803
1 38285732
519037823 62181
1 1898443
809026769 152754
1 141614278
367564821 184067
1 882569124
950225415 192035
1 880651283
558433568 82181
1 526084236
916335231 41442
1 811522589
24478277 53560
1 774007096
340573499 54740
1 744753500
219349290 318124
1 924273314
222540542 122923
1 762315803
721745347 356979
1 783330407
861860780 84708
1 474660856
781535355 93904
1 805101183
418225281 9028
1 566146757
444352356 334220
1 788053574
254139388 316744
1 815176356
294131831 359273
1 160831216
55324974 96960
1 133709
601620218 318552
1 803007663
414467663 317466
1 775313072
825021908 221376
1 697227866
583453057 101762
1 83095051
373139653 26254
1 728522393
980035135 184698
1 137993253
588148580 315617
1 654764776
35347492 334877
1 274573560
214686681 201289
1 835884577
243225163 369951
1 910311693
973633968 9927
1 292077969
696985209 243960
1 823583068
134937117 368636
1 793107863
648021290 29570
1 974337555
259144298 163166
1 531180408
599666379 244131
1 226518113
105765593 311136
1 685384559
545159567 223960
1 344453143
698905736 134063
1 949939044
212715928 78730
1 837928362
830474112 240604
1 739912332
576171956 204826
1 870548561
472759790 110163
1 297466443
271440148 10912
1 823932826
16841289 170750
1 434403794
880256319 76920
1 193363946
491766548 117638
1 850052181
577219757 64518
1 944489632
57541542 40876
1 20976436
575475089 347251
1 592926189
627624818 376072
1 411172013
241068869 281694
1 825489951
396646114 344930
1 998380357
578214893 225001
1 229430695
278704191 33373
1 481053862
287309258 97846
1 854332480
422550361 195946
1 5882973
760090218 355439
1 217300630
559272444 300107
1 194177722
5326519 165753
1 834913237
23901202 352017
1 141850593
398112254 279694
1 994764972
816812648 226993
1 61489660
332956999 48849
1 746965916
444907764 91353
1 419497799
356649283 228167
1 37515045
486522022 144589
1 908053729
284096922 26506
1 115898115
428495499 352849
1 485896495
164637644 26184
1 875558712
342987740 371673
1 904997383
380359696 247388
1 959658622
590732371 246597
1 450317184
87367121 387990
1 348419404
255039800 136523
1 514745244
519456692 28410
1 19227236
959173522 97653
1 81534307
566601653 93579
1 942507942
666869826 119983
1 15489880
698323002 375542
1 541307167
391285536 299377
1 536827089
685176165 302671
1 721435078
84772772 159152
1 427483641
683722032 261561
1 917201343
707419121 101745
1 748640594
302752833 27451
1 467126694
185553043 58318
1 555622269
136962061 87263
1 924131298
507786311 375690
1 101246822
414079957 293658
1 692267945
639187651 252213
1 885943620
54714864 264077
1 519200960
838772946 52336
1 747398802
678158213 327031
1 687359285
81069909 306960
1 291569895
836821176 363756
1 149314593
234781767 140551
1 457042938
836471475 20358
1 589313295
977259700 120119
1 956268354
180976530 95686
1 684260236
437341581 51243
1 556962548
222112433 72915
1 115819828
641777810 282090
1 759889069
639034083 204728
1 556327104
405267487 193348
1 626204260
707909024 239850
1 482186573
467592343 268931
1 274517207
279151055 299402
1 341666792
515663478 243726
1 314534629
123718746 196312
1 265016004
603115241 396130
1 331822316
320382462 306810
1 924972358
289459073 295498
1 216127525
223143638 351048
1 454330851
204039250 347027
1 757722215
940390069 196501
1 370764128
439663295 22875
1 383193061
451046906 31282
1 522228405
475918141 122733
1 675203630
696146106 379297
1 275780836
396324280 212898
1 778192004
601719048 125130
1 988828599
318930300 279021
1 208745612
939180941 701
1 862890175
440006588 201381
1 338612475
819883707 168585
1 948940307
951886351 97113
1 203376262
749844434 214092
1 228545540
828349092 168300
1 465452216
663260711 22858
1 779833055
522514341 223203
1 851998653
875363974 179145
1 180754726
905807217 345853
1 661865541
716702320 122810
1 406306516
893837864 201097
1 685918722
475886830 374951
1 480819913
370526309 186260
1 626595627
22214266 63748
1 483444696
675114945 299356
1 996448215
761109496 4109
1 532038396
130496383 126023
1 295576114
359964996 117292
1 963046783
184039250 101612
1 122233780
565715706 107453
1 350943907
105116046 218764
1 143560928
797425271 97391
1 961809090
89400593 95472
1 510250314
871107001 315459
1 592873691
798394187 211560
1 189722255
268514034 168226
1 962870645
831924740 128676
1 177401756
247605123 85676
1 995227028
127370725 394076
1 43872299
614097544 342521
1 923557330
47425924 257186
1 455086791
661736361 193732
1 550769931
481118700 57304
1 699840678
288682154 119294
1 775058383
661497083 358701
1 806261863
697937803 396668
1 802271456
407198320 166496
1 134046384
612950408 323695
1 275966794
403940000 132821
1 979618825
326122559 289848
1 12887972
754001102 100668
1 835266015
703246025 203479
1 508984094
718552288 301284
1 145025955
172207081 88414
1 574543919
36025111 113854
1 449801104
412722948 188175
1 514947096
74311971 352499
1 218783886
493592010 119491
1 958957593
823902206 38962
1 848389475
310054646 307
1 237987774
629300287 119402
1 19861807
441086150 92911
1 610889413
415321148 207063
1 512530914
73614404 305502
1 565048686
210881403 92356
1 88545835
310070930 355009
1 593459899
961238465 34194
1 34253500
843564899 354263
1 557390317
717858944 217841
1 755629260
83020485 162492
1 586431112
368259737 234721
1 447668405
149962971 391300
1 858621979
344654484 34906
1 118440863
294448463 26723
1 757663571
739015357 109309
1 885328553
31000443 325475
1 997052513
307803018 314612
1 204743139
898028414 78573
1 330990678
145109379 94949
1 931826991
813637648 57314
1 198252258
298663731 89668
1 10876678
486128435 14546
1 499392108
316155517 183250
1 962795151
315117896 11510
1 948402920
560302834 58301
1 232337456
325222916 8727
1 834172231
979484647 101971
1 883692879
60362589 345891
1 808466501
952147604 70050
1 562697108
656853729 4459
1 22805282
229633934 303258
1 391945825
418579424 196503
1 133191757
561892958 74632
1 851934401
233412615 168981
1 690576231
967290633 370568
1 577723893
999520505 7602
1 478931782
46862677 293677
1 555459579
50659244 83003
1 981504998
506467759 24947
1 263554387
923176082 318487
1 269680863
638174252 106271
1 524433927
574605844 5708
1 14574914
362250402 333503
1 829657561
25549892 9109
1 399185711
667842561 110482
1 12088994
449918551 301171
1 3888847
888712327 200444
1 849854466
543626045 112140
1 79846722
417883215 195175
1 834587666
80708021 225486
1 530860852
887208981 232718
1 300045073
426541742 244664
1 600242214
536769418 342151
1 704465968
964878232 174382
1 517725648
735074160 57363
1 561967410
43854280 231576
1 290658182
370787310 165760
1 726302213
862386561 238522
1 434058936
54356455 88815
1 74800387
719372392 287433
1 50952535
965450421 151509
1 172727135
870559697 105620
1 330096355
804821062 204671
1 82067389
714942729 348333
1 591043530
770883414 68723
1 421461492
107698908 381697
1 97838328
245765532 199934
1 560327292
889199490 291704
1 778512536
22195558 123452
1 250457172
375915003 267873
1 545530107
413205443 337368
1 344988679
820968616 203106
1 795792866
945504018 296787
1 339516001
490225264 73467
1 668278348
973415124 141806
1 964347000
298314180 314907
1 845246009
679340346 24685
1 145627337
265020196 320404
1 835708750
817108967 271769
1 143006769
157327706 351104
1 390509016
357281078 119690
1 998242145
315228763 386925
1 999886179
22939207 44493
1 903571066
78969989 212458
1 863292963
830408881 63488
1 362538588
51746605 54916
1 621182459
180969731 111129
1 495753409
494766903 44658
1 148221901
924150204 292580
1 951944682
703829525 372267
1 843067333
734094905 381894
1 534107030
876379648 136517
1 460389831
44409469 104273
1 558668505
164532818 151884
1 448841883
771017140 173262
1 895940920
736641655 19801
1 992639541
7112874 26584
1 672772632
794917562 141053
1 195910899
504352420 297923
1 816825663
674396046 251705
1 14765067
862095698 300063
1 983875237
237638042 338862
1 414138033
671039554 357334
1 116183595
913935516 328325
1 732989567
804270499 308645
1 482783957
685201655 84461
1 159585945
963647194 24830
1 386618583
353158053 225773
1 924595136
663701158 236237
1 131506281
342310309 113544
1 78497068
854734413 286131
1 776876832
23429311 331475
1 901883318
886658468 208083
1 654678301
915059645 81
1 68851057
970702138 340705
1 760772511
850161455 134009
1 747752959
382924359 101261
1 723048825
210195151 188296
1 270901765
147510221 398214
1 703488342
165974125 261191
1 411828136
589802764 13917
1 849792485
496244270 142441
1 541592382
797190390 355806
1 32696701
604780033 220060
1 901797429
489014556 340782
1 684813084
492010320 308223
1 17008842
519281553 292772
1 376143373
585341634 113018
1 1960645
69895720 79646
1 439672645
879334643 121541
1 892458593
685317539 356156
1 111851509
990697820 114602
1 159815345
372340653 78559
1 485842140
933818424 94625
1 364003596
900758755 379398
1 267826514
32927361 12808
1 587932016
814557307 185690
1 234437885
582605003 59840
1 979904809
340408358 28769
1 433480626
978969169 363966
1 370437207
308404018 16064
1 358429070
125279799 98515
1 550688801
220070038 249581
1 173889473
394659978 95200
1 250771715
326378971 378632
1 751649198
228629002 113393
1 972457047
408549852 229326
1 676672386
399037220 190821
1 100219160
642330730 347874
1 440458094
154320450 126869
1 137836503
94717696 263965
1 288299967
324036289 203649
1 911233852
991707136 371032
1 663365462
273899582 273743
1 222225878
790046339 271582
1 268303386
874678091 296495
1 878437622
869057785 131825
1 293701200
594234858 152677
1 398268723
353693452 298963
1 979068576
676536980 321807
1 369342341
217989466 343856
1 992645473
221636465 375377
1 412087818
616596787 9612
1 926035813
358609072 386803
1 268149915
521010352 197557
1 932154144
167835312 245517
1 40191541
376118108 168253
1 294146452
599178145 64511
1 897468398
630614645 376774
1 200840407
194278776 360707
1 263718082
286536205 150865
1 23836820
114373370 353773
1 303639782
499036056 81446
1 695064904
617573510 193593
1 46021956
360478574 187152
1 862969067
27287436 167945
1 30173806
908948136 106055
1 474751427
850014935 77456
1 777589853
323837514 272956
1 411776929
589456638 351620
1 71706429
727492208 327162
1 806855274
851302694 320033
1 621392948
444731461 587
1 17121549
355003123 330076
1 226323099
206759017 349374
1 324717461
610957392 43289
1 213534537
48048728 164275
1 210602928
834355875 27881
1 320253945
120148396 379718
1 156116551
337591833 38906
1 63523972
79003107 371224
1 858417376
650407140 90538
1 890498036
729517473 93929
1 217796219
660340764 126151
1 478276573
740614731 137690
1 494412350
392989815 361600
1 301142140
729191876 184943
1 21119741
736401751 255878
1 841926510
686988842 209335
1 733643599
958094785 277992
1 15711409
970539135 327993
1 129714286
613964862 125624
1 516964518
204028532 333634
1 196104977
683694808 356994
1 668023194
898679639 260134
1 344259664
667280594 67554
1 461580817
254756633 69735
1 609171796
694340750 296623
1 548364545
248986695 29890
1 896334752
348895125 275836
1 269332005
563653893 77965
1 55429738
319482532 370793
1 496358734
555445676 219478
1 388361740
70271151 148113
1 160103465
982506890 388817
1 246313457
844296568 51673
1 689623395
13546057 106832
1 857529466
415171170 151586
1 245978660
823335532 311774
1 675536270
181994039 97504
1 477623952
344721097 296999
1 746544324
413142817 86758
1 998772609
382980936 184345
1 512184042
211790710 265215
1 670720273
618334444 146680
1 236060133
401269102 253435
1 590115399
57245332 26179
1 755665243
169358704 70609
1 385535984
696437383 204403
1 257650136
43652233 350210
1 192264374
475787431 231031
1 539353495
68167108 284936
1 533226788
113140232 43798
1 577794873
230394017 45888
1 384034085
436511497 84064
1 685932583
85337080 270496
1 520653660
591481009 77219
1 408610587
834546717 218771
1 416489412
458694371 82458
1 118243221
975892542 260605
1 430431408
737027432 236195
1 695494456
439186904 93971
1 533513540
359954716 66568
1 212901831
497018939 304162
1 224319275
301763915 196026
1 48342108
608002059 123170
1 994396064
311305815 195615
1 219826254
285814544 297433
1 335815643
746603387 3432
1 738243027
470474179 33098
1 537155684
10104042 381756
1 744436156
174715874 259461
1 922430608
710430845 238949
1 822068623
568164818 31805
1 359611084
342739308 156482
1 543907152
596456883 263952
1 756053382
235055856 270477
1 246979096
52469228 395402
1 848797249
76563580 123217
1 427513032
934177106 87106
1 182521454
174549232 98734
1 759243103
53438381 110150
1 367741312
182842024 314713
1 426495344
761796268 55992
1 258515751
272464751 249855
1 870635586
14618321 15779
1 11026518
797811140 124420
1 759929650
823731416 94023
1 778097162
989265747 375577
1 349583455
739145436 383767
1 659722029
836882622 269326
1 621202459
189773143 301245
1 967211581
28044733 365867
1 761223062
554281618 54006
1 517861902
436744872 311619
1 65630281
294808172 303259
1 82284858
117025728 170567
1 851218702
496555384 392278
1 117540320
53844818 173067
1 335477110
356876756 6749
1 665528221
618591767 351248
1 938053163
323568210 162241
1 878341246
163911724 66855
1 347348078
503817459 241260
1 726342204
239932786 262978
1 286013150
660753465 315832
1 340753475
922076919 70652
1 931905028
457190783 254845
1 279498403
539537573 361282
1 668347907
319909204 335094
1 757051833
761548272 364135
1 29151984
187248966 116254
1 687407898
204391350 104110
1 323684603
849538362 351379
1 814866088
24074426 262108
1 216362725
299635757 346589
1 95506313
843477770 2180
1 465473653
898729389 155650
1 748211930
501224725 187583
1 342069329
72724077 310333
1 940520587
82560655 299332
1 581430520
591871625 369538
1 876907235
807853358 391169
1 180472219
804626227 254830
1 929504217
41204034 279334
1 453343300
648092099 307490
1 103373008
318224455 261591
1 800801562
105907019 153967
1 571531326
683193430 121065
1 116096056
4553256 251601
1 792306553
385535251 180480
1 290109852
196726325 244675
1 528695625
993214954 235102
1 423229307
995207010 104560
1 209315099
881354684 7106
1 480528752
254562263 41382
1 74257021
67648349 81703
1 193957916
598215005 234027
1 82859276
892162003 391856
1 794014598
430466139 212694
1 232139039
37576668 200067
1 34911005
652114788 347793
1 29774010
76013461 115545
1 601841847
824424836 234586
1 430608085
548578455 336956
1 976590003
885798978 242478
1 90049617
180358011 271751
1 849592780
283111305 378714
1 609874818
539315195 29219
1 838536989
615991200 296651
1 141543840
610903889 107636
1 567832389
309812504 88867
1 256272488
640925254 256003
1 55158997
8134877 80174
1 16220344
894774501 121426
1 83933727
552777100 2644
1 917601998
430033350 324793
1 462548097
643241233 44606
1 511826803
553956789 87663
1 962822685
213554773 355111
1 107348457
577827839 329948
1 972526193
487031878 113795
1 36479547
636607826 390459
1 168762529
203122549 106012
1 510692956
457609005 189739
1 663874648
65728991 217650
1 674037261
794530088 56820
1 162673994
488267192 140264
1 45322387
604975728 177235
1 371939468
206044892 63472
1 348472798
604109917 353575
1 722530579
95101979 119053
1 630197002
470445155 99967
1 86162085
267146501 192074
1 659131629
8563361 392354
1 148072527
612528879 288213
1 424405484
833458931 310671
1 856402868
114764828 9070
1 190319865
424085415 92534
1 538171159
535700652 308617
1 823784215
221501307 45383
1 2911650
569273848 34433
1 247790140
292853389 13091
1 324293514
30261004 311992
1 122680457
443985470 77502
1 433484162
166410614 203877
1 914204625
855770154 80723
1 882409417
708635926 302615
1 433968946
622901792 91148
1 365723502
949930149 201985
1 370199688
916079324 359346
1 304165412
751322391 16669
1 85528856
146371035 365591
1 637059756
24849262 188099
1 191020232
323626269 72920
1 938061378
507998054 113745
1 568758685
134916776 235801
1 734144137
717887648 292967
1 74075847
246469944 26849
1 944414301
262821004 130164
1 281161238
383772300 368690
1 293229825
796177831 398826
1 128627346
467349389 65321
1 969136475
906305634 321086
1 121117992
217152316 192047
1 239697036
954728323 205909
1 117428264
730004727 240462
1 370242698
573025296 326939
1 49723468
468657005 53614
1 168212009
80827584 395896
1 2408279
463147521 366344
1 409895200
96217613 151870
1 717302304
743657579 34646
1 370753579
931668491 355071
1 461018405
435610401 4339
1 267901460
77548189 238291
1 58759521
345104711 256181
1 850199676
760909151 20793
1 167537095
196512519 194251
1 364361582
310886663 294704
1 41712596
419671443 85319
1 669690409
200908112 173238
1 245637073
289053612 273377
1 274370468
415931879 237241
1 341183957
796295053 244403
1 659083075
565273159 363788
1 158437214
756803010 157302
1 629770762
749363375 289708
1 217379533
723679348 226739
1 251598238
527291116 142506
1 699493314
349023623 216097
1 45086481
674531215 41457
1 952856249
230036199 274335
1 823771168
508183070 307773
1 614965886
435298870 27954
1 279910576
726123611 50875
1 385259825
137775844 64861
1 883863485
888499488 360069
1 673728554
840226636 201794
1 557681561
548627680 320739
1 741763590
300443195 209382
1 488069622
2415661 370924
1 517730510
439013653 190962
1 280610725
516246147 141454
1 31316547
274693648 224090
1 26152139
506212984 240843
1 446302206
10789333 297285
1 445901230
339224325 12377
1 741745293
262877166 62979
1 672398655
175235379 382657
1 800251054
533573287 75567
1 998188550
479643374 304004
1 403964078
385653578 271072
1 313907708
692293039 238070
1 592341833
488821496 46205
1 669929708
798916829 338257
1 754634309
957217370 319806
1 90786692
60602338 286372
1 24359359
159270473 4708
1 76698060
254604272 79507
1 639420485
470453237 355064
1 150114037
801609495 27706
1 783095352
678988055 330738
1 215877674
264350363 249870
1 645137245
778339882 392139
1 354314903
652379068 82488
1 588382504
739766280 345802
1 505540298
595234039 216925
1 933710475
229631615 191625
1 451332461
618987612 259281
1 146925127
576774523 237074
1 252682968
735563453 352474
1 212782139
669598537 242124
1 885062517
651971570 292183
1 496748613
759934652 193349
1 811362581
556071796 50293
1 782522004
282199713 193704
1 987162614
577638385 53817
1 620729465
722592534 273288
1 529600984
766494040 123636
1 316922936
953668386 383463
1 866843021
230208202 369162
1 45597983
724583119 271726
1 556394662
902791780 238004
1 711880187
233162749 222421
1 707758818
269060242 129491
1 800631545
119384352 305576
1 304360258
999955432 231691
1 233985497
268850491 305481
1 613155079
183785718 345156
1 1059001
422212385 237798
1 195389169
210178089 379399
1 473347556
745780166 278703
1 774889138
9654681 195031
1 714268925
172719765 337091
1 730174180
494994346 92113
1 904868242
911961192 384410
1 560840186
68129796 356384
1 735824339
407041898 37318
1 751991175
755870104 4325
1 509783033
943074090 40175
1 796238463
593879731 283671
1 531250375
77398310 108224
1 281906369
16496659 261234
1 849824558
625959381 150348
1 545402046
622397413 234618
1 607561219
55113208 155225
1 221925880
78653567 385092
1 75859586
691704388 291748
1 424223473
851343637 383544
1 569442704
618585833 321218
1 244366805
434010520 376220
1 175275416
346484795 336457
1 82864191
673061690 135732
1 340942794
199010200 184818
1 826147275
718847334 150241
1 611099609
567309711 119000
1 310668585
831220503 253522
1 530392018
928571488 255787
1 138358678
617886798 244352
1 811208432
292044632 263414
1 623291497
463938450 282308
1 323545468
578038965 225687
1 702550560
114138792 293385
1 224579113
966044730 265640
1 419863793
609445186 317348
1 167870794
58138220 107550
1 344273130
293606483 118305
1 925614161
480565088 387293
1 547621055
362587788 87338
1 253886411
606558778 226747
1 897315332
464708201 50478
1 187623799
417212666 236813
1 198180334
678092910 7211
1 672659494
96059701 300820
1 392692646
120535450 169892
1 928032843
524510356 79278
1 787847594
34520539 253765
1 718546936
860775526 142883
1 824040828
425195820 80871
1 572484259
405957951 229812
1 701822949
274857669 340118
1 178595742
477800782 185417
1 409098843
803189502 143344
1 557031537
719833775 396762
1 347120985
228726782 249807
1 399304464
351715158 347913
1 840095284
312524179 301470
1 381120405
540339992 201551
1 878191991
471390031 294023
1 296979493
283989433 114204
1 661790127
432816601 220296
1 41029820
914468999 290260
1 866426997
219155216 320326
1 167829509
153031391 241689
1 791485389
250908490 79456
1 163427680
895197395 100240
1 19762915
370712651 303750
1 356459386
146021118 177351
1 33279277
915706218 285563
1 5714374
998826808 10539
1 308216013
670910985 4419
1 455846459
890033129 374133
1 377181584
468493487 393691
1 387428019
735250865 201408
1 714891876
318919533 85592
1 236167355
370532285 87234
1 503153500
620035392 105459
1 683188337
564853426 52854
1 870113716
813995054 284341
1 240546250
482816566 244571
1 27349182
610338947 329303
1 904592710
546821008 298975
1 873093772
127710251 307759
1 691154048
941114726 60266
1 74648213
600420703 376822
1 312147167
989839671 113651
1 182978906
206424347 337918
1 805029839
380074615 75062
1 918071615
283399763 298244
1 397257031
324233280 99441
1 243784155
629066656 250891
1 558777184
39296814 143956
1 994297182
342483231 58110
1 313862586
345847622 24670
1 198771173
944605727 115391
1 406347056
165541530 73695
1 655619864
266011257 232021
1 305772136
57953236 266421
1 41209227
671917563 32146
1 507724284
647929091 197886
1 556130385
378664435 171072
1 903525511
822954560 204876
1 178033846
29189195 287101
1 769561886
134924900 379090
1 838207681
887073970 113004
1 462837879
104447566 373436
1 798529230
162264412 320389
1 632778214
68459692 182945
1 147009817
408366490 300032
1 314392525
203917256 369031
1 190985673
43316293 253176
1 665016176
886772837 355584
1 458921335
773363090 52441
1 171169983
620243251 299251
1 354235839
747826812 212882
1 848807987
441759547 101606
1 508200262
8721615 305662
1 94280869
932405960 8262
1 64494862
190395335 2224
1 523178384
811958252 196481
1 851584490
860476661 60740
1 727365357
167032324 275231
1 779461713
825627352 32317
1 122811371
369101000 144427
1 876219158
363649180 290109
1 35820406
197059946 343112
1 584188748
423103462 387903
1 195950177
730292941 4658
1 456972408
516806203 11282
1 265652377
990329925 138864
1 686635347
731150484 300071
1 579221136
494400042 128642
1 90614995
878678268 325683
1 600001572
499472124 275171
1 524204673
342472541 246330
1 470787395
407522559 83423
1 759243219
774600893 344269
1 720590264
514272944 273458
1 985373124
19078584 280151
1 3306070
66969098 193915
1 469253939
309729831 154228
1 733603204
994237210 334374
1 669140075
375634567 66113
1 263299799
164919452 373033
1 700462460
184234421 291896
1 3165001
843906288 255143
1 631761597
421321446 294829
1 113857928
853208401 373718
1 207951110
894735696 375477
1 518910052
373510934 360402
1 910780226
146729241 118643
1 416455108
812767810 118465
1 604298250
573318929 264872
1 935161765
73375442 179291
1 889385154
113861212 147025
1 535974648
142267329 136625
1 301928888
128928600 103791
1 660901921
911592906 72442
1 252468921
725461313 7602
1 369379480
786958491 75276
1 204610256
961207961 291485
1 820266622
734614031 310370
1 925086976
701663049 292506
1 171000208
459119640 282361
1 675291541
875100436 329407
1 272447605
856370945 648
1 958959022
528864787 255076
1 587962565
761181224 138674
1 977732948
663844795 294477
1 583629229
427529348 20192
1 329022194
610781328 305492
1 548934205
646537053 325453
1 456573547
510707628 327277
1 898229649
855687726 332925
1 521619869
905051009 352772
1 433584650
984049590 114479
1 971259906
477241193 155013
1 60047364
615694466 66554
1 352939966
840777538 125803
1 887761929
971641392 131223
1 532624952
162050377 54528
1 931238059
73460441 396706
1 743895737
547360491 74716
1 232500015
722453986 162865
1 399140455
58136450 226659
1 884991354
973476076 33474
1 111196794
374116391 220242
1 941499967
926719217 142279
1 221380765
80147931 117382
1 706989031
430759622 181691
1 582605153
258632263 145109
1 279031602
895833549 274269
1 672106243
827409259 288847
1 456884424
433639552 202765
1 925963
377641642 10371
1 654799828
243103027 183200
1 629157462
320838265 375833
1 606172595
133015577 333377
1 34477326
461404507 172375
1 392480517
791286021 40327
1 416899429
584712982 43132
1 220615099
800331732 86419
1 625123618
306930155 53549
1 846552995
263167573 57616
1 391348485
260071901 220671
1 898658340
693260684 339337
1 153613570
545267244 142698
1 175482197
549021838 166681
1 327552111
319187283 135765
1 134132819
366170697 290839
1 32121285
423472978 98254
1 480124375
591208095 316732
1 351920460
56512406 58444
1 372669236
741760144 180306
1 587642561
386603963 207160
1 919863369
347708799 265810
1 359002091
26720341 286134
1 897173776
720540880 366477
1 773603589
766456131 111458
1 887620182
397908994 149956
1 828379037
203643890 264244
1 600967524
194290773 91758
1 941660302
455088279 141392
1 676927344
684539701 80594
1 256071481
641354985 358137
1 648061943
614573571 336726
1 931027803
305517631 397765
1 934725854
957823239 75937
1 91004031
903473570 197407
1 911748059
679924405 302864
1 841683264
106038201 143280
1 298289911
908852386 307284
1 48520622
561453216 196721
1 146551319
464370007 55938
1 754298105
275287953 176342
1 900172239
920872624 306805
1 196388156
166156902 358407
1 450896141
22835850 141474
1 510868311
104086617 329156
1 797592755
157612685 324036
1 893354117
391364682 103146
1 615460240
545632103 129317
1 55030573
162199665 175666
1 691767469
285801346 198020
1 80258636
685869067 160026
1 38046620
186858885 357721
1 682630061
688831103 152759
1 775373248
164858245 356212
1 66531173
581770739 334715
1 119291925
49759836 314204
1 404009892
17367332 105178
1 266928016
329080015 99411
1 620614504
229918590 314098
1 176450004
690488467 90230
1 909587070
917487442 293830
1 696142322
819316573 199005
1 774235110
210439505 204799
1 615932067
798852287 314027
1 81624202
991178768 284222
1 571352367
214630444 192235
1 478410490
732410904 10195
1 268315035
468711882 41748
1 628870001
906926535 127222
1 713582966
98784457 110642
1 332717160
299979607 127180
1 854182114
14962655 92574
1 14757130
725378180 81088
1 919458538
28751264 200504
1 30524696
993899821 258926
1 782155255
690965695 32666
1 543570284
294856928 110526
1 783434535
874905141 63679
1 463294669
555741367 369185
1 954250200
755369663 235561
1 703323094
718962655 287250
1 915200060
752155259 141399
1 511630974
398364133 82389
1 907983910
152048532 113750
1 403518574
294157447 4772
1 108880214
687286921 253756
1 491123895
85353743 211449
1 317653954
586337315 374890
1 534835269
983696478 83285
1 85472769
241182037 174133
1 848955941
880932842 215413
1 565793859
663656127 80547
1 317307023
761669714 61861
1 357128653
269599000 203193
1 171528652
627169977 334391
1 962446362
880357695 373984
1 849178052
864317552 164731
1 149792954
673139515 167499
1 84366608
66920791 54922
1 837423820
355283341 80475
1 605187022
804140304 147488
1 87806196
667092179 196033
1 446837922
156010923 211254
1 628650399
93226661 71446
1 250478951
947874578 21077
1 969287472
911029651 36868
1 602964539
117965993 324362
1 480454604
985897718 194796
1 965729073
301969059 172929
1 582581364
652947991 236415
1 592952876
174956997 363763
1 202594924
143088993 68879
1 208234268
862896295 21054
1 543855024
247501185 318172
1 167165582
831816961 184327
1 727454127
615274939 301236
1 578322731
609706940 5622
1 863062164
366584618 154386
1 630635621
804920811 358017
1 862934696
447425136 90702
1 434257278
318293938 334097
1 56812589
836720493 93030
1 684649688
831392754 253033
1 548048391
368949018 233732
1 260956968
587479863 314729
1 361691304
895256177 389083
1 618965326
29553069 181452
1 129044132
649111961 18376
1 167514528
647950758 253960
1 360036091
623102849 24722
1 553146779
546654182 285317
1 525562548
719562487 135277
1 283839288
552947873 78593
1 774810063
969959379 372757
1 920534844
582575087 374611
1 523208842
616909664 216477
1 894852647
598574336 7125
1 617114669
152237697 365856
1 306636629
850218927 38217
1 82360772
260334911 57259
1 852340328
320620120 132796
1 958232231
804935210 71577
1 499710383
302419536 156514
1 25666549
496853301 40099
1 550522233
479430990 111155
1 350170028
889757817 206368
1 291383022
161245709 257506
1 655835963
897305180 99269
1 530542217
801919279 361569
1 525244771
129066306 117392
1 132610302
35224066 228307
1 660881296
534744524 270133
1 296947095
671247 345772
1 745265141
293591010 346527
1 192266184
183362767 170649
1 630561467
859674812 173375
1 699805053
619240919 141575
1 352627950
328209548 16946
1 769656939
449570736 369756
1 891306391
89884991 367148
1 408157701
458506740 345644
1 145377043
835232486 2562
1 443793309
343577323 398545
1 557178927
346850827 181037
1 186545592
466159970 317575
1 118634911
985506857 43433
1 234064748
795180190 24855
1 28385249
909430813 360537
1 272102017
464864347 57771
1 126662684
68337623 96374
1 98757616
782646880 173563
1 596701032
291474609 316667
1 433862483
492261546 212003
1 737222053
575916969 77979
1 184909317
677306312 363713
1 827863748
771317126 151066
1 924521872
672648999 79486
1 859752453
528646014 342925
1 398903431
54122598 306314
1 232154096
195815439 87335
1 944881367
447491834 227378
1 933036487
212585465 331658
1 249045443
67462134 92093
1 153985785
107255020 348104
1 965173354
499433478 6793
1 3267872
730728755 103684
1 370874168
540356225 34212
1 133528245
455077700 143784
1 695024307
97630937 75896
1 639611471
849344635 37828
1 762783636
7431640 67638
1 16467669
824878061 390405
1 169094129
814145589 214635
1 368843862
601366330 2724
1 684607544
402891706 48190
1 337475480
450003730 191940
1 105116283
775397229 206668
1 630054699
637992075 141761
1 144189082
82555865 380764
1 907935346
713001382 220835
1 510738685
525949422 34891
1 473077975
978055498 90034
1 956647388
954348416 392202
1 442809766
209003842 132556
1 536426252
113979934 185519
1 684663769
586827152 58932
1 181449414
788329275 281216
1 100778563
326093095 377496
1 957737256
312778623 362434
1 535595795
976431375 333249
1 374871368
287959392 305543
1 101736508
949330029 247529
1 82114642
233377769 94271
1 134111542
789396306 334912
1 546460388
157263906 284046
1 972210072
959219859 6243
1 635530591
941350104 302370
1 697118603
587731669 375542
1 243152453
236737782 281423
1 340206223
550195929 163537
1 49944164
608495876 69086
1 858066414
156054695 5442
1 883607848
26469637 109279
1 232821238
530585903 280539
1 874623475
260889287 187163
1 284863663
765600829 159817
1 901166724
517349977 306334
1 120164017
414398620 229670
1 688446925
879279737 258267
1 782278478
289524985 226535
1 867769669
288026893 266990
1 442820691
993393474 291405
1 517415246
872152818 154629
1 56040248
920576627 113052
1 33393059
154279598 99786
1 266081832
907549408 216453
1 44547059
276883857 71916
1 311327291
331341357 68949
1 876916867
993753353 37491
1 755623711
137603979 317783
1 102967659
876682196 367490
1 521322960
247873260 242032
1 60963466
12022704 172796
1 310403343
275800241 284447
1 510447069
913679484 318180
1 932571661
43642458 107186
1 183415907
265845505 188597
1 633455553
229286041 290363
1 362965377
838762597 293654
1 966081098
445434973 138001
1 443166717
186988274 134828
1 49563421
791039668 26859
1 195978075
463592110 375853
1 89094643
617747075 195174
1 819302430
936110724 277383
1 993887210
237809912 30556
1 340882528
51809349 383517
1 233776636
146122608 185597
1 904934846
674349588 313955
1 480706627
700042868 91129
1 235382257
220898180 183541
1 748954158
454586986 156861
1 403154848
485510165 308912
1 771088500
16598384 29318
1 51789583
937698809 357606
1 643998031
25009377 321632
1 894669554
575334793 246692
1 262234765
788062066 171706
1 893032371
978280428 324389
1 450400000
572712554 316186
1 525646294
946099354 145558
1 964038487
195365129 242311
1 470125528
757332385 96620
1 547997521
328071850 74079
1 768354904
18281333 132189
1 624224125
294078853 330708
1 66679127
82807766 290021
1 596168696
527371572 174109
1 676754863
413788872 378066
1 328354043
943736374 234138
1 200684916
251463195 57916
1 538196130
885528309 228312
1 799133003
763716099 329578
1 577959096
149695143 371301
1 756016685
411383588 205
1 572762088
471432357 111334
1 102816938
54000510 267323
1 793816850
701309152 361013
1 359081334
661465719 211300
1 709103783
718735318 2829
1 29804721
536539920 231970
1 729640021
753466179 68293
1 597883194
654094915 329892
1 699263488
423877834 202924
1 632030137
770774004 220899
1 694028259
704312952 64268
1 306209617
378147777 275781
1 665804012
611781757 243947
1 570728825
95969004 316394
1 787945226
81373799 122826
1 606687454
632436358 299032
1 297306242
699260771 293504
1 944882949
753822842 173582
1 70413714
941994198 261816
1 846809021
629775122 262704
1 273718670
918090168 3403
1 595180643
362587397 61758
1 772337223
646565655 34896
1 695159132
970535265 320280
1 337132579
555196389 329405
1 526778693
671788945 354530
1 406476328
74605661 383769
62797275244191 662094868
69571290894771 481511002
81729768429229 645050016
51210845334927 149032914
68866027963953 439457932
94462801210964 539902145
82660464939449 727943191
70098358063327 183192180
81729768429229 617591669
93842422756885 331280112
94506939118970 871254980
92183619101090 644299024
96259490370712 239543774
66875834396778 783591912
78055666460745 263618331
82363378141199 61066100
61232673858797 84747223
93376720714269 740425695
81729768429229 985278376
62093897946977 576203276
56188186196237 224301536
58134527112704 830225505
91782676545822 335818350
68979182430679 69435383
87788679118364 683272823
97730166110294 78653267
55509754735947 404339534
89271078229029 582837588
81729768429229 377556238
99726989172154 341591455
55509754735947 281771158
50071782688812 660079803
92700358031915 259229377
57347722686928 594311625
77897943236232 540500632
60356935745090 490955674
81729768429229 64279678
93160207557665 691941891
88048057076200 515520743
69597357696792 25081074
82323380686103 63553442
81729768429229 54862395
53519727793830 801486810
53162571706420 584275916
69659660871425 383697150
81729768429229 280147726
71520598237110 908659055
78123619578887 929406489
73998510352686 344061917
86276149169798 765314219
81729768429229 671537291
81729768429229 661296699
94735089995647 686666262
95339244122579 90456162
71641303634668 315906857
61298834856048 247115703
95934386365569 142294219
62655125844110 528056482
81729768429229 792392443
95446077882589 126964318
52164124986857 696619708
94959288084001 883781556
51109840925430 612947231
80820597354941 110446828
60966437582875 985991760
91235493435404 930073149
50528957680212 356513382
81729768429229 901663010
76250220152855 977763934
74466851309483 301426473
62853511857592 418057660
77359792595985 394284516
55812842787762 892491544
64456285276732 445888373
99662650291628 624051806
88479329404961 989363106
52116696049423 264923873
61183478388976 900826476
58196970009666 997389104
76161283921426 592654325
64648492834326 203283749
57109141032521 949315204
96038107491286 477645942
66915859848478 251034981
55819306646565 541074032
87591460613794 244257744
62853511857592 605500536
98517356278079 568315076
55509754735947 254338690
88070409528722 458381387
71243751148978 655587968
53567217886390 496454579
95678243233049 852635005
89108292421077 461245198
80169030807145 734439089
96620220760347 345571039
53641413068884 706993194
76603432801185 603574400
64294082845170 44381021
81729768429229 834348838
86590969440538 836365568
91232351320700 345802737
97017510403974 755523320
51943712221771 783778322
92040691972266 880123146
80208346607264 776511569
57490352828884 405121424
91758247890996 651212522
59324589770574 50735688
71936304622946 810159318
87616601927322 937460444
79214854461507 483693662
62853511857592 721449518
64634819568723 801083941
59588271118527 62406423
86291000205868 949559572
93698838953806 669440038
54467378201490 27760142
50785667469815 89984835
51682985939051 571883734
79470382558704 76951612
55138073199147 102051868
98687283749297 604529307
67852745819470 291338011
50591911943931 655408756
78387014031502 887858050
53199488950965 312195041
89490779523639 341361940
59762772571790 34789577
75591255120541 208813997
55509754735947 719646893
98797836425030 387428705
93510579589301 53972146
55509754735947 420799701
98479033741356 526042915
95910789210345 531695530
87702491731372 239585805
81729768429229 947302281
84553414078111 496770551
96282518714044 75803444
89693413258560 108808881
72124829190455 39209784
92318331321597 572735204
72026008801542 515257681
51102260951402 483526494
88343787960622 957124878
56776856591514 259167268
73876599819625 83053108
95342919363608 936396640
92564351038445 758962063
84144153745992 68615853
57321212493787 70576558
81729768429229 979713094
81729768429229 192555166
81729768429229 92133958
79520800184640 610544059
54190822904709 638389356
55987128476475 663590963
99332142550103 556754244
77235040023204 402714112
99967706560362 305093939
86279482416238 35455373
55509754735947 912588391
64471537290097 984644590
55496655013267 169123259
65750991752771 945402327
89348502498092 478828069
59482743979566 414450226
63395272700873 130024559
96509241617064 43769462
55453199205721 35870294
97527446381075 531141767
52581376465295 927899409
51288738155249 172758236
78448214368569 483579059
81729768429229 312844963
53728829529830 456015544
87139972787545 220245806
59213317506798 743570023
86253941528200 48150065
50362428934533 458355624
56698675977588 959583174
62853511857592 344501446
55506629367622 292554964
55509754735947 889614381
95082472009378 580201643
59108713151478 364316468
64384555038216 781589695
83391576220540 181601688
80916658186486 363757904
86376397633562 211237275
67260249667627 644164658
98199874748361 698131325
52931928250598 835423222
65119699929248 429088961
69838036382400 575127380
59714814547170 736168280
93933855474217 317173827
87499115736548 597654339
68685607730557 305650575
62853511857592 297309392
59047664072438 855131158
73126794795718 435726449
65774143966048 18566826
80247162634859 68291345
95572043712482 81210357
63672722121192 544593084
70502138578569 223480955
65822571570326 232284293
57750864583248 936543435
55509754735947 763762190
51110183425531 114716561
55509754735947 985204390
79207879681114 956729450
52068701304171 573995843
90598805606970 328607600
81729768429229 86248831
78855210354684 268135737
71520598237110 513874092
72359893060689 750200616
81729768429229 636197521
77624822708587 753388880
55509754735947 746000010
81282596847180 806301923
86168092604855 920935542
51562943997936 40993143
74455232067652 108685410
79411245289658 72364995
81729768429229 664658983
80038320203610 568599028
51799830766995 805670537
55089551759635 552085300
87835231182372 998970865
83130094187892 52349573
86427962711144 329849888
58177024403086 95929400
81562085457669 9824624
79329065043644 934153003
66393625863714 506837704
62853511857592 881591689
74295623152493 267618708
61665588975913 330460085
70595979063156 633442870
88332591886143 450527948
88161914358017 979487148
61765029874704 138856384
95505538911472 729533168
76400978711246 725881518
68904585583226 89430788
81729768429229 724407610
56049821709194 924731642
68370323476447 454412720
68474136311267 50587501
55509754735947 750555734
96229404926630 178444205
94650296217566 984983056
54358045829537 315822867
82458229086645 156950438
65023099600174 497917737
98670136866169 90428993
81756725498894 403863753
88876230043671 940282267
81729768429229 331848090
96456952157654 254758307
81729768429229 255485390
55509754735947 462828152
83467305939336 945372962
81150611586453 791307288
83440202755569 622889262
75534143383280 565147556
68362843537084 229075096
98120734232980 957427457
55509754735947 128268444
89056049822116 779565953
58002382935120 635422330
94315882722972 672476505
85696278704611 332592762
63350025499805 295102429
73932527788319 374194706
81074993126406 35767146
52550547437541 874368250
57609245831382 597563495
55212382941183 929382990
67389797812785 873511506
79530554022842 165847080
92041168373542 919597088
81729768429229 374008013
81729768429229 901934902
62867752476163 117213032
81729768429229 589722634
75286705408055 385781702
63423069550803 287427172
85416860732818 647075267
62853511857592 184817935
51264587782742 65901640
99276194926741 762444310
74227411609464 552288532
71774313105958 829952856
82736648091462 511808131
81289644434190 179076154
63910452201445 110785238
71693877990846 965140695
81729768429229 888764005
62853511857592 135450717
87031731054032 658147004
76940114037455 821134982
81729768429229 247384047
55509754735947 803378238
63611430150414 408388299
52880167225988 177873256
51302926756774 110288740
71591716596428 690994292
96038107491286 818449429
64924676659498 501982212
80369555819695 28724101
88026753141497 741062728
67045336041648 878530669
71520598237110 731550764
71520598237110 771916289
72173233565632 991414044
99131403275680 586354097
50982249639532 74702066
69102501897598 670794267
66356296578168 672826171
87913926829625 853677726
56864009056904 587707506
97136709573774 681105980
71520598237110 329722138
83928484090134 520476553
96502641103238 282013716
64259540836685 584615313
63248879022316 684150671
67868514512369 787600449
73095090375205 538226742
69725184008368 749230861
79369396791825 332028996
81729768429229 201439937
92814401491768 305714518
76551187020699 473383146
92029732084128 157550801
55203184205833 497260870
57498529638031 241851292
55980182554215 104639667
88810868046920 655009530
62853511857592 995247453
79959532286816 391634289
56897084135254 869535953
97325532947047 445754408
72998784937164 389927075
66189199535405 144264506
91606117144800 922330747
66784015257616 921629141
89284474776095 988084084
76657235666088 66410952
89249534200585 729447560
95917377701754 549806429
81729768429229 300475817
62309355395343 927046746
70418222429557 539181269
74459283312460 215231865
87418438225434 734174396
68552488906695 615111046
81729768429229 121783663
56283202956952 973156247
81260423384682 768905652
58002382935120 671930497
61023476230395 96623852
94223630317179 212128161
72359893060689 943456785
91236851143159 601438476
95990461561873 637361272
76454379843403 133978768
67837766151652 620580813
59661769974593 220580578
79888920632540 463205830
55242669717841 608578044
97828004263042 87370456
91620195322549 441430001
73444931196514 779807597
52550953725919 823655600
78778232118402 506030873
54323336612990 603688125
61021306571356 915029886
61253488270733 577309184
97328464129336 231318141
72668856162800 62266003
57929191302505 702978168
94597360081598 712398174
64851004117085 627351407
65767213336774 774485124
55517328668703 247456021
62992393410373 20908676
81204849114294 958829126
88805713564851 812822349
65296427773724 977514919
63300967194502 604348161
55509754735947 6144170
81729768429229 871516268
66822466879299 78202826
64215172074582 686664006
73385019430115 188942883
98941716733593 888246982
87182605126308 893828100
97539357366262 26598522
59833863870857 501303105
99182162113434 203069893
90807617019437 109273991
71520598237110 499406696
55138073199147 891001727
94707437457402 820889050
67322193851276 503369950
55509754735947 547879655
79299429263127 494530205
74237933704054 277632212
63196297552312 842156501
81729768429229 660899489
94559335088763 994518521
81729768429229 636687583
53254256251418 751081792
53854109893865 677304563
58912235433497 847280737
81729768429229 438145486
54108743680921 845548914
64757494135805 519415827
51611377121246 31818107
95902092511490 296867167
86502102871697 338166853
85063317883616 720343238
96141171365101 48193035
94388903428271 125452365
80156735174162 369999420
90556299213246 13075074
61410277608279 121396620
78685477516093 911995874
70291267156819 638956731
77630688508345 661242752
97719457169547 816034180
69800998940704 288977820
59555859317229 292651068
71642463303883 488586969
78405369117298 455506538
86799189270578 770884306
99298682100009 195235420
86168092604855 671635329
61423039586507 261634077
93565858972558 90600490
86253880744484 308943960
81729768429229 348574104
62853511857592 673860096
81729768429229 606854428
64961912178299 161507757
55142065581940 879048045
62397016032242 837884770
73227074887704 755245488
63600775740600 479427740
63508933893991 448611353
81729768429229 701744317
50937129130458 586066026
91878304526454 309253770
74631490170123 950144864
79959532286816 730379799
75580066827488 300352395
79841672903130 954251320
98826657988591 505011429
71520598237110 177046679
90595423863436 151599154
88828987566613 143457165
52374261059581 560557516
81200878017654 524442286
60103883593185 55568621
83341570112963 270660758
81729768429229 37454204
66898455518152 273299878
84203213129917 702675391
79175620784161 123207297
56043630144257 845706269
50211126411866 141159207
92059509179913 172026124
50078419007300 750877888
81729768429229 503123565
98199874748361 208437774
67012354824675 973762517
85749622945740 789984886
53576423445459 560821251
53971845271194 881511178
79613381427047 806649799
52588159661208 146819384
86246792032253 25286451
56753808823118 589593530
81729768429229 590973727
63784942256436 128080844
64165842323551 748415286
96977361033647 889162821
93093906361790 746730552
81729768429229 875215957
79164815401139 455719371
88267368111336 560465180
52158395023917 358658369
81729768429229 831342247
92732307865384 298112671
85217085050843 451605505
61800157346239 926427524
81238434805438 35582883
51114701002586 142657809
65035645098798 830933535
76237309476035 675839252
84909624755432 780177271
97487079813946 678649855
78549417760977 850284119
81729768429229 289189626
61372876060505 875928
81729768429229 311145008
82906435327848 13110307
66461630267392 876476747
90630368938689 711269949
92305145085985 834990931
81996536749290 226897253
55720355393724 672493680
58114628295569 975152754
51723133997439 872051718
66716231633907 186968726
64974334891539 184742928
94298838621593 701975942
73752642477368 589030331
83275623083262 593624078
57707979126032 227848321
62853511857592 674949084
77960634049448 494462417
58589420609139 357935749
55180390957108 264118890
90246806723771 966595546
81729768429229 643690411
88425699725453 643235959
81729768429229 71867551
67287660246302 231687973
72905239208425 515725579
98603965092568 211422286
94709010309376 605139502
99902131675864 287467411
97315559360033 30395225
51084040373235 504951128
81729768429229 33883253
88437218777547 823861999
78645899480944 527208089
55713544848152 343859862
55509754735947 459880055
71513476701432 982755953
68225541021010 380382521
81729768429229 112607733
60237976139688 55809362
75228118376959 269908361
77988505155462 467108716
71520598237110 621665105
81729768429229 787142170
73446879624993 503786388
84974704409550 794313432
81729768429229 420493487
84623291614107 551437746
94869034328662 869043170
76086446981940 417218632
99254344459774 276667751
76091573193706 20295889
63784980575198 626877567
54358045829537 582177735
87870231130876 852204456
81766069984908 79324124
96115505603629 817090192
81729768429229 357276533
98120636915972 794989513
51051525980178 200745683
71910572659116 604099299
81729768429229 616248769
68201689389175 368662697
98687283749297 746461823
72798244399382 796525280
65138567093188 265655513
55153326877536 423981833
62853511857592 879079958
51280249730715 320653179
68387917962357 672833228
99811028021886 546820902
70440960963826 639565560
68811509084190 199650994
96640579093702 886130516
81640934094295 400834693
71520598237110 821721094
81729768429229 497092545
58589420609139 944848836
64941246915990 625022628
50787701278708 502917657
86147884230097 411864175
55509754735947 214896187
86926757913351 135614335
71520598237110 470590989
81109856083280 976467246
84649261223671 742862463
92089198536303 973242678
82577890882264 848990388
96977361033647 535996863
56041156824958 973506856
50826541832362 740995644
76062130464317 972445397
90447012985496 991106675
71520598237110 117989451
86222975055076 978954945
63458554716384 575361201
86528775766303 765476010
52440245026148 619223128
91222661793948 76314898
77963193996064 7742424
76331857528712 915080292
89737211913923 516632205
80500655273373 991081796
57224150281191 211889859
74244405919751 169553335
92018817170119 146222619
65390445451929 61830341
52082748266370 207420898
83511854383064 679607409
55509754735947 410884195
78036636244129 627242626
64985480528805 25415081
75784446016685 449634137
93943098296422 628005146
73604053935249 36020135
76338179594713 794678975
88013763236059 613223209
81729768429229 881006291
78018863719985 793726413
92643534076559 251170007
73346724977705 354347682
97442372872860 2008062
58758078715274 130196393
98910219726615 29856755
51413098905336 882403954
65677842160333 564469031
98957609632532 758258503
86798235706319 867678457
71520598237110 787400614
77238544140283 801413139
88446426523010 456201591
70119607339675 40637418
97618183736990 158675934
86150153264557 199615345
50014043944166 839691068
67598300314740 288015448
96801164759868 419632399
52605285890132 112133398
55968835692695 720739640
81729768429229 334082332
82800094090563 285407115
81729768429229 637707197
67566328712735 413159257
76002019225850 406258032
63640989150070 846461210
75898290212083 467793246
60282051045358 368080380
72968789748397 776964931
81729768429229 641521551
72117306734642 125107014
81729768429229 295749140
95620041593847 100561217
70348880380087 612588820
81729768429229 565697742
81729768429229 8451247
53470595006057 853721254
60788371594707 950401121
81729768429229 224120711
58497272915908 311140514
65127441240886 616650522
57668760185856 908658389
64471537290097 484335086
89041702489382 359838434
61073457509146 291466547
90200757536660 476154908
71520598237110 216888797
61176192874748 945256209
84939290002473 927772217
88356633839311 317388378
97252978111638 600751785
79885039510057 992156576
52482910327623 606170299
50005671994295 677789559
81729768429229 406374511
57113386498219 355929845
87957911624045 447619562
93008732244366 568386895
81729768429229 607657400
95484944566278 707500435
55509754735947 797083197
59369025792664 88254670
88171875437278 954940984
55218554959482 205664468
50790136166458 709490285
89844908435104 415280661
81729768429229 306636392
78592941215759 182261034
62721684209087 771133783
94370361794471 817161055
83270173098938 847336342
50392215990005 433892312
70836940699022 689295649
57618467479345 679228073
95659031823018 899717418
89685638081935 186281880
92733681210170 435221077
73153653694594 92033506
54366335126352 287417408
71108483127390 763393258
65168256834112 527020535
69119498465531 108077686
54626492561850 701096673
56239068961280 932039305
62254746920640 460056012
69022200925064 376686212
81729768429229 556623307
81729768429229 809513137
64263575316132 253698036
74005517411652 80438969
99922987995532 574344422
90793509095667 660540629
52862851361567 273046649
90089576228758 556465191
79838417912667 321236889
90042496178518 101414600
56516657326990 701742019
51413098905336 270296197
76639709472305 133032491
89220020245997 373509797
62853511857592 553009465
85577162650956 329775157
54201219469156 87988419
98453336077980 498375662
81729768429229 470231580
96720269648874 961078594
92957715541724 506741478
55509754735947 260231714
50991583149727 734740626
80002570322461 578331814
77949852528068 568196957
98937445805589 943328489
99599830655741 802662897
82539492315078 798485091
61034815142363 252360895
69384849191433 654362760
70611263650074 787647216
71228772341734 293869339
95330553559129 971229406
88515345198829 3569876
56861798272815 815588824
55302798442135 835791365
77696625311217 925901303
70830072094589 511996416
93561567051190 382039911
76060674176784 341093215
54915647333496 709190258
51036236528094 644597573
76681614218604 813306398
66218679141463 188009825
55749825664669 879471954
64501963522042 234831824
91852062586824 704084237
63931737405359 387550489
62853511857592 349379061
69533141671635 147136410
62853511857592 46111851
71520598237110 623891374
90771416970025 407901042
77856120380430 582768547
73439569174087 854475112
91543385043261 116185632
98725294207839 895438945
91588556857248 411791051
81729768429229 479642834
56013511454940 455890809
54144583109799 670892484
83479824084480 653764001
87731608155659 149717357
94272525272168 107442474
95631701765965 365169309
91783763783469 968754836
63980521252249 686139174
81729768429229 866841884
77273916954463 704929243
75223949171169 168294639
86775712358182 435112638
92737536187130 385947789
81729768429229 745046322
71520598237110 947926845
61370312956892 841621146
78657729001637 667139558
79205704095559 297433476
57862627556131 603762758
64000308078023 407268656
54366335126352 497257472
68774486061701 924862273
69016357859408 622609337
79369396791825 258903260
76106053397205 635274928
75710755692293 85233162
66717971461145 425110000
56681386728001 580601060
81676130382988 97571208
57792854542355 895929242
63211724295864 723868624
71520598237110 439317561
55509754735947 843035866
69838036382400 717936134
55509754735947 318789068
59834752876364 534126070
81334035039993 120934440
76797542169572 171404410
71520598237110 615147461
74620456913787 241082033
71165803019259 894275065
82346466096210 883696178
91257623012059 862261235
83123774525020 428799962
81345827998633 274339995
93755473120068 449326207
87949439789508 757046386
81729768429229 256640491
61157311515784 931829768
69691574907058 520942967
56964712608101 865348879
82906978252703 501901604
72047839746810 843593248
83535065405466 557539286
51289579401396 966090180
82615935767261 158497880
53808929828542 145307113
78071566949576 613194595
92903497383454 346794701
89231888841681 207481644
80326641472549 159418439
70991070548730 750395331
63438123029398 108889813
60092397599566 991697885
93109352307044 179254528
92564351038445 536524683
87268559485114 793450976
78521466996518 544357537
90652507645022 83447317
64943555513791 388915483
58417614292272 138732929
98192188879664 219148912
54908473886319 890257103
94183858258933 18547224
55509754735947 335285916
86839443433714 296708395
94618203478165 785265645
70592145685097 216640776
84459318983384 47223346
56317300093442 538388205
56951249011364 372233548
72986011586685 241667962
62853511857592 459644204
83520336781241 700883807
81729768429229 812435517
81729768429229 485777191
91771043415638 14924240
55509754735947 164329017
99952416020785 993906315
70451886378461 420982760
62853511857592 755914336
64562327224018 868443448
93358362023138 331357936
53055144821944 786954242
71522318830833 620220408
97938154094030 171617256
82926059410790 14520052
64735864464700 836782032
66633661120820 859065224
80901044790773 272969706
92814401491768 423170520
65305162194608 35837275
84048021727329 287036765
81729768429229 503025029
65306052115797 241206734
53007490448274 391729228
86299746273326 503263164
76654895492805 546017031
81996536749290 657322819
53035715595313 151573661
95745032387804 132505104
80785684522217 534917367
79662139010254 869261418
61490489491659 591049793
74454827015122 454888475
77990443906739 421915486
54405728448680 349530641
64384135934090 745879357
84566034427475 759411928
69831367741837 420020745
95660553114074 172960476
66177145686463 759346790
83080718983634 135857229
81729768429229 820229568
67040886236195 619125315
64815864319411 767678799
97980019954499 51594227
72992313327191 569774169
81729768429229 455443320
88552532172882 92411803
60829970611029 510323603
55509754735947 218401084
96131113359556 4308256
90981258606436 138221804
77094136524649 580352103
54267394558869 701279499
74189526402739 634062433
69758732161519 996537912
77547965369819 99508202
53890036446250 160901212
96320253118431 908660549
57542050852919 495324154
71520598237110 345396602
56951249011364 259208466
76207110791671 212169105
55509754735947 49502495
62853511857592 608116616
62523692894648 506181479
88553117049302 638860659
81729768429229 693458962
61285449706127 199970123
80937328873120 290584772
76294396797329 575135875
81729768429229 724198005
68993618167708 973392271
82295945978874 957024308
56902988539789 92034792
56262930053432 188180814
86673249939129 338888726
84653858742438 967369042
64223515476920 719392828
97578432589243 857247890
93691181741559 930723821
93703438912077 439780357
53164724665285 821017249
70989930016427 554824833
56681695652633 423371321
80251419054385 415618782
65255577466672 628162619
96385787026913 15453347
86345106641631 805847834
89752604613946 686333021
75442063074735 348213230
75463261410708 326929754
84638214628157 923898777
53451259054837 628765832
85833863663987 222258520
72677949076720 290227111
97344021664739 573427160
64109042462631 487763826
59597421219752 149831667
87154346002889 675621538
52740665787076 109251679
55509754735947 379500217
99854005664107 61362461
52674742245169 659322167
72559206394639 11963848
62545182205168 900394550
89195465053017 826552506
74648493772545 802165511
55509754735947 681925153
83607217364841 445408295
72350382804462 322115085
77457981419138 39628780
59581303781844 74094777
61819419520068 59065815
82179688125156 811856336
98750500178084 634245758
81408137109593 936450996
86345106641631 925337638
87824737846487 198609465
98743110069505 862401097
69948935318050 654286478
81729768429229 182618883
98960938158013 465348654
82198119938591 515427046
79106370511906 66760832
78876078216375 747677702
68951451009408 108155765
81729768429229 173737732
83898839485005 912291575
61011908760972 760331897
68304446359427 283037350
89443373474440 489814297
78230992573859 26276387
55998723394865 699731380
91506505135873 687712392
89825857457340 325506908
66935055716158 913205223
61224526706097 958642163
80542859925773 877753450
55632716691604 247598877
81729768429229 183209364
57865084616590 559401545
64614064590431 999011426
62026877564139 359379528
77696625311217 131971689
52550547437541 513424391
81729768429229 240771672
50534129007346 266864078
79531027606161 467367381
54153517767901 879657744
97086848269778 430052576
52555153946708 149297108
60738913743358 825513038
99726511280067 453467204
68577163585524 133943320
95486448666781 249488112
51700752004070 942252287
54491737948827 119562917
94556126856279 463166565
71520598237110 918675925
95680849038614 695048811
62378602218653 513564710
50314112079161 738112960
86168092604855 998220610
67378935003920 93516390
73360125416100 322839516
83500577149485 888042831
77635276699106 455492319
71520598237110 369121118
91285677829422 35569076
55509754735947 335430890
71489273907570 798656545
96323995407675 807951089
68204236513425 991470193
78472341071334 964630535
67424376524895 333519561
72839869498727 978560622
99815604076717 983713097
71793501003202 958146718
75304791054055 478529754
78850732285890 307704170
82217379582989 815070000
65718663639539 850113252
80208346607264 938594737
55509754735947 153627538
60057682982920 913909555
81887648508427 185001611
86100511007153 268945069
71235106034979 449942245
81729768429229 383318197
69432393226146 920326541
61926394358111 727881379
63438123029398 358410076
87611027822659 577475033
81729768429229 887544816
76240157483535 938631211
88623769355631 592300800
72304437927446 302474750
55509754735947 727577370
51888748088504 648628497
73495271274160 898083211
81729768429229 837977696
62853511857592 20088094
63624785804788 561396384
95620041593847 628538547
86279482416238 496944445
50490754451286 195310064
56587193568417 973974495
56783820346042 564614293
61765029874704 860164352
86959996522808 434964870
98831291964887 874715395
71520598237110 199478505
54267089886359 911640751
54726239650648 917326285
78585855546440 874451962
61305993904896 497577863
75380643660720 218998809
61871204710368 11354942
57709858641990 478206313
81729768429229 334972165
60316261516247 200552851
95446077882589 328102771
88432802014136 149158949
81729768429229 591729436
98685543496382 753640753
51380320659106 968736340
59474628682489 485781773
83123774525020 95328182
81729768429229 130361528
83200573714488 282860731
87603383880111 216194812
67008516245880 34354580
71520598237110 53506063
72020731827114 771733366
54098199345177 371520171
67804177266166 556065124
54447767298079 645288577
53904310535099 844694526
77091912388218 860725309
82847397804309 561316299
81729768429229 14081336
74922444375972 986593556
92323059724489 878186524
94011810109718 535444922
99592405372214 300063825
71243751148978 645929099
68633165150483 592378323
89302908135627 375537442
99854849148390 87035684
85526168475319 232756303
80704753824925 560867858
80449633781707 744172976
85526168475319 375884793
86271002706863 101925675
64383352570845 787154381
81729768429229 706627349
72235212902309 628729708
87728497151868 250324943
81268092862990 462586944
76646578165562 810503246
84194432365772 322767319
85045396574562 61686133
89348242976712 546638097
81729768429229 888400839
76448279645112 761792411
89622347392321 535558069
73615092031302 511970764
94735089995647 810444311
74644691476939 458599154
81729768429229 367951413
81729768429229 588455557
83614515826425 797208562
79235039570826 50568449
85380889992603 304683085
74852584318786 38088697
75093848086142 599507067
88694368112481 372842018
72826025545095 849248121
61668136245803 659724688
92197630463789 503447872
68256410261397 217050621
90995636532002 999512268
99890228837919 910970686
72727817610472 508258345
62963443922400 986527284
65767213336774 958548194
76830873823579 888075847
85301448440642 55585636
68663178903432 434781933
81729768429229 196157143
92812984617734 294266958
66066724842826 490078711
93583638815664 622044848
62853511857592 708887
55673698164847 24308933
81289001999951 355644890
85017080262743 356666656
55509754735947 312896355
99085461536956 627738824
60822531790108 516169771
90255989715876 272773769
54636452955939 225916870
71520598237110 717105825
78109004971150 139461538
76645114726451 581666442
93591723321165 259468847
94614050898369 648618043
62853511857592 566232155
81729768429229 253609473
73948976424188 533578490
55453968099772 681868915
63357969786046 222053959
81729768429229 30421192
55509754735947 510469002
66759406304342 827243527
77186462894435 655176665
98055343152669 136079073
96571771137974 800531039
96250790460878 171080566
72359893060689 81770194
86041474418715 414032212
87384400377054 955903243
81729768429229 332913559
66924170642690 403102472
80777716725815 549675066
78202417979855 431004710
81729768429229 960264661
62546369466379 546182178
61476268767942 724758226
79145301427298 789399737
82003545766377 83106536
81729768429229 421758864
81407655872859 859457536
59415112327253 140918908
56998960249694 766468878
54027178667443 113329067
53238730102698 572732319
70442405204412 600072508
73324558225884 937855034
53374931671817 835194200
87637722703401 989036203
51668210316577 94610712
78132358900239 621531885
98575345518556 569423376
99832723800830 279865160
55509754735947 699863161
92361812826020 128528378
95763253284893 913978910
59483131943563 968908992
54575819701818 496055920
67877817854133 251436119
62853511857592 857661956
77619080701450 835215788
86888184044985 655187636
71680744617068 657727880
58927468503883 653431150
78516865897350 523353103
84913427667594 801635093
68330608343312 123480784
57470665447851 504434225
61963525935089 664684235
86952076648548 493921887
56957721202346 623779988
83042534532463 980846868
86382871618851 72958192
63156059814707 669220614
59952693459428 320705812
67099588902087 3840481
59218094847874 648849735
89856375095032 637013023
71551169838239 803657943
54636452955939 115026447
64087883383735 309838835
76348999794371 907483515
54699088121669 584035879
91589845578797 961931645
91588388885701 872722085
64507943637595 565555358
88260076834826 439013460
54896564333552 759495432
72548758795215 857413502
51289579401396 349465097
91326045952334 666509761
68149571793075 475883797
54690795037436 371862647
63240057741665 294308129
63567906485902 37316594
55509754735947 875260551
99328632424809 251611278
56206343418055 868042768
62853511857592 466795895
86168092604855 771223815
74912535936408 711897008
97971892628682 278227469
76498773511016 705167129
72525079997670 465086841
56631001510143 539943920
62320414575717 751128928
52897833164454 822159685
99169891022718 760945396
96381574987350 894277217
62848923659922 890572781
94503823947489 804578213
94209933288720 487640163
81729768429229 305757406
70831517066029 970211471
71436371888422 256745194
88840556118472 831581473
78043100191176 259882716
69083353137812 990582877
56681386728001 259214400
81729768429229 545916959
62853511857592 411179359
54064664439764 830455182
89406842915841 79422857
88626834925814 614572120
70178196674476 170096765
80233801431677 517548800
88494059909746 860703078
62415438062791 634351407
93039366835590 383545633
85655666611288 416899479
52477819243333 386766653
94016627190756 544671134
65865835579737 533314521
94388903428271 941413976
51210845334927 538802929
54970210170499 958820571
81729768429229 28582595
52117140598362 228867144
85138114342016 116775321
85639923812767 933660425
64508105292557 158637188
98375489439747 879928533
78763162919136 487794202
60795112410344 522292649
61006484184287 917317768
65596386119439 473766748
83763625000999 587294049
89464655350209 484107326
85911266784639 302486258
94166423916813 192200549
89036718371120 175076918
73863314332282 987079351
81729768429229 263489316
88290507280342 341196981
95678243233049 697515875
79841672903130 237818383
96960574718496 573583579
72359893060689 898396504
88904711156905 442683519
89543982014508 489619820
89109402354230 40462828
99829973871239 845854232
74840398817767 357130125
81729768429229 213437614
88791163309369 727404314
66558579333331 938120395
76589205380096 632276811
64577291799110 705976436
81729768429229 463494675
59597421219752 561088743
72028130287024 700992772
70087577779249 537594688
76460232634520 697854330
54465874124753 621412696
81729768429229 961916177
81729768429229 285589510
86276149169798 354066981
65710095775420 594823941
85217489760694 998377015
60042875890923 334400745
60742697101256 400262278
80744193590882 23910804
60744553173671 465274455
54448373394218 610155428
71837230410100 210382516
83391975639078 71946042
88044195825208 358367026
95174435229829 187490403
68555147298337 341137857
95794181433671 73708327
55899040360694 504318322
73339482778520 147587715
62668254606784 634267929
79177814721730 345818397
74445473375975 698214648
68168858023638 732359420
65390445451929 661238234
79505996497802 655145972
71247200743166 454881625
71520598237110 696253060
77956506673907 926368758
97630622748534 756582306
51415157880473 920702795
93042349067507 104928216
63785900449718 333721363
63205741227156 268563840
88381143554490 427759222
78358826794604 560985674
62709449625393 258229237
81729768429229 921715165
73573241492189 231655496
64943589118840 152851305
84774779220301 690578284
80343808201186 506834917
83955724066455 602392433
93331246567437 88914340
54413869223843 915169415
84025844294409 740242557
81729768429229 790744891
81729768429229 393649214
81729768429229 500375368
54660962101115 418116380
50372214260205 849944172
88356485003939 379421306
68114880345089 960564024
59347823320896 540657386
76196454996329 608312080
77625348057838 81000589
66768267920558 584732166
81729768429229 551811593
73397800861183 863569870
83391975639078 156869382
80689222285709 887911094
63576681228555 926254579
52869203393218 500495076
85629695158695 217057693
81729768429229 414158852
76155333641355 786366237
66430195050232 511765391
81729768429229 892171180
81729768429229 584696560
80394407543474 857205284
86874281156758 632615778
55509754735947 51879869
72928280097518 592573636
81572173414027 626522632
56516657326990 895470040
52044327128720 400243388
60548926518717 323202208
99258415898264 274189046
82024092297368 576241289
55509754735947 723249233
56581948248084 611087776
97598528748612 550996934
62853511857592 174111318
77162788260106 738618275
63967549523971 421980211
65110397875888 373635686
62853511857592 67514738
72950361186493 97956856
92082798104244 234171240
55509754735947 526204782
51660128064967 992467959
67009638869860 894196393
69837517354700 671943458
51439575136779 357876641
61504235811844 90722231
94436597290066 832254399
87562841958274 681363491
95703350146787 106323801
81729768429229 40490742
92972087072048 717221213
68352276269499 777050319
82262145610390 621844744
74357440264683 4088069
92783883832122 328948614
55242669717841 543424583
60444991222772 724188656
86088532213801 99424902
66950297924878 284702828
73037499431314 190857217
61089636473745 693066324
70190048432643 713062935
71860368500957 664963448
90804448296765 158210104
88834088132927 139847833
86639593717920 56809619
99024402749187 89570963
56811266533140 409639329
50178849113670 605493280
53729954527282 935641780
50476254143132 158082389
69800998940704 357162240
81729768429229 638695903
81729768429229 680270420
92614578340064 829957787
74783554488591 626587705
78326327045204 528908246
74248117256963 402775546
96534487912549 933301603
81729768429229 336832048
55509754735947 732685840
82586287295399 265375175
73923718139805 15099495
81496900225006 372276328
91940857006516 847102571
98093378296159 222429645
89799080557303 259002824
95464508561102 807572642
73547709539670 565723027
94625685371205 838282086
97429423550259 662892288
55837386331469 435758951
57093187821395 638884293
80328118212299 598527907
96676447704467 463059708
66848270417606 205562586
61476268767942 176231832
66135907256411 489343768
50741024322016 253831497
81729768429229 205131711
55842129091664 934978064
81729768429229 210350427
70108841375265 269825949
81729768429229 386880482
90450591435762 740065539
76016655114040 511534831
97236165600699 507960699
65961242473050 21632654
81729768429229 749789671
88424837020356 163422884
76203376676893 849476502
75960488028104 871570491
81729768429229 965160381
78484851264321 683572831
79592538804887 500122598
79090779084029 771858621
71520598237110 885787290
82018546437722 276394564
71487176135142 935977490
69242921363605 533297915
76664658626493 56296011
93579215617028 396851586
92619610660012 699454468
66445133281126 631698672
92812207586270 331537194
62853511857592 616105552
59820570148695 284688677
71520598237110 312173133
65251499961887 330263332
97235398256336 865183206
91668907370115 376770075
71520598237110 434212845
81729768429229 405562432
81729768429229 853052174
61242037320248 633143387
65527797228865 451065835
55939409568328 884805123
67092035373715 581055294
90777118048530 10870632
63236547414236 231131019
81729768429229 140602813
67180132053684 502313762
73136947820569 472716110
89354131643223 709915601
79263818304321 354938852
90337505936934 191345659
81729768429229 298058846
98215566182859 366740242
81684061508458 208866372
73372902266248 294977097
95549095907933 985533787
55039518640066 738632445
61700120499149 83218839
79209675974879 467162143
81729768429229 98357549
97733728886036 490031873
67765222808324 783889411
99264553830965 148464994
78174849861597 764474738
87870890579846 485932998
74335524044900 721865343
88584227992501 62136229
92720403835005 12313081
52830725208443 132326229
64841917237790 63600750
62944713326121 301734011
85553332393567 713555727
52052122243773 740209019
50194776638049 924042051
87671914863173 597004992
68192301556098 710437332
71241279553431 539139606
85380893022318 650645067
93609912736586 864540068
65504664257692 121878746
81729768429229 871332682
80304905539412 420230309
62853511857592 170521475
63354795731303 911730082
64735864464700 887138969
61048345798330 763053486
61370312956892 906036662
99842783202528 331978137
90550799592832 931941503
98199874748361 81712528
81729768429229 851130934
71520598237110 347290890
95532787508449 229474057
71233753967950 363626802
63604635266965 321227379
71520598237110 247255887
75255545063081 246514513
97837836235237 582016863
72359893060689 594095791
60382535630316 599065417
95930356898490 904985241
78076154833140 537718840
67629055296987 91997817
66605259153934 939143485
86404820933688 228953282
77173611537676 38487028
71520598237110 767383072
58589420609139 762861730
53546538300803 314730243
57728672129882 950383822
93862508172407 372880049
96896480116169 380802013
55509754735947 110223778
75120933397923 728453155
89673883843221 297095166
72426792715999 734589155
98222670034630 607309953
81729768429229 957724925
60382535630316 221653999
85560728025490 347636488
66807248430569 941323499
77988234308323 352520797
84904027601054 815127477
72880591795056 963920497
79835792746194 89226420
58329745874245 154761691
56418637541423 536923990
85074134049004 599563195
51289579401396 537588273
55509754735947 407023399
79209675974879 373078947
81361731919762 308795998
64735864464700 206304849
68803346717892 764885380
61262855926885 807143169
59869585662752 675517029
54704141176102 292544132
85401574109595 703934772
72654895755188 887457763
55322742307999 73168273
84961753225867 616683014
55509754735947 993526637
79685580994557 750475004
92510359782512 286908785
53043340509249 598492294
93018844909905 72769922
99854849148390 556417922
74840398817767 694446069
88287655196051 179702218
73823391970026 236828716
89909837864045 119621959
52417861170919 163870961
63743392065261 849859700
83425619605489 895141397
61041951148002 329777633
65390445451929 702827991
86626565915463 377746374
86805892862973 233859547
66217870639107 221002788
55509754735947 591097236
62853511857592 365995708
71697421751992 727137405
78992242579274 546671235
60302782186211 53753743
90021372606527 61526449
67475484073233 381514240
68748987527160 918758115
93258651759607 883637495
71520598237110 247898198
81729768429229 717307176
95205989825610 554563355
57275506930019 869232853
60601850135612 56968597
95663077154821 760609479
59946764869224 258581343
55416796401056 329556904
52227387072563 428198305
87524760566068 642696071
63293429155383 301290222
65865835579737 628408982
57433023591004 660933990
60993025861911 576794017
69838036382400 602577989
79445628834651 514068537
76455896825851 921769557
72343061177039 965376298
51587940675909 516779307
98511452318606 300963265
62877396472266 184203864
71203756355993 838458414
68893851074817 321169631
63836942135071 791358292
85560728025490 434027727
93972527109431 275629873
78461334275018 138044495
88012214825798 645419870
81729768429229 643285358
76665971445331 25426525
77976285318471 427990065
98077866309039 375873135
88134091638960 654003958
51413098905336 325191137
51236126135091 62315794
74720177921775 35456835
73575890913279 413456045
87131274820359 141163151
58492628496748 531521863
50292539398214 679218928
99273485106621 123846580
81096688102926 151508711
56715074491042 897594715
89938149342066 890255215
51140894469791 678199257
69838036382400 927272594
54201580632770 377893054
69597357696792 991561996
55509754735947 45076838
73858106344217 64176283
62853511857592 314974762
87505964004665 72425936
85645752814961 664261466
83241490436098 433595304
79314010391569 611618549
54937484522073 388761499
98199874748361 967192174
93561063538848 123791752
69290171149941 651996520
81729768429229 672462026
52099780276964 776112465
77340799229513 759025419
51069197265479 365109979
81729768429229 656578758
79841672903130 750809840
81729768429229 417561210
62853511857592 563712414
91338134282325 149783042
69764548063887 365258556
54745991500676 162976036
55509754735947 611218617
55033235745297 641845759
64359047712042 940578230
81729768429229 792697337
69152780335279 533886485
74999571701031 655771974
99532714151431 451529324
67211830953993 361085919
65853326231569 535041796
50327006324989 558037712
96583536801996 210740833
54856405236129 401278457
60473101203369 727589747
72792141784692 521937236
81729768429229 499082132
87611027822659 719913383
73353450428057 857837250
90288221501078 968026001
71177960804792 409100638
79109958042034 409985984
80857460232907 606893266
67761482687412 227180698
93383484758048 216687691
77778545429050 53727146
81729768429229 248897808
67853529565845 283021238
55218554959482 314309097
67899952410702 906780779
96624205237797 504872150
57626004951919 210718430
67099588902087 136731611
71590590741880 577575095
57239480350902 21031762
85577657635898 866884667
62378602218653 808646020
56141006324111 619949360
57898411272649 844260476
82719352488806 893265636
87472842294057 865994348
95930356898490 116493684
81729768429229 279663878
81729768429229 821231517
78834786667206 143163175
92615839384318 202824669
79948449314499 433934692
72541171079584 758390487
73195665000816 799704247
62850397636229 405793284
62853511857592 729415295
57502911804152 348330042
84349948778864 875753950
62334632242398 219003425
62853511857592 123551386
90277888359277 207181475
60885152749944 539139469
87245501461368 868740494
88760129423596 52226817
55509754735947 806276939
56700718461162 496041483
56821202868487 755990611
89041269443693 245903100
64432156591032 477900856
74245760694959 254643928
70964972268083 810903204
51967553844531 49914409
67636813800050 34589487
63499024536766 451916205
84571867677052 209105460
62853511857592 165270044
69743431616802 550659546
59494436698866 534854473
85236190745343 279402995
96047360347989 499631889
57618467479345 589338562
62853511857592 28190544
54602565340618 496794820
88606425257070 369641950
71882494615924 196660692
53304762637157 347945779
66352015483054 352570076
57018216907608 101687669
71520598237110 971954436
81729768429229 234349301
75058423923632 364278148
95645344432608 286342583
62853511857592 379889889
55509754735947 574385934
73935411121107 263673091
93146877942085 151418677
59201637602109 207594716
77479720941911 701741062
71520598237110 325634511
72258580146858 469386061
98852081680316 461371489
55711788301182 74241515
81998621650028 693438570
51331684533868 70129013
55595943252789 962212083
86223801075450 352567883
91112705399078 312388858
71572741435293 187649035
98967161481000 283987020
92814401491768 840619340
71886275443927 944843340
95832801009469 690127788
83608135695085 203218657
71561415124083 938559048
62490675147520 709976246
90066937188721 27027114
61473736816514 177320905
65413168950543 809687385
72879441195773 501174545
56604506306631 980120709
52001852408211 563034099
59454759622223 228246736
58364117521001 95500349
89026636900785 419453262
80966435651261 959975995
97023517723076 764026626
62103488278025 396041690
54355594786456 399757245
81729768429229 201507730
88457032504218 466638744
55509754735947 96087800
84473612885034 779988830
73888723561255 9361212
58326377575603 259407883
62853511857592 669266983
82789575399155 656483492
80413066323958 472005122
55509754735947 777940892
74583816126278 498136929
72444568375175 759920861
83808667694191 702094334
62826475379971 900735962
71520598237110 485258736
99922987995532 988943560
64982363805630 436153404
54330707620633 741413962
76525176639371 95220196
84810576411973 304808735
68324950215248 998506346
92071437003496 925566431
82311554447866 124359723
55509754735947 450204566
93843874015307 824150908
86301720303313 360898980
76391816106871 584043451
51210845334927 894390632
64925810911093 923844075
94755447811412 950807343
60974813723854 758386812
81729768429229 966437293
51566701359743 975082622
99781473262773 260018363
75980392549434 423998505
99334514431021 774575227
93202462455233 416370882
67574694969831 781971294
72159339323565 905074083
70993694880356 980709404
77212986884681 205715603
81729768429229 95956260
63395272700873 148873655
78665651236665 470387894
81380001237450 93873914
94690996796086 187281244
82959113203030 37374158
92564351038445 436113797
92025227179446 185193184
68864105053987 899384230
89183630836457 889578929
57134076679604 188427531
57551816579005 732022365
50248396387678 286092136
98583595767373 293867638
55509754735947 403723336
71520598237110 848169561
79671804701584 866093914
81729768429229 753246741
81729768429229 81577521
85749622945740 653400307
64735864464700 604878064
73209087582854 875620175
93093906361790 222826469
81729768429229 557496012
78304896086017 418260331
71832025705361 257692978
66739882360274 39357948
74245910545649 351879529
63486952872212 424735734
52534610541573 634926076
58029796118713 865698294
84704914879491 774268602
82698692721043 584388814
81729768429229 920716423
63413729858873 316527137
92615839384318 610441365
54314453742981 83080852
55509754735947 308390725
51413098905336 327001871
63276143415230 539845660
94936119560048 841412375
67151923098382 350602737
81729768429229 784694692
80002570322461 482926936
50144455104332 544893649
79707846707704 919737367
81729768429229 801499795
51209455255612 742631120
96264127979849 302643289
51755676753408 293485889
77393854943490 264617239
77908153805945 334906027
89600387507318 746312746
92959913801648 266569742
55968835692695 360138657
59188828723200 848895362
76196454996329 621078631
56864009056904 800748025
92187404329260 381003482
85661894778168 472897354
76974892165806 350976468
99531171187904 417802510
59668627986223 792609324
65603417699885 929910100
86191326268519 504277819
55509754735947 48201968
77737714907878 829425865
84790821855521 21554030
83379547406300 330998691
61370312956892 960964898
64779069774985 306195444
71520598237110 794160237
71520598237110 403797628
78861023890459 533631666
86256371675744 444280474
92609138626917 96628789
84891019525244 905738892
99448282647313 330326739
90534445420890 978496792
81729768429229 675009935
84049197973001 828848641
80379006496539 988470822
81729768429229 854865803
81729768429229 476551732
70869275403447 84743440
81729768429229 604314950
67294191094557 252188286
95036988097557 946654650
55722218000626 177216512
71520598237110 204083423
51986899461510 169454032
77252329082743 741254175
62903574269003 381867551
96254059808532 851906204
90368200985884 609160580
63986135370505 948252439
91523962461823 175211467
73285830108720 805720015
81729768429229 313184235
59767326688319 987661868
88356485003939 416391630
81729768429229 15880312
69839869299756 126810087
81729768429229 763481930
73460050134570 655702869
62706404938496 40183731
81089722228098 745330488
71520598237110 655792292
51484579930219 909282046
68797941416993 985758032
89868161060282 493697222
81729768429229 22307421
53838061558580 657525071
81236568811264 40837479
99956272259467 256934599
50821060932256 656890519
55509754735947 185475954
78345909257182 662594851
76798758450711 639881344
68919766103042 24613628
89504806816347 639105070
52953193281881 183547129
62853511857592 343029073
64593616663542 257029140
78037624661720 500888392
81729768429229 860741225
81199511891714 837010819
76276209740590 528102055
90931991993340 45036585
81729768429229 383106255
55155233039624 676286207
55614092648662 168409909
64334258876926 142635602
59820570148695 322325026
97656074662118 55209731
66322007236775 420334539
81729768429229 247672961
81104011640588 551472633
61250711387877 590341635
88515345198829 394849566
71655865077654 425723119
55509754735947 449064514
55225449358887 423380017
89282185899413 38918437
55509754735947 146061323
81512016467989 420645381
58417265693449 781175168
86208569522297 112905952
77696625311217 692883178
90953229413619 142230125
73876599819625 759588622
97079079250606 704848313
64799374211279 193603246
87260280366728 321488601
85194260656790 636204593
65020598139051 346571245
55509754735947 289487638
71520598237110 340111771
55340472159799 774847527
55509754735947 592687041
60282037347335 445831583
82767516695817 724477620
67799513952948 416305795
85219140521499 637050201
96977361033647 36475658
62853511857592 425820111
77699385276235 278266217
52953148596452 70869372
94688769282676 904835559
95484944566278 550939791
99922987995532 169030068
95665694855031 744917882
76892867115100 718565063
95329857087487 718324270
50053178016131 839366346
98456384958789 928068634
81729768429229 315571615
62853511857592 720840105
74238509208505 66432815
81729768429229 295036529
57261566292881 745235211
87341039309602 939972329
75305454180424 449685592
87909639945664 388790988
91903304073784 305039931
78042805785857 509860485
65083264132282 572716043
67448995602275 919718706
68025017731517 407620511
77571812013434 693349522
69487645783343 768653313
99342969213378 951826093
86441854179052 3281775
75880043539166 694168733
61157311515784 239489526
63216371769836 600980670
81729768429229 64226375
56081217943477 90133467
62853511857592 696628917
71520598237110 677239176
92814401491768 292024152
62567392510515 619555604
81729768429229 925582462
62534089983770 911013209
75296772703365 155165964
52355002060446 112712217
77969676113306 590585
55096691356369 986796664
92351177203507 523056074
58599101239853 202229521
93321080920566 961445669
87765664833182 433087393
93269506220075 529498445
81729768429229 756587103
54206167069635 939034237
99377359291206 931685807
55943488343204 239070227
59899718855418 739772219
62853511857592 710618469
62853511857592 656524835
64471537290097 364539009
81729768429229 277983784
77039233475051 828932434
88069227812042 372312503
50137706887502 110490479
76757948230294 385035061
74617107799564 952742926
81729768429229 980246172
87570123832722 187197566
95785058281655 102291660
81729768429229 884801791
69668512748025 579516715
77364546623976 906579819
97481982297098 378557458
92575503999821 781615140
90766610387979 743677373
91352898009806 193366232
59200150291686 89777233
88038761647716 806569542
82056167999304 417101195
63148488201348 230791412
70405924814374 311160152
86505262727303 806763533
54195048062959 924662413
90094335249649 342228691
90098856306376 838450655
94256400030613 579821758
74812162760890 538920688
83179938439287 356556545
50428140263450 213765485
94311469828562 542505928
66232175336623 940125161
93441521012206 63728592
56083040108774 657728012
95042769925407 32885267
61383332793325 785170563
62853511857592 714706371
92766784740980 376382675
71384906950894 132024020
88625215274638 234958831
72886627324931 423960862
65383376264921 716459619
74729192512827 834587786
60922212348765 834846677
81729768429229 598650325
93315701845623 328326742
63096733646699 227789885
85555306983788 126304132
82142418917379 32636707
55509754735947 318204189
96106903089117 725615651
66931239351765 130416061
75796776928072 638922137
61262829636202 972942091
60450073149911 951756521
52512485253900 367092068
91314553431497 967761741
84010992540192 383026559
75837986249426 368284451
56729877172075 686121989
80410220678768 670365008
84913427667594 210869852
78863286169765 325906345
58728559741611 690254381
81729768429229 295540306
50379326468200 915530346
52514432112056 936589231
53929334709393 708767671
77830325695126 875262172
85973535446281 48346841
87908855169298 47707226
88646465108983 537002975
73036145955843 977449447
55649474367411 809320467
62853511857592 343863748
76618444958101 13538675
81729768429229 153685710
81729768429229 214006648
77726456821281 374245064
77143571187305 261284010
92054515558471 355506987
84885850257281 831277707
81903521524386 783208993
62853511857592 662764310
62702305447332 781911080
94930900316395 968225134
65325059365593 44377653
59184636396600 556067890
95477945078195 971350806
63357969786046 790618656
70443078251332 305828597
90871094529232 208067912
85929268340974 896797198
81977360424985 536905293
74644071900015 478135908
95930356898490 576166302
75886537203428 622406558
82604708124729 345194299
71520598237110 191051564
73929829545415 414154748
81903521524386 22825737
89392831978195 784541494
50333241127339 994835965
86865135306125 317522805
78542180138959 492483558
85028760892576 778630008
65279518007721 478086194
98124324985362 789750214
57656762068454 131692956
80433695931249 624385987
58629991838388 496040186
64666742742620 627277849
80034308989998 879362040
81729768429229 914000785
93349464804410 472838836
73915891561377 552079189
62115857663283 281071693
71732575634250 340772235
55509754735947 749438832
78756913641911 748467737
82955569004466 72237604
55509754735947 647547091
81729768429229 204032477
92789389979799 519474131
94735089995647 68989355
80729647425942 103044399
81729768429229 832657776
64792470125503 555080960
83141182746346 821492172
94735089995647 855305274
81729768429229 484254973
82933407989710 956717388
60674504292014 234171465
85099077290178 938389399
67144038523914 383421349
62853511857592 928148279
97019142031024 318947357
80083419680790 872437271
91326045952334 328726454
84349948778864 32925213
76812203072746 585465604
51305723039653 373626484
66045980067760 790348236
96213579161333 530470642
82451607195543 450248558
81729768429229 828907148
68544633825551 846944642
81729768429229 440423866
85156741843694 776513709
52954906283160 199699396
71767513872367 829669958
81729768429229 404858122
62179873586064 467546096
98905574216557 698445471
59470103522759 739220131
53656511098205 208804496
72742085581346 878142848
51848964581445 841689607
63692588761149 42375872
84345132166258 749486520
91668333190500 517542975
91337788422411 80194458
82065761265226 76192747
81729768429229 626811281
86799189270578 465003361
92006761605374 689604227
72359893060689 111103081
71520598237110 454916777
85763301261032 391220074
90743533075413 834557577
55058771266177 871747443
61723448287612 36199768
88521887450098 817677026
55509754735947 806484311
98206277432462 90023760
91028094775132 110004992
60978893622286 719328620
56198214335003 339803876
90608196171125 822803221
81729768429229 162082253
90154795676715 469549159
89706987903245 807289840
82639524138850 950389847
55482325690600 296598357
55509754735947 324490849
81729768429229 258668694
81729768429229 203682181
80335367657122 762177008
52451082506349 734677648
83711948165079 480757957
91309052607310 506186961
81729768429229 630868938
68258210548550 147011415
81729768429229 954350793
71520598237110 655073962
94121841191553 637341948
73891436121536 208434397
70104501185298 826130995
54892943241328 392835263
55509754735947 939881782
78583574621295 19303133
81729768429229 465366634
81729768429229 409292657
73923718139805 382086969
88434575357738 443878045
95446077882589 975693485
79978700117499 809969049
59403794967710 78846867
51859408205099 815633657
81729768429229 956834343
60200838221608 50601031
85661500059992 919060243
84011610997739 714761997
98943724951739 576444800
81729768429229 658328871
53928738677931 53035616
81729768429229 308616157
81809359950524 211663808
74138983656151 154034802
64274296635461 645956362
52307497407517 643693299
55509754735947 64651726
77489457012660 724831049
79724397761888 524495195
59426362698853 238975676
65914014274241 658111067
72139618874079 356540353
72284297926676 285635717
80562630037363 970778202
78648661406787 855504717
81729768429229 79172720
71520598237110 569136994
61484715351052 699654965
70938432606064 597570441
61765029874704 397091494
81729768429229 540546237
64390125274913 128872215
58353481175547 445429926
60900917536680 456273581
57014245811127 652269038
72359893060689 623152968
65376137078821 874389068
98479033741356 629772083
95378129922061 45591068
55771384712154 313743313
77521141609686 670459784
58589420609139 597829118
54092786110761 936620962
62633249876332 29449960
66252571814000 97873475
80869907447941 439501685
91372083409874 378185873
58195821706503 545935714
66550225201105 626905188
55509754735947 44572758
66586499915713 691350212
91516155089843 156084992
56854932543993 606645043
83972191289667 782226883
95990778670192 187328664
98687283749297 205320611
78880107737939 339543224
88199892275012 692595678
52575162374477 737619854
96759409131850 139791987
83167520324633 159568634
84237582068556 421220086
77188615342389 336907863
97493120193258 25641106
96025779201115 256731357
99694477793340 911270808
71081022020246 600126922
62853511857592 63100205
59486337233237 327629444
64955976049715 809833711
51994390966526 95193462
74733886997435 736211226
64915116484554 93888042
87361212315735 369781291
88840527569460 270624349
71883666669409 471636003
55509754735947 986661100
83398982699557 317841922
76524439213134 780720276
62917126943535 649428760
60856208118595 79861031
64439204761385 169216484
76236451669626 814067087
86876950589366 432004554
72359893060689 578755186
95446077882589 967641275
65680514516162 953388045
53757394939398 346776810
62497209956340 414442330
98517356278079 740942183
59581303781844 841731966
50044793576439 496845749
57126645825821 140826212
98018463619951 363614204
98766047755249 71956829
83751952240322 989873791
60457969797868 175811228
63190932220439 886209070
78595582618889 627123912
85570341650084 382960824
88503251313897 801777749
71837230410100 525688483
66386121911338 182034305
60302782186211 765235983
85645752814961 235245125
50905541080215 873393584
57482030893824 758494139
51367184980486 187292163
68022054539799 955827878
51618938460803 567532031
71520598237110 567326839
89213162073224 820198773
87330632275266 351491026
99023606980943 912452901
78231123674429 901717693
55509754735947 447800429
67819185308600 230533810
81729768429229 418357968
90076969927172 46650943
51366330050016 865417476
57003647723336 503288729
85524480655851 406621696
53449718619436 281414612
89244508625059 920066946
55509754735947 889675624
94291249082205 517037969
52066244411870 963832271
81729768429229 112378872
55509754735947 417813691
84630123859796 169139227
72359893060689 15266959
55557082233835 904724398
87263440495880 397130157
77099399134110 19743026
95582631319542 189047984
67193388955969 662116258
77752631465148 952128039
71029971444155 124968172
96305529737152 621239171
55509754735947 971965006
81729768429229 153792655
62623696112036 10387814
77392191351192 276867849
77456341176532 305780185
82439349670481 740870238
81729768429229 894503925
71808914294883 695027763
71029971444155 891977795
55509754735947 123469872
57805683971118 268597351
93651322237865 941333389
81729768429229 526362404
70820233442526 785320837
97183145148038 362275582
54540122925200 379520192
82889320123028 616838771
85016734462448 376358153
55509754735947 247589553
50274868609828 663072930
61370312956892 605056884
94617892797101 175693855
58442569585749 632619572
55509754735947 95489030
84867156302811 642861547
79433685394335 985896342
55509754735947 696848165
55509754735947 868212269
95656762355637 958947839
74756782464607 134452943
88915980921903 702707541
81729768429229 718473594
65958298902525 977971320
88836396423313 601227348
67173663409615 248142014
97446504560436 321436923
89639642478591 932711974
89603264997901 494978019
98873840846480 750819987
88596594803787 896711814
78716161226694 573367283
66054212339524 148564786
81729768429229 675344549
94688769282676 854586087
81729768429229 943962704
68169570017462 849510110
70384644757376 150567463
73291905512809 999117643
64090920688640 667135430
81729768429229 88124421
81729768429229 47739282
84493678946943 40587111
88836396423313 905129977
81729768429229 197988834
88237027826273 940924347
56940845702671 571579736
98852081680316 215663628
80834498329194 375444668
81729768429229 299664748
77729287757575 675023802
99257749070325 940713653
69508003240924 533051598
75360462884221 901570507
74362622422367 464566295
53432132474548 632464561
52519208497018 966158298
59449557599710 262118081
72046802630095 612023437
67397108190059 284525147
61522682227445 362317013
55509754735947 285251665
