100
989 191
979 749
161 891
973 257
945 145
247 779
193 725
951 275
829 705
807 133
189 919
277 825
705 27
253 755
523 277
733 757
173 817
249 933
875 979
239 51
571 327
263 921
761 293
77 709
599 17
271 319
307 271
123 859
181 961
323 893
25 347
215 759
445 57
807 73
735 1
899 115
17 525
89 875
899 67
179 631
129 945
7 319
729 81
37 817
749 83
55 943
785 93
751 93
859 183
17 17
27 581
135 673
33 69
889 305
219 821
745 917
225 965
17 187
13 779
27 263
285 823
863 301
905 15
547 37
291 681
99 29
667 191
27 551
789 669
475 307
53 571
753 53
167 815
221 369
877 77
731 919
501 233
805 67
69 841
413 85
19 183
427 285
899 213
173 803
207 777
27 995
309 711
295 627
329 289
915 65
39 277
109 621
505 223
889 85
103 365
785 21
89 699
289 313
801 51
301 195
