500
8229 1883
6839 8285
633 9667
9373 2157
7517 3265
3259 6695
2597 7833
8155 3251
6953 8629
9075 1373
489 7179
2213 8045
8225 2439
2677 9879
3631 541
8453 7317
1773 8289
37 8309
8259 9959
3119 1335
4799 1267
83 9741
9601 3105
2553 9517
5815 741
3095 2835
2127 839
255 8799
1261 8949
2599 7797
1521 3911
2863 9807
4117 1017
9051 2101
7375 2833
8343 2099
2745 4205
621 6707
7379 2851
535 5551
417 8385
571 2339
7277 3021
849 6805
8773 2463
1763 7535
7465 3033
9303 1553
7531 2187
333 5
2151 5965
2603 9877
2585 1561
8665 2233
1527 9461
9657 9385
785 8085
1529 2059
401 7955
1043 3099
317 8367
9831 3033
7825 1839
4455 957
2239 7333
1923 3105
8719 983
2591 4807
7085 8629
4059 2067
649 3347
7001 1677
2907 7903
2557 5797
8773 1033
9367 6963
5253 209
7885 3195
321 9833
5969 53
2503 499
3983 721
8411 1661
2961 8323
687 7061
1827 9755
2477 8203
471 4855
2549 389
9007 2301
2447 1809
1165 5873
3777 1735
6757 1853
763 3825
8521 2773
3325 9963
1089 3021
8557 1255
133 15
2535 5025
493 4249
6951 445
9 6011
677 8957
8397 797
7639 7019
8517 1295
1053 6593
7677 955
6061 849
7209 621
7867 1037
2721 2201
5057 837
6731 2851
9293 983
6887 529
6531 1779
593 7551
723 6777
929 4307
2581 3299
9435 8361
337 5809
181 3751
9901 2261
603 8901
8763 8097
1551 5211
8781 2087
9339 8097
8313 3303
677 9645
1897 4209
1323 399
499 3031
293 357
8481 7801
8867 7653
6181 1049
7995 583
2111 9859
8197 2023
2785 1231
909 8033
1411 9717
2591 9135
1767 6091
5025 327
7699 539
7559 7987
3027 7159
2115 7145
5569 905
413 9597
1373 8231
979 169
7823 689
6869 1519
2173 625
5105 1027
1631 7295
3117 2633
7443 2353
8425 863
5933 3095
211 8785
7127 9665
5143 2205
2687 3871
2163 7555
4287 2949
6715 2509
6731 2189
9481 513
2443 2103
1555 9885
8767 1387
2009 9911
7853 707
8791 9303
9775 577
2455 7807
1941 6711
6403 3327
7755 247
9755 33
2909 6723
7435 2005
7021 277
3219 8439
6809 3105
7543 3153
2309 8667
7219 877
9621 1847
5883 829
659 7377
1427 8971
8209 943
8081 9569
181 7307
7935 2919
973 3247
9583 1961
8745 79
2563 1477
8537 2469
1203 8003
3313 3919
7933 1189
8285 2149
8323 271
6707 3181
6703 7199
9315 1051
3203 5901
6931 1753
1571 1011
2459 9249
9099 709
107 8767
4205 287
4023 2145
2333 8499
8861 1799
1747 8989
3157 4545
9625 8821
1053 3649
2843 7617
2453 5895
7917 541
6907 2221
2211 5535
1177 6821
2397 9087
2365 7141
2335 5011
1861 7401
623 7231
8627 429
2397 6285
8553 2323
9735 649
2323 9471
1173 8853
281 7883
2815 7839
7271 1861
9557 8793
345 5045
1205 8319
7981 2707
1225 1953
2299 6593
421 3041
3059 6673
8055 1237
2543 1035
9079 9669
3037 8557
147 477
8369 6789
1965 8227
1305 7843
4749 2513
5865 2325
8657 3269
2591 9113
8561 1941
2579 6671
357 7181
705 8519
9247 3241
2965 6583
541 977
6101 2399
1837 8261
2835 9371
1553 3375
6905 1365
8743 1631
9493 2743
1757 307
6767 513
9691 1835
9291 521
1931 7517
1279 6717
2533 3565
2081 9187
139 7029
7883 1589
3213 7307
9377 707
1081 7141
9251 1047
7939 2405
7741 281
203 2637
8213 1329
4615 177
9927 3271
1441 9683
211 9507
9039 1439
7211 1979
9139 1199
997 9753
6401 593
1909 891
7893 3221
8399 367
797 2799
7357 1731
1837 519
5725 3205
9089 2637
527 9977
1811 7107
993 2599
2983 3005
5431 2935
2657 6271
2651 4125
1687 6933
8501 7551
271 7851
9511 1091
9503 7749
485 7523
389 2331
1067 9021
443 4609
6127 459
7777 515
327 8549
9993 9383
423 5065
2187 7441
9787 1107
2651 3821
7003 1611
8329 7633
6679 131
2227 9241
1999 1951
1455 6375
8945 2469
3301 7495
8645 2941
967 8617
9751 547
2153 7203
6753 707
6881 1411
4583 2465
8099 8271
9481 2039
9493 8353
8981 1807
523 2409
1845 8903
6407 801
157 8687
2535 1903
1143 3731
1937 7997
6905 3185
6909 2495
9041 8413
1973 9833
225 9169
1119 5753
7229 125
1419 2855
8743 195
5521 1369
6791 1779
5461 3003
8631 377
9925 1165
2829 1073
739 9035
1627 9625
3249 8653
2981 6503
9319 2825
1879 9407
1205 9121
8497 2921
8919 671
8961 525
7941 8709
1163 5627
789 9753
9253 2393
8179 9825
8207 3037
2095 3841
513 3843
59 8091
6623 1237
1591 2619
5701 3143
7089 8979
6803 741
269 5193
7739 673
1831 8921
7113 541
6555 2239
3011 9065
8867 2195
3405 823
2871 1819
6825 2371
1491 2933
2069 7723
8567 9065
1 3433
6803 605
1809 8221
633 9961
8133 6859
6053 2091
4657 2083
2749 2525
2095 1955
1065 2619
6285 3141
8689 9533
8723 1603
7157 2263
4411 1781
8533 381
3003 6837
9567 7579
6643 2427
801 9745
61 19
8913 1279
8367 8789
6697 2999
8995 407
739 7235
6981 573
6281 3
767 5191
4249 2415
9771 3123
4239 1981
7521 2977
7625 3299
373 2949
6239 71
195 7093
2643 7315
737 8645
9987 9855
523 4893
2413 2317
2671 2657
3291 1787
3329 7305
9195 1881
9223 1823
1881 6881
2471 6283
5479 2839
3129 8665
8589 1575
4459 2297
9017 7929
1461 1327
5391 2121
1533 7395
1833 5935
2823 5119
7747 779
1741 8313
3279 8227
8297 1297
6965 813
209 7815
41 9869
2405 7539
1063 9921
7875 2903
7903 2909
7525 137
8631 1037
1215 7533
245 5113
1485 9299
9901 1639
7997 3305
2045 3099
