1000
19939 6659
18761 17349
3927 14997
17705 2655
17589 245
5945 16807
1441 14769
14525 4977
14313 16041
16295 6383
1043 13701
6061 14615
14825 4013
4731 19929
9099 2747
18543 17405
175 17859
5347 19343
14475 16101
2531 1715
7231 1147
1081 17125
13935 5775
843 19083
6989 5529
1665 4927
3411 1271
5403 17237
3881 14409
779 16841
5455 9243
5905 16117
12593 3111
15643 1421
13431 5381
16783 3629
4887 10693
6173 13895
17063 217
1097 8609
5717 19803
3261 5067
19485 3083
4711 17355
18639 201
4459 17849
13971 6031
15875 113
18539 4057
3705 563
2063 12399
1875 13375
6367 5797
17477 4077
5047 16771
16479 19069
4207 14361
5037 5551
1317 17277
6477 4559
2227 14265
17523 5949
16217 1329
10149 2289
907 17497
5101 399
17899 2269
1385 7061
13925 15329
10011 2963
1339 8221
14417 5121
1315 17467
1953 8281
16561 3895
19359 18909
11429 3665
13485 1195
2381 15745
12283 5457
5767 6475
8527 4117
17279 517
2343 16955
3361 15225
1381 16257
437 14129
957 7359
3723 809
19647 1445
2625 6295
111 6871
9491 5497
16553 6187
2429 10993
13451 1025
3783 16933
3797 6231
16629 2979
1003 4665
5841 6853
5515 7611
18553 6385
4653 12665
1893 13609
14023 219
15483 14675
15435 5101
4437 8049
18789 5163
9663 4531
19629 2169
15049 5647
1933 2749
12801 3013
16193 3449
13647 1861
13639 953
10371 6563
3701 19503
3803 18259
2095 11893
4101 4163
19433 18671
6311 11679
899 8809
15435 2227
6317 17857
15307 16215
1399 12603
14867 4199
14217 18237
16487 889
6089 19903
6447 12873
5667 2909
903 1447
1795 3403
16929 19193
16235 18225
12187 1111
13545 2297
1953 19845
15017 3255
4061 1605
3777 13599
1371 17423
6455 16983
4309 10977
12347 1671
15297 755
17497 17473
5371 18451
1267 18633
7067 5179
3289 15053
3771 19021
1015 5987
14345 4539
15365 4505
3163 6659
12449 1927
3675 19855
5639 429
14065 3149
19355 6375
7875 2285
4717 15643
18731 19821
9237 5069
4051 13139
4825 15523
8335 4981
13339 5477
15837 1339
19161 6129
3115 2215
1091 19345
16377 6571
1549 19427
14279 2819
16021 13913
15713 4959
5253 18157
811 15565
7697 2489
15349 5761
15969 3103
6357 13545
18245 2257
18043 829
273 19991
13451 2343
14539 833
5055 16659
15011 3885
15049 5021
9067 907
221 14489
4713 14527
13407 1221
14111 15995
2993 19579
13561 5007
6169 1027
13473 3535
16271 569
5711 489
14265 5955
2993 14035
439 9357
15101 1961
13841 75
16197 929
16745 3419
15975 17381
15713 6193
6345 8861
13359 4289
4997 6653
4735 14237
13355 855
2011 17233
7809 4677
10649 491
2949 16361
18183 921
3567 16015
3943 8047
13493 18605
1671 7487
5801 15347
1609 9439
16797 917
15751 5765
2217 9361
4033 19881
4993 18461
5907 16373
5473 11321
6163 15023
5605 19777
14465 353
5585 11099
18675 5631
16955 2343
1503 16157
3855 19995
4793 16501
981 19297
17585 3563
14393 17719
1657 8337
5811 18027
14535 3287
3761 3793
4087 8165
4553 1987
2141 16417
17901 6281
4269 333
16125 15007
2085 13481
6459 2751
15577 18619
4341 14569
1819 15735
8005 3017
7433 4083
17877 5955
3683 17135
18007 3153
5845 17709
4877 18511
4911 18499
19653 6141
2651 10781
573 1175
10221 345
4577 15377
5541 14459
1607 7085
19801 4903
14673 441
14599 2669
4941 4857
19015 625
14295 5689
17005 3791
1133 19957
5535 13359
809 9221
5635 19267
307 17693
15901 1439
6003 14679
16301 623
639 13483
19565 3377
15331 4761
13731 5925
1271 2115
13429 671
7451 4549
14929 1861
1941 15481
6633 15625
14813 3393
18277 3353
13527 6389
4041 18863
10193 3243
663 5053
15847 5327
17083 3611
5253 4411
17861 3645
4893 5349
7697 4749
19583 6521
5133 13895
6135 13529
1301 4941
403 3535
12483 3405
4359 7865
3021 8273
3937 17943
17177 18725
4083 18219
16577 4173
19153 16775
3269 17015
2067 6099
727 16585
2821 12419
12595 4459
14981 1215
1817 18163
16573 16987
2303 8535
895 15101
14417 4437
3373 7285
14651 3043
19693 15917
17463 5565
5065 16949
4163 1241
1961 8961
17331 5883
2215 17911
18799 303
6113 13447
19367 4715
4881 13663
15731 711
16375 229
12743 1427
18685 14869
14877 5483
19717 19063
19703 3949
5067 6629
625 13411
7399 6099
6041 16947
6247 5673
6045 12781
3051 14643
13425 1013
17505 599
18953 19677
2389 17917
1099 16999
4707 13275
17713 6277
1671 209
17407 1681
9441 5981
15427 1375
12541 3687
17319 417
18347 5455
797 5061
3427 17303
1943 19069
2673 18769
2489 10985
16233 3067
1581 18291
4765 14815
18601 5445
14883 6649
19239 3405
17875 17959
3271 6781
5907 13349
13533 735
14623 13403
18735 3395
5157 12971
2717 10145
1141 18401
7065 1421
4885 5031
13119 1085
16519 19813
17645 1753
2647 9007
15315 5937
2253 19129
17529 4911
10401 1401
3441 13853
15435 4009
12439 343
5457 5601
16973 3623
5819 1407
699 19221
16845 19987
2471 7203
17479 3843
4873 13565
5207 19283
16479 15397
9449 5485
8333 983
4221 6045
5711 3869
4987 5717
12561 4669
15427 17323
14831 3715
17469 131
13253 5773
16205 3001
1271 17883
19067 15621
9415 3145
5551 15749
181 3925
18823 6139
14089 13795
18151 3987
17549 2623
1305 15307
17913 6381
7601 6071
6151 8271
9429 2695
13921 373
7655 699
17745 2971
17317 4287
2777 3123
13273 1099
4103 18147
5645 19701
1563 18317
13407 16307
1957 9177
5243 123
6333 857
2323 6141
943 16735
17201 4387
16923 5411
1781 17769
4451 13303
10487 1623
3271 14359
19331 6035
13121 997
13529 19897
5757 3851
10411 3735
1487 15669
1735 9139
4551 12693
15737 5441
5373 15971
4869 17707
15769 1705
13989 6613
2639 15711
2633 15685
4347 14249
807 13569
13697 2035
17207 5829
14021 3923
13703 2269
2147 16477
4925 12831
997 14473
18965 2887
19211 227
1337 5379
18951 2403
607 10917
18819 6233
4325 1637
1869 1547
4513 15261
10089 2093
5169 16055
15619 4021
2289 14241
8283 4265
14643 17639
2223 14651
18279 16783
15567 2859
2819 13525
2453 16321
4757 11599
17763 1481
5501 14257
8375 5579
5771 2977
18571 2091
1771 17223
4327 16507
3065 16079
9251 4679
16319 2187
6141 13853
16145 6143
3557 18799
18275 6115
3155 16081
18867 2377
2849 17959
16349 4107
991 929
485 19969
1435 12883
4417 15047
14023 17967
19489 5731
4309 14075
4389 897
15921 3753
33 19383
2879 16859
14831 6337
1627 16179
4143 14523
18017 169
2271 19857
14107 2149
15023 1295
781 3209
13743 18167
3155 869
8441 903
5927 1065
5067 18885
3151 10819
1047 14997
7145 2861
345 4055
13635 3713
3617 2453
13781 6599
13095 6213
1763 15719
6401 18811
2225 8409
10255 3925
8185 4589
2579 17857
14385 6489
1569 18143
3627 10073
613 18233
4049 18885
17301 6541
9881 3027
15669 2751
11377 6185
4367 14231
4753 18703
13377 3741
4199 4149
17939 4913
8861 1863
1443 11195
3407 12681
13565 15609
2797 5895
16445 6173
5393 5751
7309 1323
17697 16459
14395 2299
749 15293
16013 4043
15191 4577
911 14675
18981 1347
18429 5681
6521 17943
4887 14187
4611 3171
19711 75
15621 17033
265 1275
809 6437
18627 787
1383 4143
2623 19909
10255 2353
19909 4123
13677 3325
18447 19451
6277 10251
17155 2219
2047 9223
2523 18497
19957 575
1299 16943
3155 19693
9923 561
14003 5571
1789 11717
2185 14569
5061 4747
12751 1975
3747 18767
15393 15745
14941 6071
16643 1121
12959 2381
16591 18359
2625 14531
17765 14907
13541 2341
5413 19583
17279 17245
19555 5993
733 16169
8783 6235
803 2989
16219 4663
15897 6119
16715 1201
419 18693
18797 5613
2481 5267
15475 2681
11121 4707
5385 7487
4899 19267
6051 10845
4079 3467
18721 4943
17311 2885
9043 5779
4175 18381
15197 2757
4179 14165
19859 5975
13817 5277
5371 3799
16021 18397
14883 18573
18251 107
19011 17579
1665 13057
15591 2149
18809 3639
19361 5537
17449 6341
3075 5789
3647 3249
13525 16501
73 13443
19583 4487
5113 6735
18985 13409
5281 18381
1129 8699
11497 555
5297 12009
401 15495
14729 1483
15513 5475
4689 5193
4383 9635
18311 263
5471 18885
9883 2657
4919 4935
16737 17027
16701 4873
4129 13469
5963 13339
531 865
817 7315
809 18449
16005 15679
7039 2473
13393 4583
4913 18913
14121 16553
2549 15457
13849 5991
2159 3309
15603 5467
16529 4459
6119 7123
1833 13425
19165 5613
1985 19537
14467 6047
4617 19637
10481 163
14321 3531
6467 14505
6565 17173
9325 51
19385 4785
18279 2787
16305 1017
495 13865
19987 1365
4371 16143
15071 4001
2685 17655
1231 19819
18503 2695
19131 1289
13673 477
1127 8445
19261 5569
19399 2943
5495 16981
9901 6641
16131 5819
5495 2767
13399 4409
15087 18253
717 19411
14383 3415
4735 2575
16011 3687
15901 433
3167 5575
8855 5609
3027 19299
17849 2377
14837 6299
1371 13367
18047 851
15767 4611
13471 16623
205 16947
6831 3979
19197 1741
17377 5749
15869 5759
1143 8693
2047 5689
15059 3825
19341 18961
18841 1007
4655 15201
9953 5381
1459 6473
14239 4559
11029 6477
16273 3711
2645 11413
19775 4741
19637 735
1995 14187
6447 5867
3795 651
4167 1061
10527 1527
1743 14713
16811 2407
1019 4253
4367 5481
14331 1933
19433 3341
6503 17943
19531 13519
16437 1821
5133 14237
6337 4761
19981 3909
14931 3453
3147 12479
8711 4143
15893 5405
18835 841
15059 19893
19259 4391
19593 5793
5739 2875
16561 477
1347 17999
18909 5001
13821 557
817 7219
17651 13937
6783 2585
2597 7325
2109 16213
10243 3183
12119 1213
14413 18271
431 18465
6351 17159
3677 13879
19719 4697
14553 18543
3427 13823
1357 12207
17079 19801
1055 19575
17821 16717
16489 2069
16401 1469
15197 935
15421 4401
17407 16009
3231 3161
6631 19785
1229 14219
15483 905
16081 19023
7469 5885
18555 5237
2219 8705
4633 17211
18847 14675
14243 5625
1163 5333
13809 6623
15883 4949
19495 1641
5849 16643
3367 2615
2481 8073
12533 5519
4117 18159
2171 16795
5085 13091
10701 1681
18251 5477
3847 965
16553 4869
6519 15735
6601 16697
5657 14817
2849 10573
11787 2013
18335 4183
15099 1581
1845 8139
8429 6421
641 15685
17755 18887
18821 4313
13823 1663
5689 19445
55 13959
16409 18279
3033 13205
7015 3635
13925 5317
3873 18445
5415 16843
18915 4439
5957 14241
1311 19089
15505 6623
16637 2447
4591 15391
13633 4869
5937 19109
4983 19975
5557 17667
10293 5305
7965 3263
5617 18767
14131 2321
13557 4063
19871 15383
6113 5797
2243 16341
3145 9607
5331 17301
4665 18223
3013 14313
2789 14035
16411 5207
167 18003
6055 16337
19541 3489
1049 12167
17795 621
18141 3269
14139 17259
3845 14181
18325 2409
16365 2749
2981 4237
14177 14893
18805 2799
5845 18519
19981 2841
2233 2809
2989 19235
12611 633
16449 5541
3049 18443
5781 671
13995 13953
6153 15071
10065 3433
14633 2891
17553 5387
18851 537
17697 19055
19499 5411
6945 3623
6663 3883
14233 3473
6171 15091
14959 2821
5563 14541
15261 13509
1329 19205
6519 16817
17813 5251
14375 81
19809 4635
16945 3771
1285 15791
7415 4743
15335 1765
13825 17209
5689 12629
1311 10597
16539 4053
1823 6663
4635 6699
3977 18357
19893 16061
3541 17677
3301 4465
16699 4665
2031 15471
323 12005
1351 14767
2409 10993
19321 675
8421 5521
3745 2167
6107 3957
4273 13683
3443 7809
17283 6179
3211 18919
17459 17095
3557 9205
18421 1095
14215 1153
75 15865
1621 18379
289 14785
15757 5649
5129 14525
6617 18585
6331 13697
2963 9955
16197 1005
16955 14731
9895 4215
4037 17105
8833 6255
16333 19561
1003 895
10013 2303
13827 1423
18189 6513
14409 4747
4105 5351
2251 10409
18961 16163
2785 18173
16741 4973
5135 11575
12543 2221
