2500
46975 9007
39861 38503
9295 38735
49459 12173
38343 7669
13851 36899
2611 48883
39147 14025
41867 36197
49797 2073
5899 45045
9531 49315
44883 13021
3809 43349
19611 3935
45255 44173
3245 37797
1163 48937
39083 46071
7155 5189
25799 16473
13331 33337
41519 7063
531 47077
25297 12567
2091 3393
379 4783
10443 40959
6493 40835
5805 35323
13661 18353
14581 34733
28345 9579
36993 1985
42051 11271
34533 651
6659 30693
14005 34723
35027 12377
11227 32631
14799 48147
6545 2343
35299 12497
10907 38859
45957 7097
2389 49931
48005 5365
35869 15229
48793 9109
11717 7431
7415 28397
5783 41445
9179 8695
42603 13205
12439 40953
44539 45755
8951 48953
6483 12959
2247 38563
3605 933
6689 44801
41743 13261
42617 1909
19335 11981
9311 36221
11829 9275
41079 10553
14503 28863
44635 39389
28619 15153
2841 29907
49901 5829
9733 48777
16553 18183
45489 475
34701 48007
19399 3027
40675 5503
10815 38275
29621 7221
3825 7047
17495 7535
43731 5623
2289 36075
7319 34237
4709 34897
2039 46713
4415 21877
7297 307
44471 5283
719 6605
581 28417
24017 13599
47889 3143
14157 33127
49139 715
13233 37751
13045 8291
48247 12723
3253 10979
1183 33279
7935 25665
48915 16247
13671 30017
2147 37275
49825 10785
43751 34211
34217 3283
1795 27015
34355 49
28399 15303
40789 8499
39879 3237
13827 12253
29037 4835
34773 12903
40553 13441
42325 13751
21889 16207
11731 37983
3145 45235
10385 26749
7085 3057
33441 44787
11557 19565
14379 23833
45257 16253
13533 49665
34695 39909
7449 20121
45479 12653
40565 38295
34801 15797
10585 39993
1429 27343
7285 11481
15719 6555
16163 8689
44661 40863
49715 42399
30107 7193
36711 9347
1291 47857
36457 5527
12319 3769
2397 36731
11437 34313
3915 45953
14877 30635
21191 16645
36165 9483
41507 34755
10561 40747
15117 43689
28761 9421
5263 42225
969 43875
15713 2529
38379 33
34435 7171
10067 5935
22007 6863
13477 43783
15521 9343
44753 11335
36951 4173
30951 1501
12299 48405
43779 46545
24139 349
12353 26409
9387 44457
29815 7395
41375 2161
49081 13911
40443 1999
5335 6973
1697 45309
35971 8315
189 48751
44959 2001
48867 47503
34287 5893
7891 39591
9343 40685
29959 4999
33607 7565
45233 16393
9107 41599
49145 6379
44299 16287
11745 49685
42839 2911
43951 9761
11657 36339
36625 14563
34879 15743
21041 10275
16133 34597
1457 41049
46507 14679
34035 46705
12975 40707
48747 11445
9283 5967
41631 15199
45173 15347
15059 295
44773 47
4027 43965
8615 19133
37881 12797
47709 16403
41827 1805
38119 13519
47223 48171
47013 6621
385 32867
48009 14827
11765 5147
11949 37969
45623 907
13753 37655
32549 895
20731 8839
9095 45963
42765 12151
11989 38763
1503 19447
35607 47985
14479 27675
12425 43561
11483 27557
47281 15037
40265 2485
12225 25523
9293 47217
2221 49673
21 45585
7521 23943
4425 45247
4027 45681
39695 7039
14947 26091
36047 3645
39097 105
2745 42887
9755 36297
4437 48975
1965 46967
46377 11289
42093 46243
16621 27005
3447 40059
33919 1441
9663 10209
6517 19855
7423 2523
7369 47781
49217 14679
16625 6267
36239 35423
5959 41213
3071 13915
39759 37705
8231 37867
7325 37345
32661 13869
23087 13769
49123 2513
11993 46793
49985 2795
3841 43327
1127 48163
1115 37233
35103 14779
2599 22373
3981 5219
31797 12017
1183 37497
171 40155
5705 32533
43777 295
43915 7543
41677 721
4335 11157
34215 7327
35921 5869
39887 9195
12989 45787
9759 46731
5829 26425
5707 37333
9747 46519
46179 15467
3241 39571
44427 7963
9263 46161
35651 9191
48883 15927
38959 9131
12225 6691
38531 10587
26735 791
44611 7597
7437 35349
6617 40205
40059 11179
45189 10981
35829 12129
13367 40761
17649 8505
5135 3927
40159 1841
49551 14311
3541 8763
34637 4729
6873 4371
24175 16401
39695 1323
119 38101
16381 34193
1443 7465
16637 11687
18605 12197
12085 26227
6505 26519
1121 36823
46979 42317
2923 39025
34015 863
41087 49297
1207 40327
4433 12909
3399 48123
4693 19341
21937 14663
42511 69
4149 42825
36637 47259
12711 22647
8721 34705
42705 1843
12267 18059
33519 12707
47971 40319
48957 9399
7699 45239
14683 3169
1475 20161
47027 11233
15393 48671
45585 15147
1859 49749
43369 14883
165 43657
46285 11445
36957 6749
19717 9233
38855 39575
43963 203
48473 41233
35891 15095
4679 3525
11101 37005
21001 13831
14565 41355
15673 13151
3057 32627
2635 37363
44795 8609
45017 8297
46279 48605
4559 33581
8609 41297
4141 24151
45163 11543
14467 1063
49859 12033
24923 9623
47901 10709
30647 5877
46463 3835
42707 11667
5813 14559
2053 39633
12689 39695
1913 41519
4475 23239
48365 13869
921 34127
15533 34631
36649 4683
40825 11227
41379 3
34615 49863
4401 23745
13681 34077
46417 2411
40583 35543
44873 15505
13789 30883
10511 24797
6105 45157
29865 1477
4941 7551
30679 9405
49757 35399
41239 12697
3209 20461
44897 4999
343 40585
49635 1825
21219 8595
12871 43521
49491 5749
30991 1617
2055 4399
33739 7233
12771 15119
5833 40253
35923 43591
14331 27291
39695 2543
7551 48661
2845 40569
45491 38457
26847 2851
31075 14791
7223 4769
11781 6975
12511 1733
20485 11701
33515 38963
42119 11487
44217 1125
25757 3267
45159 10895
11013 34185
47701 35263
20663 4697
11203 41669
3591 10789
42807 11203
49903 42851
49139 16187
44625 11781
1459 47631
42165 10273
21253 15291
2611 17567
29207 13471
42759 7851
23005 13845
49211 16377
38605 13819
603 16523
24025 4053
2961 37037
13595 48223
1733 44973
39479 38963
12319 25445
13855 16361
7823 11187
2163 15065
7801 47371
34893 891
48511 12155
7815 44667
13533 28089
16839 2117
19 40247
34829 8309
26199 79
37849 36985
10659 11721
25503 10125
8209 49341
11757 21847
6281 22931
38039 12383
4153 46901
8591 39667
38007 3859
34741 16495
15173 41343
3831 36863
3495 44963
1457 41705
46253 3199
41071 14483
42011 4063
41395 3925
5753 36285
543 21735
957 46191
40155 14481
46813 1027
2545 3251
36451 403
1283 19581
49825 689
16193 7759
949 13315
4597 48435
30651 79
15241 48635
34173 10129
8263 37113
18163 16569
39355 42429
14053 39983
41419 40167
42775 8847
6111 41335
14363 34405
1063 22079
33435 11967
11129 46491
27337 11901
1983 15429
35921 12029
2983 39195
11253 48043
5547 45547
24615 7843
40093 15759
4339 38891
43499 12697
1459 47243
42045 10737
5889 40017
35517 2421
3781 37239
38149 12067
4623 6561
14921 35985
6115 29065
14341 48365
48895 33843
33563 5317
1453 35079
7985 14833
34745 13875
1509 44885
7779 34415
40819 5631
14997 37129
15515 38801
41413 6219
9771 46679
34413 9765
46325 10525
10413 5049
35961 49765
1455 1667
29785 2587
14461 12275
5295 36659
4723 26175
2533 38733
20367 16499
10043 12265
43871 8899
3133 10429
34561 10123
21539 5247
9099 34545
4473 48127
3195 33303
21913 16157
19317 119
11105 40549
35721 5835
12767 42539
5289 18129
3063 46477
5 38907
37213 13081
21085 15361
48533 10631
30177 12773
11349 37005
1021 37921
45433 15767
11775 15985
49469 9419
23299 6067
10613 30259
14425 18497
34953 46297
6339 11545
46525 6489
9139 7005
26203 8685
45005 38765
34487 11237
11557 49109
43445 2635
36531 12185
16297 35231
34675 1293
43043 8345
15739 43507
15933 40615
5423 1793
44005 10833
38473 35927
4969 2277
12123 7931
48669 11405
4527 3895
8705 41781
19947 15879
49557 6179
45057 15561
34357 46233
12855 32261
34037 2005
6277 26327
16445 37319
44027 6869
4571 41055
12855 41401
32713 6803
39169 16357
6541 32461
539 44025
11045 11243
32889 10757
10247 34331
35361 41723
44977 2899
39293 3175
31915 13557
38593 35351
11761 47467
38629 34597
34985 12027
14693 38007
35655 39243
43447 1375
14403 34667
31013 6009
10255 11645
45507 1141
49605 1375
41069 15697
12697 34543
40539 15669
13845 4405
46569 12105
28565 11593
7887 25121
6753 36443
6343 32881
9367 11031
36607 11797
45097 1799
17959 14185
15553 42393
44059 5429
11737 36647
48923 7151
37941 14879
5239 13797
36317 49665
37947 46761
45001 11051
38147 49193
3387 32295
37261 8139
41071 2147
42667 16355
36551 14983
15521 8771
3261 14385
49099 33949
11125 37129
47495 8013
14767 23727
33865 41667
8303 49693
3197 31423
29561 4319
6087 24507
12011 36445
40243 4023
40169 5799
939 14605
8467 29017
44787 5741
7701 33729
19769 14673
11545 281
44775 47333
35429 2981
3189 45103
15291 39617
6373 821
10297 21281
8493 38403
44667 37711
25037 5475
38179 15737
12385 34573
45703 43453
14499 45417
46807 9937
4703 12777
41967 8837
43609 5903
15595 18711
899 35867
44703 11049
9031 44003
47455 7033
675 47895
27961 11681
37693 14563
14455 49823
3089 46755
22517 13465
35233 9291
45089 11785
43545 13943
7723 33987
44361 15321
2833 48929
38013 5413
12231 41723
11479 49753
48193 6823
37621 6455
41929 1783
6159 30999
49661 3285
46925 13261
16129 34017
19149 4989
46791 16547
15525 4071
38249 12839
38457 46887
12205 43357
41683 5041
13847 9221
35341 3623
46737 4285
5749 10285
30249 7721
5897 37391
49587 3141
35525 10377
5365 43307
41827 645
45967 5251
48629 34083
2597 38255
27575 759
38463 10323
39287 10441
39935 979
5069 25947
3661 5465
39505 2913
44315 45995
45891 10853
5439 43413
26575 1631
8445 13577
36203 6117
24319 9579
44893 8729
1111 25325
33795 1639
47937 13471
10631 41331
13115 3799
10763 3707
1415 8003
18953 11051
13499 42483
44001 11343
737 2973
16573 921
36353 10839
38675 11523
2759 38257
49641 41357
35383 569
14325 33641
16471 14377
43509 5623
39573 7287
14839 33175
28013 6557
36011 6883
48247 4967
39099 46795
37725 8621
43397 3301
15737 7755
35885 15097
14727 33511
40497 6151
42977 16591
14325 31461
36939 38707
18061 7265
11479 24857
4605 48757
27971 6015
22533 14743
39201 44711
12485 42543
13365 39841
8581 40783
34665 8475
34395 35263
14377 35051
15457 19481
49245 46713
1447 39793
44427 39907
38909 4415
37937 7633
48285 13677
40115 7001
40997 35747
5803 12045
8937 44821
7421 35483
41481 1683
35057 37659
21499 14879
48121 12475
14533 21345
3563 48539
38441 36861
33861 13615
3229 13149
33667 4947
36169 14869
49241 1543
9933 48667
8069 2927
6355 32691
33329 3521
12727 47147
7571 41825
13265 31221
32969 11615
45067 12683
15733 7221
49851 4465
11037 37589
9799 37551
7273 36415
11043 21053
17133 16437
33727 4781
46491 2971
14625 29907
25441 14425
7805 38335
39083 37335
36857 13757
43609 8979
12581 41955
887 49481
48191 49169
11191 24655
33237 8925
43277 4611
13269 46713
8071 40335
46987 11947
267 40627
9647 34419
43937 4645
39475 14233
7075 38045
44119 15815
13075 48041
2605 47637
10515 41745
27841 903
23129 7603
14449 34595
39721 12201
41177 13185
42101 48331
15845 1671
13673 47943
365 21415
16187 46515
10719 40839
12153 37871
3127 45945
35343 13569
5815 37759
10177 49437
39025 5299
7413 27735
44707 6273
42327 1703
39675 45599
11881 36353
40771 8925
37631 13931
8637 3369
34787 38067
48685 7705
551 33461
45411 4093
747 10847
9901 37615
29689 12885
40249 3049
5591 44767
10131 8825
34361 33761
1203 47059
19567 8913
45669 3057
34785 1515
41177 37
48479 36261
46433 9413
32589 2523
12445 14877
35411 8655
1223 43223
46065 1855
14231 41529
40907 34559
3297 47871
10701 44599
36117 14665
36663 13101
48629 8399
35055 11537
4417 38225
23157 5217
45669 3333
34205 41921
12349 28913
397 31481
41755 15001
9021 2777
10725 30499
9499 46171
39347 34599
3013 34287
10185 8395
42899 13075
14137 43957
13853 19763
15129 36529
11783 17471
44457 6067
23101 9023
2507 16591
8445 13159
6097 48507
6553 30603
33881 12531
1613 49437
49039 41987
9753 31603
40759 5449
47447 14833
6365 47877
15597 42449
1441 41659
47201 2077
3937 42297
2129 45181
13519 41211
5261 31105
43231 10957
47519 40883
22893 5471
15911 34567
29965 1907
43673 35387
7795 5061
16951 3779
43273 13145
38127 5883
41425 9915
16581 14509
9279 22313
49375 44295
9999 48307
45727 11013
16539 32803
23225 1767
49363 2985
2829 46985
33807 12905
16367 16069
46647 11469
34941 5215
10129 16291
1427 20791
16189 20669
45337 46961
37311 7263
13707 3113
10849 43299
3119 36585
10943 35445
15521 24857
5125 22993
20257 6071
37535 4059
13581 34771
10497 47637
11389 1135
1511 21533
15325 5349
22491 455
19705 13833
1329 33815
1117 10365
13061 21831
4345 34685
37541 2715
11335 46463
33689 1863
49431 6531
24993 4975
785 19687
8151 15023
16457 35691
839 49919
701 1783
223 46101
2699 35053
22507 5569
10007 27695
34313 10109
6855 45553
13863 18187
3737 31635
27313 2193
4747 20355
38131 12839
14077 45997
9965 5795
44747 9853
9133 47809
1977 39315
49275 12869
6111 17587
55 36603
47271 34767
4043 34251
40829 45691
45165 13387
411 37993
6187 46829
6745 13705
11617 1527
44435 4115
16503 35685
40279 9517
16177 5819
11265 48735
24647 13773
40241 34545
9639 36571
3637 20213
30427 6107
11221 39137
41949 5109
14347 47629
10509 25833
12907 33821
8741 18221
9355 39321
12487 37817
4125 3143
37029 42085
45935 6345
19871 4971
49395 34475
16133 33627
12479 41427
669 48367
1007 45057
16101 28677
6609 35439
12149 36971
44137 48335
28713 13529
15613 36567
44155 33915
43007 9439
11181 37495
9853 43863
21289 2597
16525 39603
23167 1487
47309 5411
11257 7795
36833 49747
1199 47887
34133 8979
31415 613
37965 5931
38555 227
39587 38519
433 19677
8909 36791
45197 13019
12807 40707
1023 38177
29283 10887
12119 6975
15021 47029
5763 35085
45565 9129
14255 33401
905 38559
9221 23947
40551 38351
10541 37397
8447 18045
5825 4241
3815 44423
14229 8011
16431 30451
32159 3459
4267 41235
22743 12867
11431 13367
43043 9127
10835 36431
43765 543
46043 10777
46259 34255
15671 42287
4653 44381
18775 13907
16385 43105
34529 35741
6807 43711
47929 45915
3873 40159
13171 47087
11075 36555
23305 5479
48589 36629
7369 36919
41389 8017
6557 19071
14777 37969
14941 49307
17591 3453
47619 42429
5247 32815
47679 1211
48367 42231
1637 44771
33407 10055
38907 5279
27269 8113
47915 11087
14639 38637
5205 11879
14047 30707
1477 15353
7505 14863
41929 7627
6109 347
15073 9627
47289 971
48997 15155
44783 4615
28135 10993
13233 48375
11947 30809
14297 28993
11791 23953
43623 11625
48245 459
7171 46745
48551 4827
49227 10437
7919 44261
12787 33589
3475 10905
21489 5213
43241 1233
10811 5529
2173 44267
3665 36783
7895 37937
35109 1699
5481 37685
46007 10995
46591 43083
39637 13933
43067 40965
3279 49675
14433 40635
1833 42029
475 13925
40091 9177
13613 43155
35465 6517
41267 8695
8963 13591
36809 43187
7963 9631
11285 14317
19223 1689
29771 12227
44617 11661
5883 43321
6063 37215
39075 5791
8507 41003
43633 4779
33433 37205
36831 15653
42017 48689
37793 8761
979 20675
7515 42943
4655 47753
421 43789
15895 39161
7997 49383
35155 33483
33553 15293
48597 49531
43019 47923
11829 37831
21705 16593
3547 21719
39993 14947
26927 15543
14427 42645
4485 35823
2329 49779
34497 13383
43811 2741
36963 3113
5877 15107
41075 34937
5201 39475
3837 43905
32773 259
16521 477
44269 5561
7727 40939
5965 37235
8615 16061
23541 13305
38547 6911
10345 47391
39789 4837
47097 6659
3003 30007
3659 36955
935 41495
20855 12699
977 20583
7591 17795
15121 47413
21087 9237
17581 11855
34161 613
27951 10687
2715 49553
47661 47501
25603 9691
12699 14001
20247 11717
4927 42577
44829 9161
48725 10557
11417 1039
49315 33501
41811 41673
13343 40609
3399 45573
8151 41313
45483 11403
1279 44543
1485 3015
43483 4885
9819 49513
5435 767
38961 48535
17623 4465
49579 3435
49645 11267
35709 3413
6555 25223
40817 6091
13859 12109
4451 34827
5677 39921
33819 42315
4055 38975
2851 16659
1179 14909
36127 3919
28411 16429
43019 9383
8541 33447
43831 15207
15837 43501
7893 42653
20007 19
36595 7033
46151 35395
36707 15619
16349 15225
48523 14111
9397 38433
8099 48241
38865 15897
48023 3787
15295 8745
12223 19675
9897 20607
44203 15909
28861 5267
8539 44417
46545 15055
33173 3783
42161 2499
8609 3967
6573 45839
16549 12633
2291 43123
36815 579
7497 19453
753 16005
4797 20663
19967 16241
6277 11391
44037 10847
47789 36871
271 45813
36699 11995
9503 45389
10209 8917
3393 37103
6087 37741
5309 42701
6301 23257
15875 49919
17223 15199
13759 43781
40043 13853
2793 37583
35271 47001
39203 7061
2443 41141
45603 19
38839 11277
1069 37809
8369 6547
8291 47939
3731 35699
13081 42919
8607 41189
11453 44845
9037 15495
12135 4739
13981 31261
36313 431
12569 13609
15865 5853
38951 38797
11635 19905
40141 5251
9493 45417
45301 49569
30641 1865
46323 1605
35509 10183
6997 33433
4137 4907
7831 35749
5557 45861
13351 41671
19503 4401
1689 46773
5423 48977
39437 13451
8191 35649
13671 17619
8085 33425
46661 997
8899 42995
14645 36139
15023 14723
10415 44847
33311 3025
48505 2299
6033 20269
15121 14105
8703 20329
47967 6913
35533 11367
17099 441
44159 3533
42201 15035
7951 47275
519 41567
3807 41669
37727 2491
37043 4559
46731 1037
9159 22199
44303 11035
6033 35353
7287 37723
23729 15289
37823 1491
38735 6981
3183 34351
15615 49419
39467 7613
2789 14017
42935 8735
15231 4125
37235 597
42779 37709
7243 37913
48585 4851
45019 11709
15943 46461
47897 5875
36175 1083
433 44677
14155 44597
42591 15295
5263 48307
37509 4111
41525 6879
3033 2279
49767 9493
25975 10215
5923 1613
15137 35889
40003 6999
15343 49621
35097 10039
47439 46861
9113 4817
6851 41161
46923 10271
22013 7131
39493 4195
37021 15219
44741 193
861 40535
15651 23173
36965 6285
36041 38831
1955 29435
39083 12983
14329 29307
9127 27831
3355 7487
21385 8419
49101 831
12055 1005
12353 45457
9375 41509
48325 34057
12937 43871
16093 43951
33793 2341
14725 31047
4219 643
1809 46715
45063 13091
7279 38637
14113 1977
11017 9023
28293 15343
31459 6893
20297 723
43377 4747
13327 19591
48163 12187
14315 35051
9293 37769
4845 49141
38035 171
44695 47963
8463 38331
9991 42243
39121 13869
13219 46421
33985 10945
13677 38871
39265 41885
12143 20263
13369 16957
9637 9065
38737 46325
11567 2695
4187 37191
9415 34013
4021 33595
6037 31095
35097 9517
46847 43315
43353 1135
45351 15215
4857 34685
11559 38399
3499 36167
36787 143
44961 3375
4027 33639
24589 14539
15551 36785
13471 45251
14925 36395
1071 35617
10681 48239
45233 11147
1817 34729
9169 16539
7383 33787
16137 36205
37375 15407
11495 31859
46997 9745
9535 1763
2085 19997
23555 4741
2031 41921
36563 13307
2373 30979
42499 6583
27201 6975
15563 44217
1405 44565
34225 4777
399 7359
13133 40385
1483 18335
6829 41443
2069 46521
6171 529
36485 35083
44829 42851
41699 42219
7129 505
1465 45467
37463 7865
21959 13571
48987 15951
14033 12005
24785 13681
15687 36481
38681 39311
43671 12899
36931 5211
44525 859
35249 2835
37219 7659
36425 34633
9815 36565
43475 927
42595 12047
26651 15815
11817 20071
13177 43185
39719 15465
42987 105
49787 5885
40863 8917
45581 7775
41859 15615
15383 46309
14083 2077
7293 45871
15971 41851
8517 34071
3477 32627
7301 41189
38739 34513
8295 14379
11337 10499
21861 2619
13377 13199
43683 3915
9105 47047
40437 6787
33641 47305
11849 45391
41919 12435
37763 7497
3071 39825
7857 25121
3481 45811
45645 7655
12791 36383
8787 20079
7685 43203
48213 5195
31671 11809
2755 47803
43891 11477
9371 6263
709 35971
46727 10869
48799 43529
36853 12851
11625 45505
30785 12837
6715 35891
46721 5731
11743 49235
47387 15267
33347 13461
245 24573
22367 13171
49709 38021
4355 19813
49819 13321
13215 35763
9985 29411
7067 36877
21997 2715
33723 9507
3223 45811
10063 37699
9627 49791
14353 43639
10057 33839
36809 6175
44235 10045
24181 7059
38055 10655
7321 45861
14633 47857
3113 27087
6369 25095
34683 12693
8027 25503
5871 13687
10905 12903
12297 17947
42529 46875
43275 10961
9033 22849
21493 11203
40329 10863
33701 11979
13673 8907
6033 42933
36337 12731
16445 34443
46323 43255
17759 9489
46797 9783
33499 3697
385 47369
45291 10865
18995 847
40513 40573
44355 8903
31393 12601
6481 43147
42197 3241
5097 47933
11277 49803
35983 6901
9809 12467
13209 35299
34875 11715
34235 10085
12935 229
47299 45411
36707 38157
39789 36889
12065 12127
42529 2335
5687 2303
8589 41185
19285 6479
42205 33461
8361 27285
6525 14651
9111 48631
7207 4225
10187 47049
41355 15197
10227 40983
31029 16461
15969 28953
15907 48311
4029 15193
23019 661
8239 45547
16457 36587
38185 7979
35617 48925
35031 3897
6341 8767
47813 49509
38911 47087
14971 48831
41939 6919
36011 33817
18489 10857
4907 4903
7325 43907
6335 40381
19017 16281
12495 42803
11949 33537
5869 26853
37519 479
37883 15557
18401 10017
15759 25279
32435 16577
2675 33657
4779 48055
42945 42279
15769 16429
25903 11007
34657 16497
47311 42225
46923 45339
23599 7285
39315 15963
44479 2137
16079 44441
11733 9183
8997 48985
12971 40981
44685 35435
27527 7063
7389 48123
37717 4309
46389 49803
43341 15079
28521 13577
39369 15149
18349 551
5763 47947
25157 2231
755 46171
3617 35051
1089 18151
33807 48877
34065 6287
37297 15965
10413 15111
23469 16429
22163 8355
33787 8449
48055 43895
1377 47509
41285 5411
7933 48437
15165 17837
4343 37989
10793 35167
17881 4633
32947 4179
2501 34159
47819 14023
2641 42197
43591 12683
9675 47637
463 8273
8715 35827
42089 2817
14375 1829
41155 10199
39861 11577
45165 47621
16641 28687
12335 35135
5503 5271
143 20667
42793 48359
11869 38181
229 40737
12395 38721
45715 47337
26503 8341
35075 3425
40405 37405
1617 43411
18053 13893
8487 29575
11597 44975
36873 1713
13585 36641
37353 12419
5331 6619
8367 42283
15625 31617
46361 47659
1455 36675
11261 40917
48635 1117
40241 7665
35393 4529
29237 1553
33319 6935
35665 39831
11063 25307
5883 37985
5357 40881
2749 33339
49659 6989
47733 13149
36099 6639
13187 35105
9687 35395
13791 17861
263 43911
6899 41387
43099 6423
3385 5255
44945 15129
38005 3593
3725 34669
11395 47065
1377 15247
30963 2347
6591 38717
2133 42747
6351 28769
29109 3941
48491 5239
1677 10413
42549 38351
6581 46581
37155 8523
38249 45545
165 29715
8833 20073
16333 39939
3157 11935
12007 25497
32391 6055
34273 1015
10881 36635
14057 5373
1377 1939
12529 39315
10037 11911
10843 43235
13137 42925
1599 23521
36425 16171
10349 39701
2203 34741
39439 7317
4369 44145
35105 12593
48675 4503
48403 9939
4811 47401
4649 43471
4429 34769
9577 16609
37697 42061
6755 36143
13137 4325
2381 36979
12399 44567
35023 4627
10623 22777
6017 34821
15977 44327
13161 38661
13923 46765
48697 43483
3585 39581
5839 42321
37895 1413
40737 16361
25513 13915
42715 7849
8157 34375
47525 39517
38585 10471
12355 40069
45437 5353
38923 3107
3347 36571
15335 23677
34181 6311
43159 35763
9995 46369
9357 41547
4261 35831
14163 20977
34449 7747
14289 37815
6805 5805
42757 16315
44597 379
8517 12639
495 43051
10945 39425
40945 13019
38453 15591
41157 7391
15091 39841
43633 38079
1653 48347
15289 42617
47733 14825
10409 36425
43957 2319
14855 35861
47021 11963
8319 49713
44111 15999
39797 4367
11475 14765
38045 15393
48873 1859
38203 15399
7763 32719
34349 49479
39115 37009
11693 46887
151 35969
41387 455
15515 39885
37161 15267
36983 5231
23029 14231
46053 41395
12125 46121
15093 27775
39867 7031
1365 46947
10647 4077
41159 9289
14329 32285
2737 41749
9437 6243
3039 41841
10011 24839
7079 37549
35433 2421
43339 42633
12125 48887
2639 22563
5105 35959
9579 35257
15961 16697
28557 13659
17465 13733
241 29829
45235 4683
45661 5243
34829 45175
11077 34529
34515 35641
33333 151
2481 34391
7681 47459
36865 7619
42167 3549
44213 13747
16163 38427
6965 49519
39151 9477
14175 16199
5067 9975
15785 48783
43663 35523
13301 44117
8673 48385
47271 48759
3839 33985
2613 42361
37617 47131
9151 40201
3435 33785
24537 3403
7423 42367
27759 15017
19 49893
34563 6051
1651 26111
5493 35051
5329 39691
37253 10079
8691 41915
45145 6925
39645 2131
49583 7259
33879 10113
49231 5393
44577 1259
8775 38875
4381 45349
10279 33629
46541 10831
34459 15861
2163 30615
2097 24727
11413 43047
27857 5631
44699 733
11217 45761
9047 391
1281 41449
43207 13037
39651 1777
11093 38611
5817 33477
4373 34107
14491 41817
4319 11059
3125 47597
7459 2241
38279 1511
12931 36017
3105 36827
45145 11987
1479 47311
8721 42209
45647 3911
6057 8567
16027 43153
17919 7325
15091 49727
4555 45427
18821 7333
47519 48419
3713 35033
38343 14395
9459 42317
859 35727
35379 2827
9875 26199
5199 41131
33839 44849
1709 46041
38277 7629
25005 1451
3941 21867
35351 42135
47029 14561
12901 49951
35261 34697
16221 39773
633 10423
467 44239
8941 47835
39249 15021
15923 33615
10119 39979
12205 9313
449 30211
30435 8753
45885 2247
4941 47753
17749 715
38957 39701
30035 2821
12295 35125
38547 13307
42299 14591
32927 15237
6543 13311
35365 42603
11141 39829
36381 34251
45849 35459
37983 4395
34009 8831
47633 15169
34323 8997
2837 47391
17787 10199
14759 1737
9679 47265
4173 45667
37379 12171
44251 5583
46817 15575
36167 16025
8217 5451
33697 12511
7841 43743
30201 9947
36803 9183
38667 36347
6757 36829
11929 34571
40683 12925
6141 13983
14067 46025
35695 3927
16155 12757
49933 13839
17651 1011
14969 33881
10355 40285
7551 24647
14575 38809
10393 47079
34411 2421
4909 38705
12543 38749
38537 6403
9403 40681
43935 679
11 18023
45325 36185
7993 16133
7385 36901
1305 45271
7427 43831
10813 17341
46905 12989
35117 14155
13969 28549
3941 45175
6597 39935
11609 47649
46015 5125
2799 10081
9375 49221
41723 5069
5005 20191
44883 47759
47503 12277
34265 11199
443 42359
46373 43189
16651 40695
14033 163
47761 401
4101 39795
8607 30105
10389 48205
12177 49585
38469 6767
16483 26623
41549 13225
14137 23851
43393 5581
37815 15035
5959 35573
679 36659
43959 8133
18605 7585
41427 5059
39087 3649
40721 9291
38761 3059
40259 5917
8041 22355
35345 3485
49361 12801
33843 14191
31233 13259
2813 19277
42883 5849
11417 35873
38225 1379
15097 40629
7331 44221
8177 18411
12891 35215
44221 11275
41605 5579
3415 48949
33487 10213
36189 1539
3909 43931
2527 38141
31205 2733
1359 41227
11591 36411
4107 34691
28895 2711
7721 18051
45211 13847
30699 14447
35523 42123
46165 46773
539 30721
15113 43915
9539 1451
7041 22695
317 49947
29009 15715
7951 16411
9869 19501
2713 19713
7211 1949
44641 7541
36857 45475
42295 48831
49653 38205
38641 42317
14837 41305
49941 12787
39139 13217
5951 42885
32563 3685
14163 43373
12239 46851
49051 16095
46369 40121
44997 12401
4643 42489
37679 37233
38397 33805
14269 35893
9055 44477
6991 12393
35483 3457
12777 13231
32055 15301
19023 11609
5523 49795
12121 3355
49835 1389
39083 35929
6615 29393
37089 43625
45205 509
16223 43721
49371 16561
34999 5237
13577 12991
42501 4499
13975 36697
277 4741
48245 8939
41107 4117
40175 40167
2199 32647
35113 9269
23209 11943
21555 5035
1137 47213
43779 13313
47149 13091
5417 15675
9717 33877
12499 38345
141 49333
7459 36125
37263 42781
2033 37487
3427 46331
36265 7197
46203 34347
48157 3447
6911 46307
13661 18423
30333 2609
46663 15613
4061 45489
37117 12325
10583 38541
1755 42899
33771 12961
3583 2799
41069 16363
12823 11353
14845 5471
44969 4831
11879 14885
4583 42693
13253 36103
31865 2863
47837 35869
10539 6863
12321 45663
13551 315
10803 4563
7877 45085
41939 36749
16337 1799
4575 16699
12789 29549
31301 15819
40637 4679
16289 37789
48111 42633
13849 45509
36853 41941
36307 5331
15407 11659
38933 45839
14279 12409
22435 5679
6061 30023
47515 13057
9727 41675
44635 13709
10439 46459
5395 12957
33843 48085
8401 13359
15985 23761
13653 44909
40871 12763
24069 15493
48445 10809
885 43867
13043 38031
40293 5953
40197 9251
16445 46619
32247 14479
7225 42559
18943 3699
11353 40209
41907 6491
18227 5283
47835 12915
4963 39761
42617 34625
1515 48357
18377 629
34251 275
34709 4275
47385 15507
15619 31455
5101 46879
48163 4807
45041 6215
44099 115
14945 12353
48391 39171
49385 10111
16263 35081
329 45277
34251 6235
24725 8657
6501 49843
5787 42859
48257 11537
11983 40691
15477 2661
12719 49039
48229 33887
43175 9777
19493 8109
8613 11067
4131 3165
49837 13991
15993 23635
3489 40479
25475 1519
8021 46913
3143 48315
43893 14641
3511 34545
11095 45487
42831 14607
16281 21965
42363 6479
34043 15753
3295 9651
8295 15165
341 35547
42975 46727
17297 1101
37403 49353
36839 6739
39383 1983
805 34789
9331 38819
35561 2977
33595 13471
48857 49353
12789 37551
8119 30753
33551 5037
45369 14903
37107 16449
45261 7291
41343 11887
34851 5865
15361 35383
42761 9935
15619 45999
517 38843
7223 46701
6635 41685
44807 391
46771 273
13317 3587
9247 45907
1247 7161
13141 36795
10695 7965
6865 42939
5611 11659
11895 22879
31495 8113
9465 14589
49087 981
21641 12051
5497 43773
3985 35295
41767 48847
4783 18571
36629 49169
7675 20269
34883 4253
11359 38887
41453 12027
40165 3015
5445 40787
20743 1535
34671 36409
5913 33561
44979 14011
37281 35823
8583 1903
43563 6065
11041 48857
49653 43953
24633 10751
6325 9073
39147 439
29689 15993
45219 14611
883 35467
42247 2815
511 1371
1525 46281
41851 8493
9709 35193
36167 14587
29577 8695
34775 16443
38439 5727
12209 34355
48841 14783
493 8621
14527 383
11777 10731
2027 39705
889 49927
40345 10769
7497 33405
4455 48005
46537 3099
28997 6995
7269 26589
385 42045
43423 7767
40389 37971
15517 45293
48277 6173
23121 15421
49469 12049
48491 4803
17863 12095
16011 46813
5689 41151
9993 27897
6963 36597
44451 14433
44503 5943
13915 18433
539 38613
16275 48949
39261 439
4411 37847
46489 12389
15665 18275
35567 14893
16583 17671
47023 42861
1861 1325
12433 47443
1753 34423
34387 8001
41735 5677
273 42099
