7500
96973 9007
89859 88501
25961 72067
99457 12173
88341 7669
13851 70231
19277 98881
72479 30691
91865 69529
99795 2073
22565 95043
26197 99313
94881 29687
3809 93347
52943 20601
95253 77505
3245 71129
17829 82269
72415 79403
7155 21855
59131 33139
13331 66669
91517 23729
17197 80409
41963 29233
2091 20059
379 4783
10443 74291
6493 90833
22471 85321
13661 35019
31247 84731
61677 26245
86991 1985
75383 27937
84531 651
23325 64025
14005 68055
68359 29043
11227 65963
31465 98145
23211 2343
85297 12497
27573 88857
79289 23763
19055 83263
81337 5365
85867 15229
98791 25775
11717 24097
7415 61729
5783 74777
25845 25361
92601 13205
12439 74285
94537 95753
25617 82285
23149 12959
18913 71895
20271 17599
6689 94799
75075 13261
75949 18575
52667 11981
9311 69553
28495 25941
74411 27219
14503 62195
94633 72721
61951 31819
2841 63239
83233 5829
26399 98775
16553 34849
78821 17141
84699 81339
36065 19693
90673 5503
27481 88273
62953 7221
20491 7047
50827 24201
77063 22289
2289 69407
7319 67569
21375 84895
18705 96711
4415 38543
7297 16973
77803 21949
719 6605
581 61749
57349 13599
81221 19809
30823 49793
99137 17381
13233 71083
13045 24957
98245 12723
3253 10979
1183 49945
24601 58997
82247 32913
30337 46683
18813 87273
83157 10785
77083 67543
67549 3283
18461 43681
84353 16715
45065 31969
74121 25165
73211 3237
30493 12253
62369 21501
84771 12903
73885 30107
92323 30417
38555 16207
28397 71315
19811 95233
10385 43415
7085 19723
83439 94785
11557 52897
31045 40499
78589 16253
30199 82997
68027 73241
24115 36787
95477 29319
90563 88293
68133 32463
10585 73325
1429 44009
23951 28147
15719 6555
32829 8689
77993 90861
83047 92397
46773 7193
70043 9347
1291 97855
69789 5527
28985 20435
2397 86729
28103 67645
3915 95951
31543 63967
37857 33311
86163 9483
74839 68087
27227 74079
31783 77021
62093 9421
21929 75557
969 77207
32379 2529
71711 33
84433 7171
26733 22601
38673 6863
30143 77115
15521 26009
94751 28001
86949 20839
47617 18167
12299 81737
77111 79877
57471 349
29019 43075
9387 94455
63147 24061
74707 2161
99079 30577
90441 18665
5335 23639
18363 78641
69303 8315
189 82083
94957 18667
82199 80835
67619 5893
7891 72923
26009 90683
63291 4999
66939 24231
95231 16393
25773 74931
99143 23045
94297 32953
28411 99683
92837 19577
77283 9761
11657 69671
86623 31229
84877 15743
37707 26941
32799 67929
18123 91047
96505 14679
84033 80037
29641 74039
82079 28111
25949 5967
74963 31865
78505 15347
15059 16961
78105 16713
4027 93963
25281 35799
71213 12797
81041 33069
75159 18471
71451 30185
80555 81503
97011 23287
17051 49533
98007 31493
28431 5147
28615 71301
78955 17573
30419 70987
65881 895
54063 25505
25761 79295
76097 12151
28655 88761
18169 36113
85605 81317
31145 44341
29091 76893
28149 44223
80613 15037
90263 2485
28891 58855
9293 80549
2221 99671
21 78917
24187 57275
4425 95245
4027 95679
73027 23705
31613 42757
86045 20311
89095 105
19411 76219
26421 69629
4437 82307
18631 80299
96375 11289
75425 96241
16621 60337
20113 73391
83917 18107
26329 10209
23183 36521
24089 19189
24035 81113
99215 31345
33291 6267
69571 85421
22625 74545
3071 30581
89757 71037
24897 71199
7325 87343
65993 13869
39753 13769
99121 2513
28659 80125
83317 19461
20507 76659
17793 98161
17781 87231
68435 31445
19265 39039
3981 21885
65129 28683
17849 70829
171 73487
5705 49199
77109 16961
77247 7543
75009 17387
21001 27823
67547 23993
85919 22535
73219 25861
29655 95785
9759 96729
5829 59757
22373 87331
9747 96517
79511 32133
3241 72903
94425 7963
25929 79493
68983 9191
82215 32593
88957 25797
28891 23357
88529 27253
60067 17457
77943 24263
7437 85347
23283 90203
73391 11179
95187 27647
85827 28795
30033 74093
50981 8505
21801 3927
90157 1841
82883 14311
3541 8763
67969 21395
6873 4371
40841 16401
89693 17989
119 71433
33047 84191
18109 24131
33303 28353
35271 28863
12085 59559
23171 43185
17787 86821
96977 92315
2923 89023
67347 863
74419 82629
17873 73659
4433 29575
3399 98121
21359 52673
38603 14663
92509 16735
20815 76157
69969 80591
12711 39313
25387 68037
92703 1843
12267 34725
66851 12707
97969 90317
98955 9399
7699 95237
14683 19835
1475 36827
97025 11233
15393 82003
78917 31813
1859 83081
93367 14883
165 93655
79617 28111
70289 23415
36383 9233
72187 72907
93961 203
81805 74565
85889 15095
4679 3525
11101 87003
37667 30497
14565 74687
32339 13151
19723 65959
19301 87361
94793 8609
78349 24963
96277 81937
21225 66913
8609 74629
20807 40817
95161 28209
14467 1063
83191 28699
41589 26289
97899 27375
47313 22543
79795 20501
92705 28333
5813 31225
18719 89631
29355 89693
1913 91517
21141 56571
98363 13869
17587 67459
15533 84629
69981 21349
90823 11227
91377 16669
84613 99861
21067 40411
13681 67409
79749 19077
73915 85541
94871 15505
30455 47549
27177 41463
22771 95155
46531 1477
21607 7551
47345 26071
83089 68731
74571 12697
3209 53793
94895 21665
343 73917
99633 1825
54551 8595
12871 76853
82823 22415
47657 18283
2055 4399
83737 23899
12771 31785
5833 90251
69255 93589
30997 43957
73027 19209
24217 81993
2845 73901
95489 88455
43513 2851
47741 14791
23889 4769
28447 6975
29177 18399
53817 11701
83513 88961
75451 11487
77549 17791
42423 19933
95157 27561
27679 67517
97699 68595
53995 21363
27869 75001
20257 27455
92805 11203
83235 92849
99137 16187
94623 28447
1459 80963
75497 10273
54585 15291
2611 50899
45873 13471
76091 7851
39671 13845
99209 16377
71937 13819
17269 33189
40691 20719
19627 70369
13595 81555
1733 78305
72811 72295
12319 58777
30521 16361
7823 27853
2163 31731
7801 97369
84891 17557
81843 12155
24481 94665
30199 44755
50171 18783
16685 90245
68161 24975
59531 16745
71181 70317
27325 28387
58835 10125
8209 99339
11757 55179
22947 56263
71371 12383
4153 80233
8591 72999
88005 20525
68073 33161
15173 74675
20497 86861
20161 78295
18123 75037
96251 3199
74403 31149
92009 20729
74727 3925
22419 69617
17209 38401
957 79523
90153 31147
80145 17693
2545 3251
86449 403
1283 52913
83157 17355
16193 7759
949 29981
21263 81767
63983 79
31907 81967
84171 26795
8263 87111
34829 16569
89353 92427
30719 89981
74751 90165
92773 8847
22777 91333
14363 67737
1063 38745
66767 28633
11129 79823
60669 11901
1983 32095
85919 28695
19649 89193
27919 81375
22213 78879
41281 24509
90091 15759
21005 72223
93497 29363
18125 97241
92043 10737
5889 73349
68849 2421
3781 70571
71481 12067
21289 23227
31587 69317
22781 45731
14341 81697
82227 83841
83561 21983
1453 85077
24651 14833
84743 30541
1509 94883
7779 67747
90817 5631
31663 87127
32181 72133
74745 22885
26437 80011
84411 26431
79657 27191
10413 5049
85959 99763
1455 1667
63117 19253
31127 12275
21961 86657
4723 59507
19199 88731
37033 33165
10043 28931
77203 8899
3133 27095
84559 10123
54871 5247
25765 67877
21139 98125
3195 49969
38579 16157
52649 16785
27771 73881
69053 22501
12767 75871
5289 34795
3063 79809
5 88905
70545 29747
54417 15361
81865 10631
63509 29439
11349 70337
17687 71253
78765 15767
28441 15985
99467 26085
56631 6067
27279 63591
14425 35163
68285 79629
23005 28211
96523 23155
25805 23671
59535 8685
78337 72097
67819 27903
28223 82441
76777 2635
86529 12185
16297 68563
68007 17959
76375 25011
15739 93505
32599 73947
22089 1793
77337 27499
88471 69259
4969 2277
28789 7931
82001 28071
4527 3895
8705 75113
36613 32545
99555 22845
95055 15561
67689 79565
12855 48927
67369 2005
22943 42993
33111 70651
94025 6869
21237 91053
29521 91399
49379 23469
89167 16357
23207 65793
17205 94023
11045 27909
49555 10757
10247 84329
85359 91721
78309 19565
72625 3175
65247 30223
71925 68683
28427 80799
71961 67929
84983 12027
14693 88005
68987 89241
93445 1375
14403 84665
64345 6009
10255 11645
95505 17807
82937 1375
91067 32363
12697 67875
73871 32335
13845 21071
79901 12105
45231 28259
7887 41787
6753 86441
6343 49547
9367 11031
69939 28463
95095 1799
34625 30851
15553 92391
94057 22095
11737 86645
82255 23817
71273 31545
5239 13797
69649 82997
71279 80093
78333 27717
71479 99191
3387 48961
87259 8139
91069 2147
75999 16355
86549 31649
15521 8771
3261 14385
99097 83947
11125 87127
80827 8013
14767 40393
67197 91665
24969 99691
3197 64755
46227 4319
22753 57839
28677 69777
90241 20689
73501 22465
17605 14605
25133 62349
78119 5741
24367 83727
53101 31339
28211 281
78107 97331
85427 2981
19855 95101
31957 72949
23039 17487
26963 37947
25159 71735
94665 87709
58369 5475
71511 32403
29051 67905
95701 93451
31165 95415
80139 9937
4703 29443
75299 8837
93607 5903
32261 52043
899 85865
78035 27715
25697 94001
97453 7033
675 81227
61293 11681
87691 14563
31121 99821
19755 80087
39183 30131
85231 9291
95087 11785
76877 13943
24389 67319
77693 31987
19499 82261
71345 5413
28897 75055
11479 99751
81525 6823
87619 23121
91927 18449
22825 64331
82993 19951
96923 13261
32795 84015
52481 21655
96789 16547
15525 4071
71581 29505
71789 80219
12205 93355
91681 21707
13847 25887
68673 3623
80069 20951
22415 26951
46915 7721
5897 70723
99585 19807
85523 27043
5365 76639
75159 645
79299 21917
81961 84081
2597 71587
44241 17425
71795 10323
72619 27107
73267 17645
5069 42613
3661 5465
72837 2913
94313 95993
79223 27519
22105 93411
59907 18297
25111 30243
86201 22783
40985 9579
78225 25395
1111 41991
67127 1639
81269 13471
10631 74663
29781 20465
27429 3707
1415 8003
35619 27717
30165 92481
93999 28009
737 2973
16573 921
86351 10839
72007 11523
2759 88255
99639 91355
85381 569
14325 83639
33137 14377
76841 22289
72905 7287
31505 49841
61345 6557
86009 23549
81579 21633
72431 96793
71057 8621
76729 19967
32403 7755
69217 15097
31393 66843
90495 6151
92975 16591
14325 64793
86937 72039
51393 23931
28145 58189
21271 82089
61303 6015
55865 14743
89199 94709
12485 92541
30031 89839
8581 74115
84663 25141
67727 68595
31043 68383
15457 36147
82577 96711
1447 89791
77759 89905
72241 4415
71269 7633
81617 30343
90113 7001
74329 69079
22469 12045
8937 94819
7421 68815
91479 18349
85055 87657
54831 14879
98119 29141
14533 38011
3563 81871
71773 86859
83859 13615
3229 29815
83665 21613
86167 14869
82573 18209
9933 81999
8069 19593
23021 49357
49995 20187
29393 80479
7571 75157
29931 47887
49635 28281
78399 12683
15733 23887
83183 21131
11037 70921
9799 87549
23939 86413
11043 37719
33799 16437
83725 4781
79823 2971
14625 46573
42107 14425
24471 71667
72415 87333
70189 13757
93607 8979
12581 75287
887 99479
81523 82501
27857 57987
66569 8925
76609 4611
13269 80045
8071 73667
96985 11947
267 90625
9647 67751
93935 4645
89473 30899
23741 71377
77451 32481
13075 98039
2605 80969
10515 75077
61173 903
39795 7603
31115 67927
73053 12201
74509 29851
92099 98329
32511 1671
13673 97941
17031 54747
16187 96513
10719 90837
12153 71203
3127 79277
68675 13569
22481 71091
26843 82769
89023 5299
7413 44401
94705 6273
92325 1703
73007 95597
11881 69685
74103 25591
87629 13931
25303 3369
84785 88065
98683 7705
551 83459
78743 20759
747 10847
26567 70947
63021 29551
90247 19715
22257 94765
26797 25491
84359 67093
1203 97057
36233 8913
79001 19723
68117 1515
74509 16703
81811 69593
79765 26079
65921 2523
29111 31543
68743 25321
17889 93221
96063 1855
30897 91527
74239 84557
3297 81203
10701 77931
69449 31331
86661 29767
81961 25065
85053 28203
21083 71557
39823 5217
79001 19999
67537 75253
12349 62245
397 48147
75087 31667
25687 2777
27391 63831
26165 96169
89345 84597
3013 67619
26851 8395
92897 29741
30803 77289
30519 53095
31795 69861
28449 34137
77789 6067
56433 9023
19173 33257
25111 13159
22763 81839
23219 47269
67213 12531
1613 99435
82371 75319
26419 64935
74091 22115
97445 31499
6365 81209
32263 75781
18107 74991
80533 18743
3937 75629
2129 95179
13519 74543
21927 64437
93229 27623
80851 74215
56225 5471
32577 67899
63297 18573
77005 85385
24461 21727
33617 20445
93271 29811
71459 5883
74757 9915
16581 31175
25945 55645
82707 94293
9999 98305
95725 27679
33205 66135
39891 1767
82695 19651
19495 96983
83805 29571
33033 16069
96645 28135
68273 5215
10129 32957
18093 37457
32855 54001
95335 96959
70643 7263
13707 3113
27515 76631
3119 69917
27609 85443
15521 58189
21791 56325
53589 22737
70867 20725
30247 68103
10497 97635
28055 17801
1511 54865
31991 5349
39157 455
53037 13833
1329 83813
17783 27031
13061 55163
21011 68017
70873 2715
28001 79795
67021 18529
99429 23197
58325 21641
17451 36353
24817 15023
16457 85689
839 99917
701 1783
16889 96099
2699 68385
55839 5569
10007 44361
67645 26775
6855 78885
30529 51519
3737 64967
60645 18859
4747 37021
88129 12839
30743 95995
26631 5795
94745 26519
9133 81141
18643 72647
99273 29535
6111 50919
16721 69935
80603 84765
4043 67583
90827 95689
95163 13387
411 71325
6187 96827
6745 13705
28283 18193
94433 4115
16503 69017
73611 9517
32843 5819
27931 82067
41313 13773
73573 67877
9639 86569
3637 36879
63759 6107
11221 89135
91947 5109
31013 97627
10509 42499
12907 67153
25407 51553
9355 72653
12487 71149
20791 3143
87027 92083
79267 23011
53203 4971
99393 84473
32799 66959
12479 91425
669 81699
1007 95055
16101 62009
23275 68771
12149 86969
94135 81667
62045 13529
32279 86565
94153 67247
76339 9439
11181 70827
9853 93861
54621 2597
16525 72935
56499 18153
80641 22077
27923 7795
70165 83079
17865 81219
84131 25645
64747 613
71297 5931
71887 227
89585 88517
433 36343
8909 70123
78529 29685
29473 90705
1023 88175
45949 10887
12119 23641
31687 97027
5763 85083
78897 9129
14255 83399
905 88557
25887 57279
73883 71683
27207 87395
8447 51377
5825 20907
3815 77755
14229 8011
33097 47117
65491 3459
20933 91233
56075 29533
11431 13367
93041 9127
10835 86429
77097 543
96041 10777
96257 84253
32337 75619
4653 94379
35441 13907
33051 76437
84527 69073
6807 77043
97927 79247
20539 90157
29837 80419
27741 86553
56637 5479
81921 86627
24035 86917
74721 24683
23223 52403
14777 87967
14941 99305
50923 3453
97617 75761
5247 66147
97677 1211
81699 75563
1637 78103
83405 26721
88905 21945
43935 8113
97913 11087
14639 71969
21871 11879
14047 47373
18143 32019
24171 31529
75261 24293
22775 17013
31739 26293
97287 17637
98995 15155
94781 4615
44801 27659
29899 98373
11947 47475
14297 45659
28457 40619
76955 11625
81577 17125
23837 96743
98549 21493
82559 27103
24585 77593
29453 83587
20141 27571
38155 5213
76573 1233
10811 22195
2173 94265
20331 86781
7895 71269
68441 1699
5481 71017
96005 27661
96589 93081
72969 30599
76399 90963
3279 83007
14433 73967
1833 92027
475 13925
90089 9177
30279 93153
68797 23183
74599 8695
8963 30257
70141 76519
7963 26297
27951 14317
52555 1689
46437 28893
77949 11661
5883 93319
22729 70547
72407 5791
25173 91001
93631 21445
83431 87203
86829 32319
75349 82021
71125 25427
17645 37341
7515 76275
21321 81085
17087 93787
32561 72493
24663 99381
68487 66815
66885 15293
81929 99529
76351 97921
11829 87829
55037 16593
3547 55051
73325 14947
43593 32209
31093 92643
4485 69155
2329 83111
67829 30049
77143 19407
70295 3113
5877 31773
74407 84935
21867 72807
20503 93903
49439 16925
16521 17143
94267 22227
24393 74271
5965 87233
8615 16061
56873 29971
71879 6911
27011 80723
73121 21503
97095 23325
3003 63339
20325 86953
935 91493
54187 29365
977 53915
24257 51127
15121 97411
54419 9237
34247 28521
67493 613
61283 27353
2715 82885
80993 97499
58935 9691
29365 30667
36913 11717
4927 75909
94827 25827
98723 27223
11417 17705
99313 66833
75143 75005
30009 73941
20065 78905
8151 74645
95481 11403
17945 77875
1485 19681
76815 4885
9819 82845
5435 17433
72293 98533
34289 4465
99577 3435
82977 27933
85707 20079
23221 58555
90815 22757
30525 12109
4451 68159
22343 73253
67151 75647
20721 72307
19517 16659
1179 14909
69459 3919
61743 33095
93017 26049
25207 66779
93829 15207
32503 93499
24559 75985
53339 16685
69927 23699
79483 68727
86705 15619
16349 15225
81855 30777
9397 71765
8099 98239
88863 15897
81355 20453
31961 8745
12223 36341
26563 37273
77535 32575
45527 5267
25205 77749
96543 31721
49839 3783
75493 19165
25275 3967
23239 95837
33215 12633
18957 76455
70147 579
24163 52785
17419 32671
21463 37329
36633 16241
22943 28057
77369 10847
97787 86869
16937 79145
86697 11995
9503 95387
26875 8917
3393 87101
6087 87739
21975 76033
22967 39923
32541 83251
33889 15199
30425 93779
73375 13853
2793 87581
85269 96999
72535 23727
2443 91139
95601 16685
88837 11277
1069 71141
25035 23213
24957 97937
20397 85697
13081 92917
8607 91187
28119 94843
9037 32161
28801 21405
30647 64593
69645 431
29235 13609
15865 5853
72283 72129
28301 53237
90139 21917
26159 78749
78633 82901
47307 1865
96321 1605
68841 10183
23663 66765
20803 21573
7831 69081
5557 95859
13351 91669
36169 4401
18355 96771
5423 82309
89435 30117
8191 85647
30337 50951
24751 83423
79993 997
8899 92993
14645 69471
31689 31389
10415 78179
49977 19691
81837 2299
22699 36935
15121 30771
25369 53661
97965 23579
68865 11367
33765 441
77491 20199
75533 31701
24617 97273
17185 74899
3807 91667
87725 2491
87041 21225
96729 1037
25825 55531
94301 11035
6033 68685
7287 71055
57061 15289
71155 1491
88733 23647
3183 84349
32281 99417
72799 7613
2789 14017
92933 25401
31897 4125
70567 597
76111 87707
7243 87911
81917 4851
95017 11709
15943 96459
81229 22541
69507 17749
433 94675
30821 94595
75923 15295
21929 98305
87507 20777
91523 6879
19699 18945
99765 26159
42641 10215
22589 1613
15137 69221
90001 23665
32009 82953
85095 26705
97437 96859
9113 21483
23517 74493
96921 26937
55345 23797
89491 4195
70353 15219
78073 16859
17527 90533
32317 56505
86963 6285
69373 88829
18621 62767
72415 12983
30995 62639
9127 61163
20021 7487
38051 25085
99099 17497
12055 17671
29019 95455
9375 91507
98323 84055
29603 93869
16093 77283
67125 19007
14725 47713
20885 643
18475 96713
78395 13091
7279 71969
30779 1977
27683 25689
44959 15343
48125 6893
36963 723
93375 4747
29993 52923
81495 28853
14315 68383
25959 87767
21511 99139
71367 16837
78027 81295
25129 88329
9991 75575
89119 30535
13219 96419
83983 10945
13677 72203
72597 91883
12143 53595
13369 50289
26303 25731
72069 96323
28233 2695
4187 70523
26081 84011
4021 66927
6037 47761
85095 26183
96845 93313
93351 1135
95349 15215
4857 68017
28225 88397
3499 86165
70119 16809
78293 3375
4027 83637
57921 31205
32217 86783
30137 78583
31591 86393
1071 68949
10681 98237
95231 27813
1817 68061
25835 33205
24049 83785
16137 86203
87373 32073
11495 48525
80329 26411
9535 18429
2085 36663
40221 21407
2031 75253
86561 29973
2373 64311
75831 6583
43867 23641
15563 77549
1405 77897
67557 21443
17065 7359
13133 73717
1483 51667
6829 74775
2069 96519
22837 17195
86483 68415
78161 76183
75031 75551
23795 17171
18131 95465
87461 24531
55291 30237
98985 32617
14033 28671
41451 30347
15687 69813
88679 72643
93669 29565
70263 5211
77857 859
68581 19501
87217 24325
69757 84631
9815 69897
93473 927
92593 28713
43317 32481
28483 53403
13177 93183
73051 32131
76319 105
99785 5885
90861 8917
95579 7775
91857 32281
15383 79641
14083 18743
7293 95869
15971 91849
25183 67403
3477 65959
7301 91187
72071 67845
8295 14379
28003 10499
55193 2619
30043 29865
77015 20581
25771 97045
73769 6787
83639 80637
11849 95389
75251 29101
71095 7497
19737 89823
24523 58453
20147 79143
95643 24321
29457 69715
25453 36745
24351 76535
81545 21861
48337 28475
19421 81135
93889 28143
26037 6263
709 69303
80059 10869
98797 76861
70185 12851
11625 78837
64117 12837
23381 85889
80053 5731
28409 99233
97385 15267
66679 13461
16911 57905
39033 13171
83041 71353
4355 53145
83151 29987
13215 69095
26651 62743
7067 70209
55329 2715
67055 26173
19889 79143
26729 71031
9627 99789
14353 76971
10057 67171
70141 22841
77567 26711
57513 7059
88053 10655
7321 95859
14633 97855
3113 60419
6369 41761
84681 12693
24693 42169
5871 13687
27571 29569
28963 34613
92527 96873
76607 10961
25699 39515
38159 11203
90327 27529
67033 28645
13673 8907
6033 76265
69669 29397
33111 67775
96321 76587
51091 9489
96795 9783
83497 3697
17051 97367
95289 10865
35661 847
73845 73905
94353 8903
64725 29267
23147 93145
75529 19907
5097 81265
27943 99801
85981 23567
9809 29133
13209 68631
68207 11715
84233 26751
29601 16895
80631 78743
86705 88155
73121 86887
28731 28793
75861 19001
22353 18969
8589 91183
52617 6479
92203 83459
8361 43951
6525 31317
25777 81963
7207 4225
10187 97047
74687 31863
26893 74315
47695 33127
15969 45619
15907 81643
20695 15193
56351 661
8239 78879
33123 69919
88183 7979
85615 82257
68363 20563
6341 25433
81145 99507
88909 97085
31637 82163
75271 6919
69343 83815
51821 10857
21573 21569
23991 93905
23001 90379
52349 16281
29161 76135
11949 66869
5869 60185
87517 17145
87881 15557
51733 26683
15759 58611
65767 33243
19341 83655
21445 81387
92943 92277
15769 16429
59235 11007
84655 33163
80643 75557
80255 95337
40265 7285
72647 15963
77811 2137
16079 94439
11733 9183
25663 98983
12971 90979
94683 68767
60859 7063
24055 81455
87715 4309
96387 83135
93339 15079
45187 30243
72701 15149
35015 17217
5763 81279
58489 2231
755 96169
3617 85049
17755 51483
67139 82209
67397 22953
87295 32631
27079 31777
56801 33095
38829 25021
67119 25115
98053 93893
18043 80841
91283 5411
24599 81769
31831 51169
4343 71321
27459 68499
51213 21299
66279 4179
19167 67491
97817 30689
2641 92195
76923 29349
26341 97635
17129 8273
25381 69159
92087 2817
31041 1829
91153 10199
89859 28243
95163 80953
33307 45353
29001 68467
22169 5271
143 37333
76125 98357
11869 71513
16895 90735
12395 72053
79047 80669
43169 8341
68407 20091
90403 87403
1617 76743
34719 13893
8487 62907
11597 78307
86871 1713
13585 69973
87351 12419
21997 23285
8367 75615
32291 64949
79693 97657
1455 70007
27927 90915
98633 1117
90239 24331
68725 4529
62569 1553
49985 6935
68997 73163
11063 58639
5883 71317
5357 74213
19415 83337
82991 6989
81065 13149
69431 6639
13187 68437
26353 68727
13791 34527
16929 93909
23565 74719
76431 6423
3385 21921
78277 15129
71337 20259
20391 84667
11395 97063
18043 15247
64295 2347
23257 88715
18799 76079
6351 62101
45775 3941
98489 21905
1677 10413
75881 71683
23247 96579
70487 25189
88247 95543
16831 63047
8833 53405
16333 89937
19823 28601
12007 58829
65723 6055
84271 1015
27547 86633
14057 22039
1377 18605
12529 72647
10037 28577
27509 93233
29803 76257
1599 56853
86423 16171
27015 89699
18869 84739
89437 23983
21035 94143
68437 29259
98673 4503
98401 9939
4811 80733
21315 76803
4429 68101
26243 33275
87695 92059
23421 86141
13137 4325
2381 70311
29065 77899
85021 21293
27289 56109
6017 68153
15977 94325
13161 71993
30589 80097
98695 93481
20251 72913
22505 75653
87893 18079
74069 16361
58845 13915
92713 7849
24823 67707
80857 72849
88583 27137
29021 90067
78769 5353
72255 19773
3347 86569
15335 40343
67513 22977
76491 85761
26661 96367
9357 74879
4261 85829
30829 37643
84447 24413
30955 87813
23471 22471
76089 32981
77929 379
8517 12639
495 76383
10945 89423
90943 13019
88451 15591
74489 7391
15091 73173
93631 71411
1653 98345
15289 75949
81065 31491
27075 69757
93955 18985
31521 85859
80353 28629
8319 83045
77443 15999
89795 4367
28141 31431
88043 32059
82205 18525
88201 15399
7763 49385
84347 99477
72447 70341
28359 96885
16817 85967
74719 17121
32181 89883
70493 31933
86981 21897
39695 14231
96051 91393
28791 96119
31759 61107
73199 7031
18031 80279
27313 4077
91157 25955
30995 48951
19403 75081
26103 22909
19705 91839
26677 58171
7079 87547
85431 2421
76671 92631
28791 98885
19305 55895
21771 69291
26245 85255
32627 33363
61889 30325
34131 30399
16907 46495
95233 4683
78993 5243
68161 78507
11077 67861
84513 68973
66665 151
2481 84389
7681 80791
70197 24285
92165 20215
94211 13747
16163 71759
6965 99517
72483 26143
30841 32865
5067 9975
15785 82115
76995 85521
29967 77449
8673 98383
80603 98757
20505 83983
2613 75693
70949 80463
25817 73533
20101 83783
57869 20069
24089 75699
61091 31683
16685 99891
84561 6051
1651 59443
5493 85049
21995 89689
87251 10079
25357 91913
95143 23591
89643 18797
82915 23925
83877 10113
82563 5393
77909 17925
25441 72207
4381 78681
26945 66961
96539 27497
84457 15861
18829 47281
2097 41393
11413 93045
44523 22297
78031 733
27883 95759
25713 391
17947 91447
76539 13037
89649 1777
27759 71943
22483 83475
4373 84105
14491 75149
4319 27725
3125 80929
7459 18907
71611 18177
12931 69349
3105 70159
95143 11987
18145 80643
8721 92207
95645 3911
22723 25233
32693 76485
34585 23991
15091 83059
4555 95425
52153 23999
97517 98417
20379 85031
71675 31061
26125 92315
859 69059
85377 19493
9875 59531
21865 74463
67171 78181
18375 96039
71609 7629
41671 18117
3941 38533
68683 75467
80361 31227
12901 83283
68593 68029
32887 73105
17299 27089
17133 94237
25607 97833
72581 31687
15923 83613
10119 73311
28871 9313
449 63543
63767 25419
79217 2247
4941 81085
34415 17381
72289 73033
63367 2821
28961 68457
88545 29973
75631 31257
49593 31903
23209 29977
68697 92601
27807 73161
86379 67583
79181 68791
71315 4395
67341 8831
97631 31835
67655 8997
19503 80723
51119 10199
31425 1737
26345 97263
20839 78999
87377 28837
94249 22249
80149 15575
69499 16025
8217 5451
67029 29177
24507 77075
46867 26613
86801 9183
71999 86345
23423 70161
11929 67903
90681 12925
22807 13983
30733 96023
69027 20593
16155 12757
99931 13839
50983 1011
14969 67213
27021 73617
7551 41313
14575 72141
27059 80411
67743 19087
4909 88703
29209 88747
88535 6403
26069 90679
77267 17345
11 34689
95323 86183
24659 32799
7385 70233
1305 78603
24093 93829
27479 50673
80237 29655
68449 30821
13969 45215
20607 95173
6597 89933
28275 97647
96013 21791
19465 10081
26041 99219
91721 5069
5005 53523
94881 97757
80835 12277
84263 27865
17109 92357
96371 76521
16651 74027
30699 16829
97759 17067
4101 89793
8607 46771
27055 98203
28843 99583
88467 6767
16483 59955
91547 29891
14137 57183
93391 22247
71147 31701
5959 68905
679 86657
77291 24799
51937 24251
91425 21725
72419 3649
90719 9291
72093 19725
90257 5917
24707 55687
85343 3485
82693 12801
67175 30857
64565 13259
2813 52609
92881 5849
28083 85871
88223 1379
15097 73961
23997 77553
8177 51743
29557 68547
77553 27941
91603 22245
3415 98947
66819 10213
69521 1539
20575 77263
2527 88139
64537 2733
1359 91225
28257 86409
20773 84689
45561 19377
24387 51383
78543 30513
64031 31113
68855 75455
96163 96771
539 47387
31779 93913
26205 18117
23707 56027
16983 83279
45675 32381
7951 16411
26535 52833
2713 36379
23877 18615
94639 7541
86855 78807
75627 98829
82985 88203
71973 75649
31503 74637
83273 29453
72471 13217
5951 76217
49229 20351
30829 93371
28905 96849
99049 16095
79701 73453
94995 12401
4643 92487
87677 87231
88395 67137
30935 69225
9055 77809
6991 29059
68815 20123
29443 13231
48721 31967
52355 28275
5523 83127
28787 20021
83167 18055
89081 69261
6615 46059
70421 93623
78537 17175
32889 77053
99369 16561
84997 5237
13577 12991
75833 4499
30641 86695
277 21407
98243 25605
74439 4117
90173 90165
18865 49313
85111 25935
56541 11943
38221 21701
1137 97211
93777 13313
80481 13091
5417 15675
9717 83875
12499 88343
16807 99331
24125 69457
87261 92779
2033 70819
20093 96329
69597 7197
96201 67679
81489 20113
6911 79639
30327 51755
46999 19275
96661 15613
4061 95487
70449 28991
27249 88539
18421 76231
83769 12961
3583 19465
91067 33029
12823 28019
14845 5471
94967 21497
28545 31551
21249 92691
13253 86101
48531 2863
81169 85867
27205 6863
12321 78995
30217 16981
10803 21229
7877 95083
91937 86747
16337 1799
4575 50031
29455 62881
64633 15819
90635 4679
16289 71121
81443 75965
13849 95507
86851 91939
86305 5331
32073 11659
72265 79171
30945 12409
55767 5679
22727 46689
97513 13057
9727 75007
77967 30375
27105 96457
22061 12957
83841 98083
8401 30025
15985 57093
30319 78241
74203 12763
57401 15493
81777 10809
17551 77199
29709 88029
90291 5953
73529 25917
33111 79951
48913 14479
23891 75891
52275 20365
28019 90207
75239 6491
34893 5283
97833 12915
4963 73093
92615 84623
1515 98355
51709 17295
84249 275
84707 20941
80717 32173
15619 64787
5101 96877
81495 21473
78373 22881
77431 16781
31611 29019
98389 89169
99383 10111
16263 68413
329 95275
67583 22901
58057 25323
6501 99841
22453 92857
98255 28203
11983 74023
15477 19327
29385 99037
98227 67219
76507 26443
36159 8109
25279 11067
4131 3165
83169 30657
32659 40301
20155 90477
42141 18185
8021 80245
19809 98313
93891 31307
3511 67877
11095 95485
92829 14607
16281 38631
75695 23145
84041 32419
3295 9651
24961 31831
17007 68879
92973 96725
33963 1101
70735 99351
70171 6739
89381 1983
17471 68121
9331 72151
85559 2977
66927 30137
98855 82685
29455 87549
8119 47419
83549 21703
95367 14903
70439 33115
95259 7291
74675 11887
84849 5865
32027 68715
92759 9935
32285 79331
17183 88841
7223 96699
6635 91683
94805 391
96769 16939
29983 3587
25913 79239
17913 7161
13141 70127
10695 7965
23531 92937
22277 11659
28561 56211
48161 24779
9465 14589
82419 17647
54973 12051
5497 77105
3985 85293
75099 98845
4783 51903
69961 82501
7675 36935
68215 20919
28025 88885
74785 12027
73497 19681
22111 90785
37409 1535
84669 86407
22579 83559
78311 30677
87279 69155
25249 1903
76895 6065
27707 98855
82985 77285
57965 10751
22991 9073
89145 17105
63021 32659
78551 31277
883 85465
75579 2815
511 18037
1525 96279
91849 8493
9709 85191
69499 14587
62909 25361
84773 16443
88437 5727
28875 67687
82173 14783
17159 25287
31193 17049
28443 27397
2027 89703
889 99925
73677 27435
7497 66737
21121 98003
96535 19765
62329 6995
23935 43255
385 75377
76755 24433
73721 87969
15517 95291
98275 6173
56453 32087
82801 12049
98489 4803
34529 12095
16011 96811
22355 74483
26659 44563
6963 86595
94449 31099
77835 22609
13915 51765
539 71945
32941 82281
72593 17105
4411 71179
79821 29055
32331 51607
68899 14893
33249 51003
80355 92859
1861 1325
12433 97441
18419 67755
67719 8001
75067 22343
16939 75431
145 60077
68593 97275
5763 90571
89105 5255
82263 14311
98491 25503
55799 30381
32583 30215
79277 27289
17743 81625
8907 29853
81191 8091
17805 46219
95967 86605
79961 17417
56959 19529
70021 6993
28295 22147
11807 8209
82693 14381
29207 92389
48053 3967
97169 10793
88159 79989
7685 93027
11503 90309
21641 58129
82003 5391
78405 10937
81121 13871
24869 90551
83413 80203
75343 11203
19407 72175
14979 67133
47423 27807
99897 30435
92229 28011
86341 31319
19087 87535
17213 51831
64243 30109
4257 241
79243 18765
16631 27601
77203 31159
80865 1185
66933 6717
3343 88591
43183 28063
7541 82571
17067 98761
5429 69407
27493 76687
87819 5051
88931 29711
84939 31177
71913 29025
80253 26743
30215 49503
31825 59459
88217 93783
72355 24875
83221 1695
82505 84113
70599 85363
7193 76783
20107 35537
17887 90175
18615 96457
92199 83129
14081 649
97479 16187
17003 21283
79869 18083
96269 67671
84751 9299
6315 84921
5011 53295
76417 89887
93125 7891
91579 7717
79417 69999
32641 85519
83347 12049
26139 89259
23949 4595
16403 51397
11565 74733
5075 35139
77657 91695
351 18265
25287 18267
27147 19241
32545 66729
11971 94547
33139 41459
81497 25023
13279 74853
3691 24515
1863 62585
20229 85627
88505 17815
16271 55479
8273 95417
17457 90881
85107 84063
32119 28527
27681 94969
85749 6913
69895 88567
9885 59749
73223 14469
80951 77703
23639 72667
20851 3885
5417 70871
96757 29147
38591 7029
24061 67197
4409 96547
67577 94427
92095 3253
29805 34991
11797 74857
21089 68459
4865 78381
42807 21157
51813 13349
92467 13457
12631 85271
88629 4733
20715 26193
68121 20129
20417 49265
99341 80163
10395 72971
69349 31271
67545 25207
19381 80057
13449 99825
75557 32767
90167 67193
7789 56331
18049 74553
80427 6787
16665 65375
22993 67035
6081 52129
8361 96843
79827 28719
10063 6455
7701 91997
23111 94231
32047 85839
68593 17697
72845 78529
6073 57983
76055 18291
81239 8151
2483 71433
49753 11025
72255 97049
81749 30911
15673 82101
81299 96077
40021 22833
23663 80477
21421 98055
16707 42233
86495 89435
13449 74885
32989 89105
28239 497
9311 71287
18239 58071
44317 29193
443 74727
29467 41063
81837 19901
53283 28441
23173 57603
31985 85457
76245 35
24583 60785
13231 78681
85213 26699
87657 5881
22641 74129
70537 15089
5177 32535
79571 71961
72071 19317
23671 73777
33309 71345
22881 84741
67803 21071
97549 14503
98399 31949
86191 19855
88807 10315
21409 39673
1715 94369
619 73715
28281 98093
93537 99735
89579 5071
91423 89001
4597 31401
31739 89447
38699 11227
96439 70603
55987 27175
83923 17467
96897 75203
15657 46735
28881 46335
28459 84421
2355 90669
71687 10539
2391 38927
98803 10519
70275 5717
7113 98583
55383 13765
2085 59693
21611 96403
77105 77633
72963 19363
57055 10949
15561 19773
76531 81711
36887 19827
23317 86067
74417 15759
39707 5725
88099 13691
51889 14033
695 97583
6541 37229
87247 17471
12097 64541
27787 22233
98661 26165
91523 7481
79219 20803
3143 91155
25827 26541
91191 73501
69307 96647
75513 14123
779 27589
95051 26579
17621 87185
20323 70617
88571 31659
85597 84315
84927 1477
58565 32313
50651 9255
20887 68701
15571 76469
45031 5871
71811 30319
76407 18163
79383 84585
10379 20167
27287 15457
74679 7657
3979 18501
68307 593
4811 66949
79257 27735
76897 86071
1849 27187
5661 96521
87653 26683
41061 18421
86111 73513
85255 6055
78159 3531
90335 21641
19329 67573
84791 84865
9881 74615
21523 92413
13409 25357
58973 22433
96077 97233
37701 1117
9817 72691
24435 27285
8479 67483
52833 1973
27683 37581
86891 9037
18899 6281
96499 91813
2665 85361
90045 3343
5157 86845
2559 77307
74283 90209
11309 23663
96951 73255
93715 18843
57357 19841
22327 98133
11633 4073
9609 19287
27007 74163
6931 17563
70095 11275
89653 79961
32111 28331
94771 4621
95287 22523
11901 71813
69581 28629
45571 23477
8377 91855
72205 19967
31641 58315
26357 89831
72849 26603
70657 6689
16725 14405
90279 2021
9567 64655
20917 94163
22351 77659
56925 5345
32649 95211
28507 59703
12843 27103
23447 70411
18973 64667
30377 99897
82803 26629
7079 88163
10289 73375
9645 11941
31505 65683
367 78477
81639 14625
11599 49425
68669 7483
71259 94229
84711 9183
82577 10357
86167 4405
93791 13163
94125 24585
14991 75473
15779 99513
11669 28743
78693 2551
73771 87941
23497 57249
31525 94259
12987 30717
36559 8801
75039 89895
80097 10961
59867 26313
56131 23193
31771 2159
21863 27783
99947 24997
89881 29487
19519 77587
49603 24035
67535 29941
1355 96055
85079 26707
9965 93187
19641 80549
18029 44643
72267 83343
17445 30057
14709 84817
21541 13733
22899 83523
92495 16547
87421 1767
1391 86889
33235 26563
17577 92437
75731 23873
97915 32915
14385 47057
55319 24173
24993 87169
8233 96645
21767 99099
24899 95861
17099 89151
82399 12567
18723 83767
19017 88897
683 38581
93605 2327
1541 48753
67199 69709
77519 7765
6339 86523
70383 12763
87161 76849
25577 33075
30601 95433
15093 57201
19893 82413
77437 9381
8497 29965
4625 92419
16095 15423
95497 14009
29149 97079
32433 39105
87553 90027
97643 1045
13183 64069
8469 63195
14933 92909
91625 86143
14073 94851
68227 29091
74053 72121
11247 21733
31357 89211
32981 96833
27081 48021
68909 23347
78537 85023
20519 39925
543 77651
2867 87947
22845 8555
4479 83051
28269 97001
13271 74865
17479 20097
54179 16349
29091 15333
25301 25067
76631 28507
6137 89427
98761 17523
13361 70317
98175 91421
67239 1913
81543 22665
11523 16663
2985 77741
23021 77673
2101 67599
7477 73305
10877 22103
91357 11903
17835 67175
88583 12549
92083 12249
59983 13281
79971 23263
22017 45109
30253 50789
67741 28365
15171 91045
31267 37289
21661 86363
235 19479
79819 11035
27587 19711
57181 14165
99927 26517
8425 53575
4331 67899
96115 13557
99739 22589
28235 93095
85787 5351
943 92751
79253 96507
20079 27511
90585 4995
67055 22725
94539 9311
10405 83921
85887 10375
71295 15317
89541 1209
18237 93077
16771 21963
1315 80783
3983 26725
84123 1201
97073 26083
89391 67437
18211 27175
70337 67173
24899 81065
89571 29327
30289 94469
11775 4319
74107 4137
32023 99365
94003 68795
26333 90023
15253 99791
2241 91013
84875 4555
27701 63511
13857 85139
34973 30197
79869 23047
90971 1431
18145 74777
72345 22851
87447 32693
14861 84519
31427 83415
97171 6643
29181 21043
39445 13895
10729 94813
77771 96319
30555 73525
28837 71165
26901 92183
17173 71437
8653 46553
22863 97805
76449 77475
17831 72725
93925 30365
95347 16467
14383 18155
90359 30795
30945 4263
15359 23425
28559 80519
163 44129
8353 89915
29567 89203
62291 32379
67859 11165
70817 94861
26145 36077
84243 98107
18325 52423
85141 10939
73857 9407
87065 82999
22223 81923
73423 17465
14963 66993
16817 36149
83155 18611
87115 9533
30891 94439
4107 5989
98373 84711
14985 84155
83847 5357
27239 89705
89135 71937
30403 35035
69493 67023
51011 1707
87997 24381
91557 86637
75433 82205
11689 36347
29921 72901
43301 27209
4163 80669
20531 88449
293 74213
30535 1701
5513 20657
70189 30943
13261 78081
93103 80949
28703 76447
34383 22873
2463 91023
86821 15287
78193 3075
11929 16163
19891 31369
79541 24689
797 85341
25805 80363
25997 56285
99005 9301
55409 3471
76107 14869
27129 94923
75589 96953
46321 16381
26999 31199
86469 10783
95349 15927
6201 74073
14263 18179
16113 68819
1393 55603
19423 89441
20261 91577
27069 12707
72379 14307
86585 18329
4993 28283
99471 74377
68389 27191
35 77109
77745 8397
20527 71879
96665 18047
21447 53523
27845 48393
6105 87105
53763 5925
33323 94241
8089 75863
91957 23379
25779 19977
9553 73351
30721 91337
79289 9919
31377 32423
94297 77213
56733 16523
49659 33077
59815 29687
72235 99483
88611 16917
88091 27517
41115 31829
12807 57359
3139 28341
73833 16271
30755 92311
4193 76157
88377 73885
22023 12405
78801 28017
50843 25583
73545 32583
38633 32595
59565 8177
24717 52489
76939 16235
81445 74829
80579 30643
7929 87907
95209 31649
97795 23961
98981 20495
15007 24897
73729 9255
20891 98153
99295 66807
95923 31437
97249 6873
74545 26209
31515 21955
97951 92519
4255 45371
27257 71571
99905 84895
11001 19617
90617 87523
53791 16637
28527 1903
7431 90225
58325 2111
7975 22695
97527 99855
8835 74685
4397 94875
22349 19893
88691 2711
557 40115
53599 21635
19495 62301
21835 90585
3945 73811
90703 67189
94205 5177
11721 81165
18579 71353
98833 72973
15443 76241
12225 41161
79115 8233
95155 1365
98705 99835
89945 27127
54367 23929
20269 38567
20637 61027
79507 88819
83239 26993
85663 26255
74657 24223
6663 30963
81757 33277
16883 25453
22095 68869
77425 20913
41921 15049
3233 76485
80261 25925
19455 72499
18599 68585
19719 4849
23333 65021
18169 37725
29999 93175
79649 17535
68971 76447
19781 66443
32231 97329
11279 44947
17919 9729
17631 50907
39475 21957
2711 32679
22091 45881
29359 30905
22493 82243
15217 96551
4915 75423
14257 59961
94145 84027
30045 44951
79665 947
81811 7243
477 45893
89725 19307
31595 75181
10293 16601
89607 98705
1021 2747
2547 67239
18657 92373
79705 7045
67229 22773
23579 24791
77545 32909
26055 8347
23647 94217
26557 47297
85727 2127
90529 72693
69073 91261
31169 70163
80759 80823
27001 99295
57395 3913
71353 15591
97971 5671
25823 8785
27827 89661
95395 32949
25819 97003
7569 93091
15475 73141
75217 20155
27041 73861
14207 14215
72749 22159
32423 75751
83077 19995
25547 81039
87195 25425
87305 32771
26371 74425
4361 26321
27083 39327
31825 98025
70963 28475
18337 82115
76991 12081
5801 18823
17515 80305
22993 18085
80671 78983
31267 70081
71121 801
6269 40713
72567 78793
72143 27875
12725 87005
17629 42779
91719 9283
29069 53425
10545 8505
91547 9459
13755 86567
32639 2647
93105 419
48997 19603
86967 94479
99911 77967
27487 72101
60845 17251
18723 39453
10375 24915
77033 88639
6673 92953
84177 85821
31575 21703
7347 62773
42345 24767
76549 15227
63097 21511
82069 14271
16237 87743
7745 36489
79613 2869
75243 29683
81295 99059
90807 88907
80741 7229
47113 1779
53641 29671
11399 67471
13491 12149
97667 31355
26543 80447
11771 68729
12841 86993
97081 12083
27479 46635
95351 30321
56679 14523
13055 8175
85561 91087
58577 20301
14107 94403
20453 82077
21551 82357
30777 97117
7999 12999
6541 86727
63431 15257
73001 18835
4331 70803
22219 93487
89941 79097
81325 99839
15365 95275
72099 21293
87507 84317
81105 23605
83581 14789
43137 22087
7815 89587
66379 13765
21703 93611
2399 8949
91591 3101
30631 90909
78299 32801
67365 26891
79211 33283
76139 81999
1711 46193
5459 85109
73321 18687
98769 21163
92699 31143
95679 30171
78051 21497
3955 46267
72749 77739
16799 42003
83701 80995
9837 70169
63555 32857
41291 23301
4349 31891
17265 69031
17501 80847
12411 21271
10255 73805
541 1021
93111 78769
90703 31441
73897 20427
29859 31503
6679 73627
29087 70587
42329 5635
43565 13645
15273 2391
17293 73433
31029 88785
25995 50455
80319 923
17817 90689
14117 72837
20281 38677
31617 78771
31399 1953
5323 90869
2495 74343
72125 6387
92941 98641
85957 84331
9617 70615
87283 89105
11165 69205
98343 18993
11187 31431
8347 68977
18741 78255
77397 12661
94913 32195
20287 87761
96459 76605
90099 5391
68241 11357
19763 88693
50467 17361
33345 14403
26731 96759
23075 96757
28243 88811
20541 6959
3805 86955
83077 84211
91047 787
78435 12871
67347 29439
84701 21895
32789 92329
17297 529
22531 31927
30925 99543
29833 78907
23161 42603
2983 21167
81417 93173
78835 17527
10685 93349
3053 81111
93631 88863
19177 77317
24541 86409
27819 32657
79771 1379
785 42465
90683 26545
8525 45249
28559 55533
68425 12565
10971 61321
93061 16463
13385 81527
12023 75427
77095 32977
83047 30905
70089 24335
22515 96943
98829 7959
78213 18969
79771 14467
70007 80281
40135 1301
20905 86673
26381 5071
7567 77327
2829 94005
75779 23483
21569 30339
2819 52739
96475 7097
18829 71383
79473 22319
61829 6987
63033 11721
81887 7203
9165 80797
56879 5411
11831 25463
27421 72663
12801 91275
30783 91095
14887 81959
86323 16961
10077 95151
19103 74419
8539 72341
56299 19449
37287 25451
31169 93271
15379 57679
66651 3767
91635 78343
49197 12579
10153 80985
2499 79145
55323 11929
98887 19335
6667 91409
79055 30409
6687 72717
28137 64469
17887 90307
16573 73977
74077 33183
92281 94609
79951 1701
92795 95141
85865 4577
64293 28111
44757 25291
85909 68309
70137 31611
44169 25139
87685 95637
69985 69595
20407 60689
67987 83461
33207 70247
93639 75457
6093 98717
4187 81453
74555 10687
73025 3675
18199 48427
6639 79981
80777 3333
24697 5661
6675 27187
545 96441
16429 77115
26197 90325
24841 76843
7871 92903
46063 32831
31653 56837
68935 5631
10235 94247
97851 5971
95985 18873
12715 74613
86227 31491
1873 69953
84331 20825
30909 77125
32059 71997
82945 14011
13267 78313
88971 951
31847 92719
72961 17185
79847 21819
98581 28983
78203 22349
77241 20651
69627 16885
89575 68203
91363 91207
46059 28815
54011 203
24683 73231
92111 8691
67907 92819
10845 98001
90927 6401
10819 74555
91795 93461
18825 25611
17069 22109
78137 12439
69675 16771
98701 7911
14919 81923
7751 62069
87701 21887
72149 28561
32611 95931
70267 19883
21657 30547
20411 25415
26609 82747
97601 5539
12627 6617
84377 13575
32501 42169
96025 32379
26079 67633
69049 68593
29949 67637
27425 95797
69571 13929
95569 71227
98655 83071
11363 92549
27877 86563
67295 81631
91543 22337
45241 21877
67357 21905
12263 98661
31419 47767
34995 6965
16365 51083
46351 31173
82419 69175
15285 30285
31821 86547
77079 17105
30681 99223
19101 99983
52575 11109
94005 30923
97911 20209
81153 9849
22367 6287
1517 87965
26639 14137
47935 20855
19497 89377
65917 19667
92567 81291
29529 10163
25705 49621
18067 84307
89001 75321
27497 89879
11153 71351
44863 24705
95007 8073
34081 5105
26055 33155
16017 71159
17487 98441
82923 77267
73371 30505
8839 96849
2885 93611
42295 30445
5993 72013
28541 67057
12497 41801
5911 59957
29799 70581
31185 66883
27567 82173
26029 91437
4203 84665
75867 74781
92609 17489
24473 8639
1711 99281
98319 32445
29365 2035
24107 83941
3621 95683
43009 25673
79097 11183
95545 99555
94917 22167
5865 8959
71833 11505
11751 82521
75851 33171
7997 87137
16835 84787
5067 84825
9411 99049
90917 14047
81921 28753
1671 14997
14597 92575
21853 4799
82055 89227
1529 67839
90203 3551
2015 86215
84801 29471
9629 97599
91311 5907
33181 34457
81123 1425
67917 93753
14081 90143
76681 27297
11247 75551
26683 82649
24571 79533
80491 73425
12411 42207
22445 79951
66875 12957
14665 70359
9793 26549
14901 79103
87693 12495
75699 6923
76393 3857
15207 17897
15483 1333
50915 3911
75837 27569
12979 21521
72229 95789
18927 51405
68051 96441
86331 9637
8345 85925
82739 80169
51911 16829
7239 62867
7399 77701
2399 73749
95215 30343
86861 87077
13697 30011
17089 98279
20415 81057
69555 4133
97819 18077
92435 22849
66657 14101
84243 13061
12129 81389
9289 64797
23853 48023
82979 27005
68623 11987
2703 70157
74465 14769
69169 7967
97859 13841
69519 15429
73061 6733
39657 3403
8329 70845
76391 79995
1975 76913
20581 14683
61 2579
16595 55199
73665 2731
29369 69447
87567 6301
68201 86651
72793 3131
32345 90931
9719 68869
28955 33061
87967 6137
24519 81515
26171 82823
1941 26623
83273 15641
99713 80769
73899 82371
89975 32369
75041 2209
18163 61627
6377 30457
97171 5311
27893 30895
80297 92109
49189 267
75447 20939
84111 22343
12723 98705
5239 76639
19003 79505
78681 21093
84233 4357
73347 83973
72473 24163
24799 68775
20673 85381
7385 50471
12177 67169
6705 85575
7321 27465
92379 32743
26057 59137
1487 61237
21485 11765
12821 42205
9979 733
93295 89895
99149 28097
77733 68443
84721 89795
94077 26603
8891 30169
70011 73537
27765 97397
57161 27273
2519 53673
3141 88299
68671 26767
78753 23525
86571 26525
7049 82627
84797 76559
87889 91923
73141 15395
97341 3213
88261 32019
72639 8245
12745 90117
14421 70205
2629 83675
22703 15473
7619 80335
98827 3607
27221 69383
97391 73745
57093 1993
97269 26043
18689 30659
19689 3203
24983 40467
9641 66737
74593 2545
5577 51897
18793 96297
2903 65107
28349 94189
15177 69887
40907 22075
31687 5509
87065 18699
72497 15727
7119 61123
9307 65917
25051 90219
60815 16133
30219 64099
16587 44101
83423 81667
47837 1239
21003 33445
19601 57175
29967 71025
33563 12865
16591 95887
85731 85339
28901 77575
87493 6929
17227 87649
46233 30541
9915 77389
78723 99983
14167 80721
69331 18221
20133 89385
88739 97757
22709 70593
13617 81377
78629 30721
3581 95401
6339 80237
97373 985
28619 83499
10473 81463
73837 9705
59405 19365
16117 88287
99157 7911
14983 86597
79695 4243
5245 43241
92083 24191
9499 39771
82505 17801
99691 27183
77445 17499
81025 265
24407 98831
31573 25727
78651 20921
83361 8367
33285 54775
66473 3003
24047 93181
42557 8041
7779 11551
18627 94077
24717 1329
10751 82471
76981 11641
72651 14079
72971 16213
28005 55361
14147 76687
86121 92381
11543 11827
11737 13833
21717 23121
25947 45795
95705 85061
24199 46061
69589 88245
7681 64405
75399 95677
15921 97243
15353 85529
84889 32563
94281 24973
32709 52325
25623 67441
98423 16515
18573 74153
70969 89907
8681 59325
86687 22587
21787 83393
95641 7359
96661 80541
89427 20305
77221 3713
987 40745
7567 1575
90353 17611
40645 11751
99229 94221
13203 66777
31425 72109
76511 76673
50951 28045
4677 11199
5437 93385
17277 64285
79183 74207
2049 7989
30215 83023
83569 79547
18343 96087
32955 73265
29149 30767
2169 27417
11119 23645
2521 77103
77017 30229
44299 25209
2109 87489
20019 89405
30697 73219
83245 97137
29171 75985
98701 6569
35881 30329
91407 26913
26735 75673
15089 87039
24865 86755
68121 15229
12183 91757
68021 17485
5195 75385
58989 18355
94779 24577
78811 28521
14977 74715
98753 77657
3987 69937
7659 57705
93327 6887
87553 74793
6055 42821
86353 8833
85423 12931
54673 5137
91753 24609
81203 20501
28559 73253
91413 22299
77627 97625
47517 18759
28967 80327
21107 91923
7567 79929
81381 80201
84005 72007
95963 27919
1097 72313
22409 7517
22381 77949
32373 32901
1017 19495
8075 34537
70885 1857
2375 21145
28737 60267
63863 18561
3067 23811
69357 6445
84817 1301
26199 65427
5847 41685
24391 91017
4155 88985
9225 86239
55369 12037
2687 85567
79165 32657
59943 10003
91909 19601
84421 8653
67211 32055
95235 75535
31949 8325
18135 56675
14543 58155
53537 29661
30177 12317
70093 26653
9403 68409
16925 6361
72403 88813
76005 26897
72339 5823
63281 6525
22717 31683
29441 61633
58113 31371
30187 79675
88485 189
57597 7797
23059 87045
74441 76199
76539 3253
71245 20205
72127 16235
4999 67127
90431 6377
30137 70301
12995 75607
87845 2931
32981 90663
94723 10027
51637 19187
94155 20315
99551 5523
90075 6501
12769 76077
7061 95471
27323 78367
31333 78573
83529 88995
32045 86335
21225 83215
7903 23915
25745 20369
79873 12473
2947 17747
1429 70455
47337 28497
25893 99597
25513 34419
99455 14191
81033 28679
2549 97307
4261 40811
97595 69355
30979 38973
21179 44147
85837 13171
34517 5687
91607 12191
7935 78863
20031 4833
91007 23249
84573 6049
4179 21509
7363 92293
68963 17411
75573 79513
88927 27895
10629 26797
5013 86147
96003 13373
71321 8707
23541 66103
15695 70797
25265 34601
94723 5581
11783 75705
90607 87845
51635 31251
4883 93543
76273 88477
76849 73049
10579 69649
25691 99047
22875 96867
93937 2957
16107 57405
46449 5429
23147 6145
92065 3159
92721 11647
94833 26031
73741 21089
21463 53473
14541 68709
13561 72517
19111 86083
2453 81301
7193 95651
30245 79827
90925 29137
23385 88293
75695 1037
9831 81835
11163 98125
56117 17731
99887 76559
3543 1635
2231 22351
79547 73825
26889 66715
41767 2473
8705 73129
7709 76189
28339 27867
90619 29481
22813 5563
23955 55809
23227 80907
14595 69367
9843 6237
95401 5887
67981 21511
67689 11905
14909 94423
28879 88463
51019 28873
44059 30323
15373 92185
90159 85541
35169 22259
99843 89439
99499 93987
77683 69725
97673 763
17293 65165
12237 82253
79829 17615
28963 72127
82017 19525
13127 327
45061 3485
633 90623
63249 15759
26745 6281
96727 31309
28679 2895
95417 78013
97937 23027
6031 89409
84495 69607
71865 21017
18475 55571
79155 11115
21235 10291
3225 90117
11519 98853
28685 79533
43559 8515
13365 77559
3855 41221
26061 16117
98529 32047
24613 79717
76267 3407
77733 2661
75437 5555
56835 29271
16499 91219
51721 5569
66405 13543
91551 80221
18297 62811
16197 65745
67113 33313
21201 73039
4083 65221
89965 27199
14025 88213
14763 28463
73539 10273
19627 43709
25479 71673
81099 7077
67159 26445
91329 80763
26139 42993
78119 24877
68173 5891
10525 96643
65785 24775
55645 27155
26503 94187
97383 7935
89795 20465
22345 93737
70311 31263
28545 76347
85993 17569
23775 9835
85053 7049
28033 6211
98803 7329
14589 63287
18269 78003
6819 86237
16161 74137
86161 2639
25701 81727
21081 81487
25587 86497
83633 14223
12741 22517
74485 19841
68389 25239
10037 85651
13455 69631
13033 98931
67649 11669
31685 92655
69425 32793
71493 31567
77315 83127
10929 16541
82917 3953
7407 75995
75259 84135
3473 92725
68529 29463
25963 51213
61433 22633
99605 92761
15485 22557
86647 5021
27845 44251
69633 19665
33079 79865
60661 16705
68143 2937
70061 22343
60033 13317
26665 68209
39817 33225
8863 89581
27909 81709
83609 19983
23289 5501
89859 19483
87493 99293
69611 84855
51523 9071
25145 10293
72247 10583
29313 30011
32277 13155
32111 83719
99687 20427
3265 77929
29275 35517
5363 73655
99951 20033
16745 99095
81485 93613
19327 62135
18789 10465
89775 22301
14899 78427
13219 73037
75029 6151
87073 217
13689 10091
56369 5173
18039 78757
17639 8825
17145 56817
9643 97577
16883 87287
20089 61821
70559 82003
21105 87111
8331 46085
66545 8635
67033 31487
36345 9273
72955 28379
955 68619
59499 26735
85851 27767
21185 44753
121 72251
13573 32765
20945 7811
32061 28989
69685 17941
17691 73041
7823 78265
28403 13733
16305 97341
74709 30905
97981 22483
10823 79623
9069 67033
66757 73327
91411 14163
29751 55745
30483 78733
32499 76215
1849 28179
14733 59755
8603 50915
25169 38813
46727 31027
12313 29745
22143 67115
26067 58625
3811 65661
18969 23095
27829 93261
33649 14377
10131 89179
23123 99013
71653 26735
15985 49509
19595 29403
18735 9875
32091 98947
26629 75659
9097 40899
23881 18641
44769 15945
21145 7499
217 19097
92689 19089
94893 82159
30441 87879
94905 16657
55859 10779
2397 82375
66693 911
90649 26059
92909 10753
74191 2171
72263 295
21793 2941
30855 82689
65031 6345
11723 69641
85763 70349
9655 99225
81625 10447
19771 46647
12691 75831
82633 11537
91049 4051
30095 19879
31103 28111
24933 6787
45575 21783
59311 20373
30593 87875
98489 32949
33081 54079
53357 20869
26097 97833
36101 20313
93977 32187
23639 1555
70805 31131
72207 27127
67463 29693
91263 24057
89269 30059
39853 22819
9311 66855
33065 46349
31235 20185
79225 97303
89501 79095
6983 73675
93721 76659
17309 88739
29727 83735
89197 26367
86943 15191
42235 22527
73987 3261
74509 19089
18523 72079
19891 84901
15163 85213
80021 651
20463 37023
3589 69677
8763 75857
93887 85655
43475 19193
11943 24835
70321 8967
85819 2783
13799 93967
67275 11843
82821 2273
2421 69667
28223 69069
87455 21913
30791 16951
59163 27433
8043 30675
98339 10311
98491 21811
55789 28501
9761 93789
6403 96029
84587 8879
9625 88355
84641 93261
21993 84443
87465 17671
5215 78901
74501 20359
26853 70025
24889 40929
15855 78183
14739 99553
7739 86467
8671 80385
76605 17353
6109 25051
32795 69351
12267 90147
9467 51789
15381 99407
64301 12635
15717 4347
58163 13309
85855 3055
97177 6731
81121 5457
15053 2683
95531 82695
75349 27111
97339 3635
68003 12375
86227 10387
26647 53865
82643 14221
87853 8805
81629 13
80163 18399
93765 8841
30183 61417
88463 6651
19937 20117
2599 68047
75291 73831
14979 48969
27433 69299
26721 81427
78643 78699
47789 5483
81921 26895
9571 59025
70213 9905
28987 30481
75915 4383
47367 8717
9673 66583
41993 15851
43181 11527
74855 32251
2297 22393
25203 48463
86225 96389
32609 91407
74117 13979
32453 86123
9229 93195
2025 70161
14027 93915
17021 7989
12031 98897
94477 4697
89781 15447
94757 27229
1515 87055
84459 32941
2083 91711
76465 28183
91827 23309
72919 88907
92237 24071
12083 18479
83363 2689
7819 81193
66923 17761
76771 7293
25479 85649
7185 71737
2199 72139
62585 29071
2335 67375
90565 77601
22145 36195
18985 78097
13029 82415
23305 51365
77151 18205
19371 75613
7333 93451
74327 3739
4339 16497
70625 8873
29533 72581
62923 5783
41593 29683
63815 16299
9193 80125
15575 99105
71513 6037
9805 71593
22953 73497
11893 97283
80927 2815
5185 58987
8617 75771
31397 43771
89081 23801
86921 11603
25737 69633
25341 99569
49477 21749
76983 4069
29401 97135
68367 85493
23957 53907
98391 19867
77335 70317
89791 83489
12603 68921
99307 25937
81477 12069
6915 96531
21707 76619
9595 42509
11603 81975
5641 74707
28771 98431
72657 87167
90079 22265
75393 72009
77643 27471
80333 10693
25363 33405
18135 69525
14353 55577
5305 36921
19565 76581
83865 33173
27609 84415
93575 6123
40035 23865
72801 29475
26477 18605
28915 70029
79469 27961
26941 69873
21723 78961
20965 84097
79139 18673
76575 68165
29381 22825
92695 76287
23433 42871
97943 15761
82491 4897
42827 19117
27113 21611
20019 79771
7511 76507
12773 72223
29999 45199
45429 2977
92189 12101
30145 62113
13287 76499
9809 67957
92723 24925
94975 69
17299 89741
19121 99737
97193 11047
70291 13459
17759 28015
9071 97947
93587 14503
89227 13559
81557 99863
4719 69803
87017 30283
31697 80383
67989 27123
85557 26005
81431 69391
85879 4579
87597 30479
85373 15319
28255 70245
28205 80573
42969 5953
4063 93431
89087 90231
80905 26353
11149 33307
30949 95017
89827 7259
23651 17201
63235 9269
6829 60349
49977 6807
75839 89639
96395 26755
70325 23881
7595 56225
78995 12017
32119 75295
7719 51373
78561 20667
49161 28953
8329 66749
71799 28489
99469 2971
31091 70745
34193 18865
26213 96765
71967 3111
87923 32691
74617 8869
66871 89115
35429 9407
98797 16357
89053 28655
18167 30557
14939 70927
96947 615
83429 95649
89297 30329
5679 96253
91343 15033
74843 7801
80183 1743
88087 17693
77355 3189
20561 53827
31063 69861
45547 16347
92661 28837
8037 6653
85191 24897
97041 94309
28865 81965
27963 10553
82123 94267
59773 30637
19841 94189
76359 79761
90631 10043
72299 81913
97321 65
16103 79863
6959 78685
22811 29081
32735 71767
86349 96273
86867 28569
71993 12411
22263 61833
29551 98183
12085 95815
19917 44841
74657 87265
90399 18569
6545 379
91551 1349
14529 23081
94465 27839
47417 15455
69673 99073
12857 98133
67663 12863
3309 87577
80401 97323
28675 6829
5441 99213
88389 26893
28681 72689
98593 29129
91615 6145
96789 9763
6301 79597
98089 19625
27023 62233
8553 92759
20215 17137
16457 32301
16443 62417
90573 13207
90321 31269
34083 24917
94213 29925
80049 77741
11721 74723
86191 74901
5929 4551
4749 71
20223 85297
24775 68177
94277 2771
12585 65897
30935 95729
88369 4033
4521 87343
25319 78569
81833 16937
979 95239
16895 20861
38239 9795
28481 72365
18641 75545
6339 96577
85153 12793
38751 10799
31461 67287
77481 11061
80383 10051
91351 20369
23147 86653
55885 27271
71939 10849
1219 64937
773 94927
69431 28323
3417 13099
9373 72651
3841 67199
85783 8365
96767 30527
71263 1285
19157 50029
56715 31269
78831 10551
69671 3173
53779 9359
23771 85625
30647 92091
9829 74995
56795 14203
24699 73777
86249 21007
71525 1381
83509 3579
58211 4793
29645 66949
22489 87921
66211 10431
93465 26847
33305 82579
36223 28181
67371 14751
13271 95061
1071 8525
87493 25373
80563 7935
67267 24651
66667 1725
73637 98239
15301 65601
16985 85013
51579 21449
15517 72719
12065 84605
27261 67613
1797 26091
7659 96759
95909 23115
9069 63611
78571 7341
87107 14635
3249 77255
24365 76533
33113 22473
22687 46633
24091 31785
8553 48657
84517 87657
66903 91271
57907 14197
16195 50087
6043 74375
73195 5045
17553 99869
84835 72429
27853 22871
82059 28989
92879 13745
16709 17553
16849 5135
90621 18931
7957 12771
23231 82145
92141 13255
28705 69509
92917 78841
23893 50859
97013 22501
57295 24039
92743 86257
59079 14399
21227 2227
96499 12445
28369 41847
4051 80599
25247 64223
22247 86867
72951 12723
24405 82273
94035 31185
10067 23925
1585 96215
24229 72135
14661 47813
52195 30917
59103 1643
16283 79309
92227 167
33079 213
26857 88927
2215 70191
20117 69969
4329 6977
94389 99293
85811 33237
89567 16905
43741 22671
36785 4105
24015 91319
91521 611
80227 24491
68159 20855
11391 7105
20963 98129
98287 8835
2231 439
28259 51241
20633 95255
82283 30611
85407 11867
30545 77985
76329 16249
68223 29883
14387 82101
41577 27945
9545 71269
11671 63631
74609 31135
72601 14785
75379 66911
25605 71083
8343 79077
33153 74135
5927 70383
4115 36067
23559 78143
96573 77781
9353 54281
5039 88753
31567 86923
93999 14769
98171 89115
70235 21613
21299 68829
91021 30067
94493 77121
87199 25657
9031 3339
32235 55827
2737 89435
7665 6237
1007 55107
12157 98287
86113 29573
79213 82539
78785 84293
25079 94005
82453 78229
60513 28715
40453 15627
10749 81697
7789 78665
39403 33045
9155 1029
79341 12637
66573 27951
74559 86509
99005 18711
29719 90133
61433 741
66935 1547
83825 22241
22435 91771
31773 67959
23247 55173
65305 12037
25731 64923
18139 85493
70351 1487
25727 22973
8505 71111
10303 36399
97859 98299
86285 6927
84305 3453
57399 3775
91213 8417
96565 1493
15419 28723
32033 90261
99019 15727
60139 911
12429 63337
20919 14609
32403 67861
70045 7299
78951 11397
15357 91015
4141 6503
81769 23875
13149 66779
26223 86837
41509 16801
31289 86275
3937 70487
23333 68447
78265 24153
25029 83019
81843 7743
90031 30959
849 15425
12981 52747
71591 69273
41887 26121
26161 74479
94439 12989
60629 18819
27819 47855
99829 30981
23859 52505
93677 6655
14711 26711
27745 80191
88715 14411
6095 73975
25279 80359
23945 56813
98873 26005
26295 65183
4785 68935
10479 92743
43613 20933
26985 3061
76071 8453
20275 72915
58747 17717
30773 62279
32005 3035
18081 40909
16681 22173
18757 37735
82515 5359
81759 28595
18767 21321
74591 30063
6603 29679
13365 66937
25425 1057
93031 6397
141 81991
88553 4531
28837 79445
59279 18151
52975 18089
79019 24273
11283 11175
33711 12379
21633 95769
24235 98347
3539 68013
28629 77797
92635 811
95147 32773
6573 90539
5101 78031
12207 10305
9437 72271
5023 60941
8049 95457
81681 17195
18437 90571
16271 93541
17019 69045
96427 9505
23265 63101
63177 15737
76559 32043
3745 96347
87133 32177
75513 24293
9067 27799
29117 71865
17753 12865
74289 12205
83867 29217
68153 96703
13697 81849
68369 22543
32479 5775
51281 835
12183 77831
19427 67079
9063 99737
6303 6077
11251 91815
9001 74007
19277 58349
23411 70551
42925 10419
4971 78433
23723 79899
11721 7617
22789 76163
28785 81443
85431 90873
25587 78959
971 74759
30693 42947
21869 18783
14023 57671
9605 70627
3139 8649
58533 5667
72385 28823
48157 32311
11687 73591
23629 78477
9755 10643
32917 68391
88499 28641
22035 84033
79159 17851
92759 86777
6483 92387
67731 27533
6075 25423
23005 85039
10741 78065
29635 77245
69429 17575
94355 98769
74657 8835
93581 6159
83245 94121
82841 7743
95093 30429
99853 75999
66679 4051
71865 86375
79715 22581
95409 32019
83057 22645
35813 17663
19589 84311
21103 76097
79315 68135
69047 7667
18281 77901
8719 94377
13685 44379
49969 31295
28065 19573
67075 78533
25885 88733
739 44411
70005 7039
73243 26349
4203 73989
25027 62459
74651 613
78033 96431
30965 76671
13517 31273
77981 71919
14321 92591
35961 4559
85399 16461
26233 36227
24949 90703
34587 32429
11857 82475
7299 11529
72317 78827
82487 27
32093 75671
3127 94427
29815 75053
7705 21143
10777 56849
26913 28917
11013 73865
5167 51181
7421 63457
12925 48565
27805 92911
31299 32709
29545 95963
81993 21757
9165 70513
2951 89771
56335 19725
6841 86735
70381 23085
7031 52397
9273 75223
88163 22299
60875 17303
77947 1631
99587 14869
82111 11841
20303 46691
83289 2417
80619 98745
68871 88945
93337 91181
97099 17101
10897 93027
56217 4995
56169 22215
68335 8527
24049 65239
31743 57453
74191 14637
94051 82207
3929 99609
95429 84023
98649 75731
16569 88035
98197 33121
13221 87847
20197 31315
17215 98269
97045 31903
12679 81711
93011 7299
8055 52077
28739 67915
22173 1251
5913 23913
56385 18407
13253 23351
82175 70163
30555 42461
5617 20329
20821 81349
32069 99785
32553 67255
69137 28935
29499 72307
28861 75739
25393 74091
20249 89973
13863 85447
13911 57661
38355 7105
67889 21171
78693 92931
12375 15417
98671 1475
87723 1559
52465 5005
81449 2199
91197 8115
38759 25641
75199 11445
44145 28571
4251 91661
3065 16665
96061 24361
5051 38921
7539 91859
23147 88491
15399 74361
909 90209
87879 22139
20273 27661
77919 13053
14273 71905
26517 82601
22551 96901
30639 8157
11191 95329
3141 32957
84595 90285
25337 63307
23179 47947
82459 15761
14423 95577
70975 93543
40577 1575
91485 28401
20595 57201
78417 84871
32603 90317
23823 47123
72611 27931
8933 89111
22633 33429
5739 87711
26059 93183
15663 79239
49527 19657
65977 9351
6389 92605
97651 1549
17481 78413
65147 23861
937 94865
94815 4823
75873 8047
80303 2901
31211 99361
5101 87589
97111 28345
32453 10489
10659 85583
26809 69303
31197 46395
14333 63183
33145 45085
80957 14221
71789 24971
76215 5613
89919 2715
4777 77329
25259 10963
56781 6629
1693 77841
49147 7403
22337 363
10745 59039
29971 62417
94377 23647
21803 79335
70399 19943
14855 81161
95717 15803
2843 39215
33047 5041
10215 81773
1849 80577
82097 73665
82975 87911
70633 92393
61297 20587
23627 22119
10953 73349
68141 4303
27969 32765
89749 31517
73431 11827
87039 13649
2225 15507
88439 19603
12361 28495
85951 23295
5097 74521
25611 80491
30079 5019
9153 75373
69215 16453
98587 82413
87403 33127
13909 77327
39591 2253
21749 75967
19709 48985
44275 2641
32681 53829
96331 971
8989 52153
11159 76599
5141 88533
76565 9409
2027 74785
1065 80567
72601 8729
70185 2275
96991 6711
95737 6113
8057 827
81337 26159
193 90021
23569 83281
8995 53583
83233 71815
9179 78227
4497 79495
3221 90525
15513 94717
22581 58801
19707 56635
91291 16555
15923 23635
25829 81037
24875 69123
67523 15807
98599 16743
31857 78891
32287 96265
91429 78285
91505 285
25163 71281
7423 47847
71913 32667
32165 58083
75437 671
69147 935
55621 25407
15787 39649
19817 43869
86343 27069
86141 31275
87757 78463
76793 92559
19497 8233
76187 1297
85515 28823
28343 89573
16561 93537
93123 3709
7667 82783
74369 79825
9355 40821
22253 89455
21197 95041
15105 86447
12569 45511
29427 67747
94385 19083
59949 21295
48251 21067
18219 96383
78243 3293
11379 16063
73095 16681
22505 56185
26067 90557
97835 92551
30597 78295
67023 70001
91037 33211
18427 76015
58477 16321
8969 3943
49609 4915
47809 14957
71235 30633
19671 67761
9459 2261
69809 19281
17905 13423
11961 84223
8235 42591
9007 78963
83701 2009
14929 42959
82597 16241
80283 16779
98917 17539
26191 87953
49271 23201
89487 2243
84871 5235
24415 74543
89733 68727
37257 3627
20677 87211
74193 86217
11155 87191
68627 22605
90447 6149
76295 78333
80719 9427
71783 3091
30507 95973
92681 12851
85843 21957
81797 18229
11161 65735
42433 29589
99519 97605
13021 69173
81769 94995
73339 19811
85349 14309
90889 28901
79219 11443
87963 12283
12453 4935
1783 75091
20227 47645
26485 71319
77871 4147
99741 24579
23543 80449
98795 32755
10435 97161
4959 68091
90043 74003
9613 10573
55581 1011
97867 29845
86703 16803
31293 9853
38373 19971
78189 28429
24171 15165
19391 51151
32039 70943
75679 86483
92863 18141
9815 87747
2819 94515
19637 85763
77267 20689
45745 7221
37865 8525
26441 49407
76749 89341
28279 71961
47259 22065
26255 66079
84431 32943
80923 84837
74421 68519
31195 88639
50117 529
68839 74823
75489 85639
77393 27541
81727 5269
82201 96955
90327 23617
21759 64757
6993 67829
2813 48681
21689 43781
15811 93333
82419 27951
1143 18799
86055 27051
94665 5137
24067 3703
53313 5931
6505 61091
74715 89193
15633 97317
28341 78951
26809 83823
68911 5271
26841 85103
41097 6631
64681 31293
25089 84927
27635 76061
10293 95249
83439 28909
8883 409
70771 7747
14035 60397
64581 10115
51235 19661
24027 2285
79511 11407
21103 59945
12655 68581
20515 63385
70301 21531
83043 92427
79671 13791
89939 19937
4081 75361
67657 13779
92913 7537
25897 74427
17053 30785
9353 50185
23923 57199
4177 70031
71425 20747
94903 8977
32351 63381
7603 99693
33273 36661
44279 497
15379 58025
19827 71993
94857 85507
22245 22839
33633 13255
1255 90903
30493 5081
88385 99433
97365 1169
10211 54607
28541 98677
15537 70537
7115 70385
29767 92521
82353 715
32651 29251
85873 27701
5431 92809
31743 86563
1655 93041
27915 40119
71467 70123
22617 71443
91443 21375
45859 27655
79497 86537
28399 20813
81185 10687
85599 18867
75621 26873
63625 15521
821 23277
22813 77431
78863 78431
96263 81071
84385 11137
95271 88557
81247 79627
84795 30289
94511 91465
63495 23611
88447 6987
5403 67087
1671 65533
92663 4513
8251 80011
31615 94683
14471 30799
5243 40729
26671 90325
61617 1889
27035 91195
10947 88203
91525 87289
87341 69775
67589 29845
79519 2791
19693 70549
79595 20641
92393 98717
15925 72145
7739 66059
16657 80409
93899 7823
26363 30411
29251 26539
3045 59413
18567 25143
24665 78271
72193 72309
65809 20751
27029 83429
50377 18917
7651 6599
7509 98277
99519 69663
14157 81789
52591 11591
6567 80609
72819 15269
89797 71775
15765 74657
13093 53241
93945 7797
65943 20413
10213 83911
24569 59569
94635 30595
94519 3541
15129 22931
19683 60247
28101 66379
395 49601
13669 2229
67917 13691
73651 28867
99099 18857
49015 29363
13765 80093
23707 70507
76465 97903
44593 16749
44693 21555
84649 17221
10091 19521
87319 83259
81079 13243
93657 619
19125 24977
69901 88953
86501 21741
39451 18485
22719 73875
36647 32855
92929 8641
32347 97937
15923 76641
26039 70065
70077 5681
85853 3975
67683 4489
98907 78817
29983 79183
74657 30845
22083 54799
67117 76329
40775 28471
83589 27487
10573 97237
93401 29425
77111 77201
81331 29779
3875 75645
82701 85135
12601 88901
67499 237
84931 23327
34049 20825
33547 5927
62051 20093
10419 96721
39813 27875
87429 13725
15905 3007
19089 78283
23039 87499
71423 28335
97889 26703
32305 29083
85745 8563
27849 92527
16939 84807
71155 4307
7811 57741
84853 12099
34505 32523
91763 10257
80951 9415
7203 13551
94819 85013
17529 39431
83457 17801
61363 17673
79111 87945
12795 30861
84485 7691
8073 80165
7195 90495
69495 13967
74621 28421
3365 19057
56803 23813
7971 1929
75423 5179
34911 28941
279 91361
30977 5531
96225 4899
2663 55619
26433 81553
93421 87447
77351 3743
81097 13361
81259 83197
78963 24109
749 73493
3247 93385
93265 82839
95691 78133
84899 29205
15355 99337
75797 487
33331 4981
32607 51203
26669 42787
30691 38835
67351 26311
26209 89309
16727 46937
6955 80953
25447 21443
6273 8299
91611 74479
18295 50081
29677 45241
74997 12023
4841 37253
80443 6327
93367 27229
8957 78617
91675 25451
79305 303
25919 13699
9797 81165
11613 70807
6885 91085
90715 9617
1461 73923
16113 87457
1055 76487
3479 24897
72419 80611
43285 17965
27865 84265
69819 6531
78131 21217
90633 577
30137 74829
10287 85961
25783 94797
94379 71825
27053 67343
40223 10021
46503 4107
32059 84549
83391 1151
23479 83023
82089 83117
32531 89675
689 93299
26497 47491
79609 10407
18195 25643
12067 97181
77821 16639
96259 13973
1875 36931
44543 13335
98961 4505
13993 52625
69371 1675
29289 49021
77989 90779
14565 23185
78229 28353
24657 80213
42403 12889
24323 12247
87539 77573
65489 27745
8737 99189
31273 93049
24811 40851
23071 22553
66879 10169
86601 15977
77713 15633
76863 23707
32819 1337
4179 96489
82397 89171
22153 74063
21229 35963
99277 81327
30873 99059
9499 38315
79053 94017
39651 17543
96387 32381
11813 99945
32537 47769
93193 15301
67587 23433
791 75393
3531 18029
18285 47863
26043 49217
11639 93455
72015 11091
30679 70083
96303 81073
75449 6989
97389 26663
38781 22013
86081 29137
19199 84621
92371 115
26749 52877
11231 66881
95945 24683
80791 68665
88155 27061
20217 68457
26199 88517
30411 66099
80547 99663
13923 15169
16463 74833
12769 51499
28989 78915
43045 27877
98645 31859
71089 25013
93691 10365
32419 49237
68391 28367
2887 89701
7759 28015
39251 16189
75737 6521
82491 31425
14185 59069
18587 66819
15227 68011
75481 551
59479 503
85633 9305
68821 9583
20465 74073
93479 31513
90057 21021
8803 399
51119 25593
9747 86945
20265 84557
27013 92119
2499 96997
29911 81525
45045 777
80569 27211
25169 61595
21773 80335
10381 98857
82989 12423
20647 93811
10877 30021
16647 96135
32843 98189
28765 75717
87841 2987
29441 71595
14315 71521
70611 16343
94411 28253
78341 15839
31377 76943
88767 7211
40073 19255
29515 92969
82461 1167
3859 93605
3625 4095
85361 4039
68961 17155
79891 81455
7777 66787
843 97635
69109 28839
99413 76627
91767 14553
16985 68841
77453 1137
91751 30213
21371 56699
90365 22861
23855 71927
73695 11899
91983 71373
67925 6851
18913 21395
25721 45693
17929 28157
92407 96185
399 95175
84841 15305
1575 76613
27687 60709
89371 97829
21853 40745
26661 81847
6605 95009
72821 8461
10923 99893
87845 88929
95385 8035
61643 29199
76127 17307
32895 60569
21781 85743
28579 34675
11493 77549
65531 29263
18975 2117
3657 77221
14341 95319
87693 2961
89615 17731
91369 88901
15751 91191
25509 2223
9341 67447
27661 20855
28103 2841
65795 32601
93443 18919
67147 16169
15279 71695
18865 77917
2315 96719
77025 17973
26105 96303
61653 5913
10105 65133
16439 91933
68547 84361
11627 91051
23673 73227
903 62195
24623 93679
70875 31303
18179 71003
8741 77899
75399 29869
6061 53723
3843 70323
2321 94861
70785 20179
18011 94297
41259 19199
72471 955
80655 78475
78185 26617
74701 66919
84197 26263
92675 28225
88489 7827
6873 93331
90499 90475
715 34679
92845 91213
7301 67291
89043 81587
72243 75619
91713 28601
82649 13551
8957 78401
58731 31381
95245 29777
19069 34285
21453 82599
95137 11391
70327 26855
63197 28973
81835 99325
25191 19739
2983 84425
68375 30775
16465 70003
83 85031
1269 43237
50443 26275
3487 95237
32451 90147
82633 31239
69505 12713
79023 11233
3493 77531
7423 70011
19875 2645
84203 97985
87837 95775
2917 85625
78745 93617
18285 31445
79795 26269
75831 97991
32699 18177
11371 5561
70411 17923
86929 1323
26183 11113
94249 22315
81767 557
53565 9461
76105 24809
7743 81799
69395 98519
88217 31559
25149 53795
71221 1819
58825 9145
25735 88609
20025 89077
65585 5191
89229 13253
82325 3789
87003 24917
65231 27675
76003 85359
55401 30001
93099 10473
76359 99855
81993 9131
7191 79571
2951 81145
82529 26613
99125 32661
71375 72307
88793 11115
86293 70939
28113 78169
83615 28021
99139 75045
6525 50573
35045 8903
30897 92555
81611 10771
5013 96393
2337 94329
83069 29125
68313 1587
5385 89347
4389 80779
88067 32971
26155 76545
25385 92923
39541 12499
1879 68423
8819 58409
2535 67001
53241 17981
14551 81365
78593 23771
21011 91683
2969 45423
81749 20727
77491 3479
62149 723
87033 70571
70455 74035
16765 28535
2299 58367
36161 16361
1349 96851
91943 1747
53443 4589
80087 17287
96635 19675
9825 1801
77011 12125
72665 6147
77585 18765
26837 92393
53155 21941
20669 89551
10963 96151
19583 11849
16605 9025
22249 21165
21045 7167
23509 42561
18851 44119
5665 37609
60649 3003
1907 47587
77399 11819
83191 74071
4235 35897
29003 43057
36335 30375
14217 94405
23579 35687
3071 82745
7441 16323
88085 30983
9113 71839
26887 50211
73957 6791
99567 76751
96733 31869
69889 7583
96703 17059
49643 32223
28443 71113
10911 36849
84253 88663
11627 18103
36983 3203
24829 75447
27215 78283
81483 2793
96569 68913
27635 64993
18873 86531
88451 1689
91715 99757
3387 16863
17673 6975
97877 10613
90673 93507
95587 6913
29181 73931
1341 9435
5513 73421
91405 85787
59013 1511
25097 99463
7689 93865
29497 12815
5429 91135
5207 35887
27723 45063
23523 57381
87457 23263
72331 6133
73643 26285
3213 93569
95215 20081
31653 84245
32049 52473
18313 74289
96117 12773
7937 68085
91923 26403
99933 95765
3303 46195
76249 1663
3871 69793
96009 18443
2033 18957
83109 28791
80685 23651
78153 21653
87759 2139
62051 4909
70551 21749
24851 76325
39401 25205
74551 7553
37485 23939
7289 55665
16909 85747
29115 13875
24133 72751
81013 10327
46921 8767
29061 12909
99141 23733
12681 2433
20161 97639
89277 16861
77877 31177
15551 88913
66437 5113
88189 68577
2931 91893
25221 49639
8725 92023
5393 19005
37353 15127
26181 89417
17491 70485
24879 57867
70081 8245
16917 82895
24843 27469
82291 24849
97413 10605
86651 3677
83797 83069
17409 24699
39681 23859
16649 1639
98781 20429
68605 97217
83843 13011
28055 37231
79611 92325
1691 83487
73511 21747
76871 88785
29139 46157
29101 35027
73249 17707
74507 15263
2239 78073
99247 75521
25203 5053
28025 89605
52903 11435
25859 39345
16755 74493
17797 23633
10367 64827
15859 84365
51171 8617
14405 71829
94777 29661
93457 17629
12835 45895
58997 22331
85735 15615
95107 24823
1791 77029
24379 81853
13157 60517
48565 15393
9797 21895
8937 50995
46085 26611
72485 83861
91003 24115
84057 90627
997 87815
26307 98879
76233 26307
15149 86767
82673 13373
9697 48275
92209 753
28611 35147
87745 16183
95815 30013
71423 10345
17799 75859
94685 8185
12095 43333
63187 33327
92607 93461
33131 9693
88917 26009
31151 83957
50401 19061
63481 27397
86543 83267
97093 22233
82583 18149
54421 22673
86551 15073
14727 36251
13633 81453
3075 48969
19243 77205
25821 92691
18413 1941
73989 27559
78005 10777
14767 87561
24419 97977
9967 94363
16791 21531
96695 3821
13811 70227
68077 84277
95183 25111
70597 29903
97665 971
78617 12479
207 93003
87799 24255
73215 68585
21587 9757
18645 44427
81131 11111
51507 19097
55245 21367
94645 92625
34535 26831
53191 11791
2183 88225
1451 92757
16467 2771
75853 22067
6003 98193
87611 4441
31141 72421
82669 76669
7071 74353
66737 82869
23075 87491
29479 68541
30481 57587
87215 66767
88117 24917
28057 44177
93299 73831
26315 66487
31135 74139
37519 8131
16427 81301
11763 68201
7787 96175
72421 29463
12597 19219
88671 18227
96209 13055
241 56779
73933 67749
50937 17269
97211 94849
30477 96611
15209 79659
18109 3601
14559 15183
24751 11163
89771 88655
23957 85151
24625 75487
98261 4975
1777 25839
15777 88641
14007 97737
86089 1663
88985 17415
75641 15323
4985 70415
96803 76079
89767 1151
17269 73377
88333 11253
32847 85197
22237 20685
83563 25483
37701 14667
7055 86955
32361 57319
90789 2949
68387 4365
22281 29491
24049 46023
15921 26165
26071 98243
32813 16619
80185 23465
94363 1287
23163 79937
66887 23199
91803 1619
30443 98295
12275 50127
69831 15157
8461 84199
25383 99849
3615 97675
23701 35109
89587 30061
17483 90567
29971 67163
69081 947
92275 25111
4531 97965
15677 36559
5341 75709
19359 94755
18755 30897
89127 83225
21823 89439
36511 6165
94557 28745
85861 20167
72061 89825
12037 83289
73465 24811
95915 96873
13873 97849
88785 24613
66685 28109
727 69573
27633 20475
74781 68667
53271 26491
10795 74113
67187 3217
56571 8863
80759 7255
95901 22331
18553 29829
4039 93359
33201 5591
78275 19327
97061 435
21791 18159
18431 96529
76523 4517
56919 23189
53661 14611
26501 28021
13257 45593
56249 26647
23391 98185
77269 32995
967 55843
29833 92387
85823 26979
16769 39163
98529 11677
25969 26415
897 80243
27523 80271
13415 42423
10305 72983
70815 8461
90537 68579
31701 79975
21453 25321
12445 35807
339 96727
10861 97219
93555 7521
71807 17233
5223 48643
73105 1033
20923 91475
20863 84521
2643 97413
95655 1461
92171 141
13731 81085
88251 30289
68221 27601
25737 76165
98413 8727
65097 18659
74071 27175
13333 72765
86819 5869
99725 20979
87419 16243
2483 77377
77903 14141
1229 69027
94355 13635
7985 90849
57885 22991
94915 7109
81719 79985
30397 56223
27417 74343
82055 13929
89669 13437
27811 85705
38693 18303
85633 69133
95599 30909
92795 4733
30351 77313
15169 86235
15847 23795
81697 95391
72599 14525
86833 18629
55061 24013
98527 11105
88209 24751
27749 19389
24329 81279
90567 30479
29041 86951
4031 92583
19639 24137
92217 19991
18449 89303
3739 49409
19253 90039
10473 35333
31115 44605
59229 31553
5709 19137
98925 75463
35889 25671
84007 18665
17793 99021
27941 86039
27109 81899
2195 77691
4301 76979
29857 97663
76529 20311
27133 31885
84979 32149
68803 32769
81213 33053
69027 85573
15969 59279
78819 14487
29615 98907
31101 85397
75107 28515
87397 31969
87787 19055
45921 23021
91797 79445
73927 12951
29391 4775
29921 5829
68045 32399
78071 19973
91521 91321
22909 92515
79725 31473
80663 15849
9277 87351
42693 32795
34089 14047
98189 19401
85111 17085
79029 74021
3431 3347
78357 1221
75663 28847
59479 5283
3545 3075
9359 92425
74465 4527
467 93041
79287 32135
20045 75433
25227 73875
18387 77855
507 86783
56537 11323
27153 14335
83183 29663
11355 72287
10981 68239
5671 70609
8509 93895
82675 94367
72063 32499
19741 54149
89353 77277
28625 92179
83573 78531
29769 83041
66321 21245
92797 19503
13813 67129
93221 7783
34283 8481
96891 85
42675 21239
81987 26659
26003 14473
23953 32329
99901 78429
58981 22969
28787 77713
21245 47027
517 42863
74375 18525
75025 4527
25723 45137
13255 70561
24243 81269
1463 18325
72803 80507
95289 86367
80355 95187
13155 87021
10873 705
4873 18035
21103 7865
63081 25443
67087 20737
10067 85129
99881 69813
81547 25879
4227 70599
94409 6205
16297 92913
71837 16207
87437 2949
82091 19315
81615 19301
76909 25091
70249 7585
94415 7409
88177 92505
14403 96867
6195 62257
25435 58319
20907 95401
46629 32113
4011 15975
7119 89533
84505 92493
11761 7647
26455 27081
32975 71307
16439 96513
73353 32039
12605 16187
18071 43343
21651 59527
92583 21129
45383 15719
19089 91855
90893 17203
4541 49173
89631 23939
149 59663
16675 22873
95475 95303
18597 89161
3573 38719
67379 3119
89207 7821
25015 99115
87485 21593
90789 23709
4411 94383
92837 26641
77809 20999
17409 75919
32267 45185
95091 28241
70791 24023
7433 76343
94537 7945
87349 1095
88117 22223
21551 81989
2483 96667
82723 27235
52855 1937
16175 80265
73257 20107
26779 92285
22113 35325
30655 96817
91359 13465
731 83555
939 75313
5045 88067
12271 99645
15205 35309
29193 90249
97637 72625
94595 27371
71283 14019
51725 4965
99123 3083
21303 12671
83365 9795
12991 78501
96903 13285
13849 96005
26519 51789
33453 12939
25131 94913
67565 29623
1739 95559
85989 24379
29761 73541
91125 20153
13125 78491
76705 67075
84793 21821
99551 85687
6289 8167
24477 76069
51469 21533
90631 3075
77327 195
78033 2117
7281 60649
71703 67003
74103 2485
25461 78139
93343 23583
9651 97895
78563 88007
7941 85521
14921 83259
92123 32611
25423 94107
86833 14255
20865 72455
91699 16229
8573 21491
86411 74857
25495 88071
24973 72593
83849 82505
15979 95947
8707 69975
90579 69959
28071 73501
12351 95017
90457 17637
51787 25389
79229 17887
78041 6617
23283 39847
767 98195
43687 6983
93027 28077
84051 28715
2047 70403
96363 19377
94255 19249
93387 19801
45907 3713
46629 22935
68151 2957
78203 9505
77757 16805
5145 67935
56655 22407
90563 23557
24531 97939
47921 26489
8081 75701
68687 16157
2889 88601
25381 43645
62499 7549
99059 94681
28085 79971
73467 79637
72241 7671
21475 1021
72291 77215
67067 81095
77673 18811
90781 76395
99827 92579
9291 75875
94863 91879
12607 75319
25923 76043
17669 33149
19639 55585
29297 47977
72319 29013
75113 7353
26181 63953
87767 28867
77925 9867
10963 98731
15925 88577
83813 19163
18171 83365
12769 65257
18575 69181
9457 9573
78611 25389
98733 9115
30241 96639
84821 32469
5389 81419
42281 613
75733 68377
66693 31099
21393 76803
31545 71763
29163 74245
2419 72115
18723 97653
28321 85161
87731 21737
21811 18383
26715 19843
24967 93795
85205 68781
91051 3835
90387 7307
32299 87467
83621 21507
83031 27625
97011 97893
68835 18301
70679 20567
98977 69647
85163 2443
78579 29819
15767 82453
66903 20683
16263 92343
87791 7299
30539 83239
20657 91145
93393 28071
23785 90651
72123 33213
4245 75237
96215 29481
82701 6811
10323 88207
3627 4569
32523 76515
6499 84117
88269 81443
82965 5975
73797 87737
81129 9899
32257 71849
31379 68357
31125 76613
72889 15693
73547 70805
82663 68131
89767 5539
66953 31719
71223 82425
93193 29019
69045 4629
1407 85895
94067 84061
13955 37321
76257 20839
26467 72609
84887 22991
16095 83773
43689 24359
23387 70623
70465 5923
34509 22319
70097 95317
737 76015
27203 40997
76759 10491
24175 33483
92123 4043
99265 12041
7499 84377
1071 3481
77575 6101
8993 20075
25017 78889
10247 6745
3507 89071
82699 12585
71701 98705
76259 23845
16793 93557
2065 69707
26609 27703
20569 73975
2569 64895
30381 93293
68033 26943
67083 91165
1617 22433
54761 20027
7579 63171
68811 11371
45559 13015
92069 30691
96699 26753
82669 3347
99153 1247
97665 1943
34847 18457
9881 85875
82229 24019
93201 27189
1525 70331
16167 74785
93847 31423
65373 24783
53573 26691
16367 69637
10533 81771
11481 95755
19371 77711
31569 33477
71851 10635
24151 70453
28051 38063
25993 29045
7981 94165
4293 58661
86353 83485
74773 27951
87037 95215
25765 92479
7881 91965
5987 82581
7669 86767
90447 5609
26365 68139
92403 1403
14579 95073
98105 78395
32855 72831
73199 29833
12829 72849
86873 19459
3985 73791
68953 14985
71863 32169
92305 95961
98543 3775
19357 83029
31627 44321
52439 16827
72639 13937
31725 56741
42825 29137
95929 19329
71783 4941
93437 22563
1311 97699
71789 15761
79375 10639
93487 70459
68999 28945
23513 73131
6269 86575
79677 29801
5261 51667
93747 16249
31455 91013
31951 90755
43865 30319
96201 30467
20937 95199
67421 8737
82873 9441
21813 7663
26559 92119
76621 16225
16197 84365
6419 33199
96259 17569
85817 9287
31447 95581
19635 96265
31007 23657
66949 11823
85211 85441
27749 42299
12087 83817
93773 5815
68059 17363
14703 51587
68369 26497
17563 50965
31805 25265
88045 9887
48881 16007
23357 86105
9407 79639
4699 51801
6409 40053
50835 3177
32981 55999
93859 32017
26573 96583
84305 20593
98417 5013
10503 99301
73185 25819
49723 3151
66845 11195
54929 15599
27173 47285
72535 73577
2343 17479
9479 54501
88345 687
28393 91759
88315 6865
19597 99901
33003 78395
10271 19869
61477 23319
2379 30573
15877 66221
16433 51731
80461 28421
98099 9467
16619 96177
4279 76967
83995 33195
71407 4339
35719 21439
99229 96477
21425 22007
31153 45919
2231 87617
5765 42875
87403 93971
70481 257
83287 13173
30907 81247
87451 31997
28513 25311
94843 21141
75607 7883
92401 2423
11079 29681
95919 1195
13815 95605
81369 19055
27399 76135
84615 21863
42283 15519
23435 30553
78355 25935
73635 2745
71761 18363
11893 65761
84455 26445
88017 13137
6189 91383
5629 86399
99295 5343
33271 95965
68439 21615
21733 86181
17249 83623
7229 3123
99609 29317
54905 12365
9153 81903
77095 21127
12925 70441
9931 69035
19439 37011
83907 413
76929 8317
33177 61179
38413 24741
17369 61633
13015 96399
70021 27529
21173 82685
9411 86187
16883 75937
55411 5011
98541 19719
17793 32529
32973 18507
29065 64763
33027 12709
98101 82313
97387 21999
69755 11317
88431 20725
6945 76055
75327 32777
18083 67835
39411 15795
6003 68619
2177 77895
51321 16573
46467 2241
66231 19429
98425 83611
31007 70649
6969 73263
6479 73801
85799 80617
13539 83641
24665 84533
18329 90787
69531 29727
2897 43985
95831 68127
82221 19297
25077 34133
76943 20021
85895 28987
32465 68161
71763 1177
18081 74817
75723 22863
97293 16867
79461 28303
99385 8525
15383 83659
24385 64433
9839 99405
92341 27783
9615 96445
87083 19425
91947 14529
31199 92655
79163 78519
72955 13549
11297 37953
34351 14429
30315 82261
34411 22671
28619 96503
66919 3021
31985 91749
76167 30537
8535 56427
15285 76555
68247 22565
7395 76329
91417 8351
24429 67271
88025 7095
82167 6227
47101 28079
24431 94725
91229 19483
12975 95829
23531 94255
6307 76393
85705 27693
76099 32699
93531 26329
86025 3225
14709 92063
68821 29187
29607 77537
9119 86145
68643 75075
78933 27377
29443 87475
5001 84335
299 92413
69321 23835
64639 361
65297 28515
27849 57237
23399 55331
42973 12289
81455 12039
7483 77521
17227 86617
27097 27473
8027 82289
5335 43373
12937 74065
32493 78259
3301 61801
76187 21761
3173 89871
29963 66141
97745 81375
21469 47565
6009 70395
94607 28965
95341 98255
7161 86323
20041 76021
24295 93653
83599 91865
17811 76495
44637 16549
8835 97439
20173 47061
16369 77541
26497 85895
21595 65209
90173 4943
26913 31819
9719 88195
24043 95469
14827 22599
75745 9209
7677 35047
89959 14901
1351 88937
15207 86077
67927 11357
80539 30257
14073 91361
80975 20797
88299 13083
7185 76223
97271 90075
27527 87567
29209 63913
1483 78373
83295 16027
32475 91717
11453 98313
28819 70031
83483 30833
20829 57851
33467 9513
11573 1475
88921 20455
705 43005
5925 37589
27561 85391
78723 10345
67293 95983
73277 26135
9067 2771
24661 14095
21085 26859
21809 10671
20317 49825
25543 95803
16087 20735
89761 29797
86109 30107
9719 46617
16101 71047
85943 473
8887 78197
67001 21753
85917 89977
8595 76667
49345 16391
92525 22751
75421 21871
52587 11105
90665 241
78643 1557
9651 77259
3883 16307
53545 3129
11321 58411
71013 3801
83589 21987
70835 19307
31387 86333
77599 82757
98603 30037
63997 23665
10533 78271
9433 83845
4903 21965
67255 77767
79659 12871
22553 48851
97977 17259
21895 11215
8411 93527
7317 66529
76681 69277
18405 7587
68725 67425
47477 493
74271 19907
10677 73851
8101 5289
18239 97767
91921 21271
45109 17169
34445 15505
6869 94983
72193 10343
11051 84733
89395 21537
82375 3129
16383 67555
89983 84893
92001 67151
11745 69111
99435 84489
93763 91461
6217 77323
6849 67461
13713 32561
2399 80589
71513 2921
27249 46233
90649 68439
2069 90541
78153 1085
80135 24367
79335 2017
7047 92157
12799 48523
28145 85849
5333 9
11007 79515
82291 15171
22833 20275
24363 71487
74517 30463
15817 77125
92381 4743
15275 7931
70551 11195
20463 89589
79479 26627
11155 28483
6057 17725
8859 38721
79201 21153
26769 71265
5189 92583
41389 3551
70665 15725
21989 73165
99943 14579
13689 60497
11349 96689
73711 75679
96403 12185
6221 78115
92013 2595
4791 62453
12621 92715
26273 87575
12555 50671
16711 19449
80209 23041
43983 20523
47359 18895
24659 60899
21151 75665
27493 22251
10947 96927
76289 89
63827 11467
91315 10965
88707 95211
75695 20167
78437 96633
85585 10739
88785 27503
45655 11371
31975 40725
47787 3803
6909 35447
32075 42657
84967 11325
35369 22875
19685 69079
89165 99963
88535 86111
49295 6797
32817 18541
22683 36953
66265 5115
9803 95095
27711 97885
71463 93753
9313 79081
72849 28649
80439 14295
8739 86355
19169 76031
40033 6281
19055 74741
17939 77475
16289 86179
11109 82895
48791 33077
21803 95837
27963 55477
96759 4505
80839 69693
70375 31189
73113 92289
25433 40343
21721 84841
22659 77767
61775 30827
7615 79707
523 19963
86095 91395
57435 6001
30643 95241
94125 92499
66547 26867
3361 37213
3291 38213
81107 76099
83419 15309
73829 4861
18997 81369
68291 92219
88813 12633
87449 20759
69597 13511
72317 20797
3859 42325
6955 22511
4381 8757
13165 485
30711 57475
13905 98933
24555 19859
27971 77549
28163 95275
71643 2307
42117 14963
8033 67303
10327 24679
10219 29781
3235 38237
92901 15155
9903 84545
219 69261
76679 28363
58413 21365
32529 39647
23519 84311
77433 16679
3849 12641
17787 72639
91061 81193
23403 90585
70045 3109
15221 25519
32067 29781
14735 97031
24695 84975
94617 4505
97703 30033
46867 29591
71007 11901
87429 1657
31345 80103
30527 3321
12535 93305
17457 67485
12035 94707
83089 16357
6043 79043
24887 81731
35803 13071
93327 11383
21989 78635
81413 3315
9681 167
33115 19785
89963 26355
9679 94917
68967 28177
10923 91715
72559 9187
28585 81807
42105 30875
26327 50923
97671 79713
23001 59625
415 62849
31997 71867
10231 67231
87947 29379
18289 7051
94697 10293
90233 10961
5027 7575
94893 4593
98929 25785
85205 22321
9135 62605
89533 23035
69183 1751
31967 43125
51891 6499
71467 86579
1999 81373
65633 27921
28699 11589
73681 1721
89255 5183
19027 76681
16523 60403
99745 1837
24463 82435
92579 27753
5551 8465
68095 23577
7265 41629
8983 97303
96015 21491
