5
10
10 10 10 10 10 10 10 10 10 10
60 52 46 61 55 51 50 47 59
1 1
1 2
1 3
1 4
1 6
1 8
1 9
2 1
2 2
2 3
2 6
2 7
2 9
2 10
3 1
3 3
3 6
3 10
4 1
4 2
4 3
4 4
4 6
4 7
4 9
4 10
5 1
5 3
5 6
5 7
5 9
6 1
6 3
6 5
6 7
6 8
6 10
7 2
7 3
7 4
7 8
7 9
8 1
8 3
8 4
8 5
8 6
8 7
8 10
9 2
9 3
9 5
9 6
9 8
10 1
10 2
10 5
10 6
10 9
10 10
1 6
1 7
1 8
1 9
2 1
2 4
2 5
2 6
2 8
2 9
2 10
3 2
3 3
3 4
3 5
3 6
3 8
3 9
4 1
4 3
4 4
4 5
4 8
4 9
5 1
5 2
5 3
5 4
5 7
5 8
5 9
5 10
6 1
6 2
6 7
6 10
7 1
7 2
7 4
7 6
7 7
7 9
7 10
8 1
8 4
8 9
9 4
9 5
9 6
10 4
10 6
10 8
1 2
1 3
1 5
1 6
1 7
1 10
2 1
2 2
2 7
2 8
2 9
2 10
3 1
3 2
3 5
3 6
3 7
4 2
4 5
4 6
4 7
4 9
5 1
5 4
5 5
5 9
5 10
6 2
6 3
6 5
6 6
6 10
7 4
7 5
8 6
8 7
8 8
8 9
8 10
9 2
9 3
9 5
9 7
10 1
10 3
10 8
1 1
1 5
1 7
1 9
1 10
2 1
2 3
2 5
2 6
2 8
2 10
3 3
3 4
3 5
3 7
3 8
3 9
3 10
4 1
4 4
4 5
4 10
5 2
5 3
5 4
5 5
5 6
5 7
5 8
6 1
6 2
6 5
6 6
6 7
6 8
6 9
7 1
7 2
7 3
7 4
7 5
7 6
7 7
7 8
7 10
8 1
8 2
8 4
8 5
8 7
8 9
9 1
9 3
9 6
9 7
9 9
10 1
10 7
10 8
10 9
10 10
1 1
1 2
1 4
1 5
1 7
2 1
2 4
2 9
3 2
3 3
3 4
3 5
3 6
3 9
4 1
4 4
4 5
4 8
4 9
4 10
5 3
5 4
5 5
5 7
5 10
6 2
6 3
6 4
6 5
6 6
6 7
6 9
6 10
7 1
7 4
7 5
7 7
7 9
8 1
8 2
8 5
8 7
8 8
9 1
9 2
9 3
9 5
9 6
9 8
9 9
9 10
10 1
10 2
10 4
10 10
1 2
1 4
1 5
1 6
1 7
1 10
2 6
2 8
2 9
3 1
3 2
3 4
3 5
3 6
3 8
3 9
4 1
4 2
4 3
4 5
4 7
4 8
4 9
5 2
5 3
5 4
5 7
5 8
5 10
6 2
6 4
6 6
6 9
7 2
7 4
7 5
7 6
7 7
7 9
7 10
8 2
8 3
8 4
8 6
8 9
9 1
9 5
9 7
9 8
10 6
10 7
1 2
1 3
1 5
1 7
1 8
1 9
1 10
2 1
2 4
2 5
2 6
2 7
2 8
2 10
3 2
3 4
3 6
3 7
4 1
4 2
4 4
4 7
5 2
5 6
5 7
5 8
5 9
5 10
6 1
6 6
6 8
6 9
6 10
7 1
7 7
7 8
8 5
8 7
9 2
9 4
9 6
9 7
9 8
9 9
10 3
10 4
10 5
10 6
10 7
10 9
1 3
1 4
1 7
2 3
2 5
2 7
2 8
2 10
3 5
3 7
4 2
4 3
4 4
4 5
4 6
5 2
5 4
5 6
5 8
5 9
5 10
6 1
6 2
6 6
6 7
6 8
7 1
7 2
7 3
7 7
7 8
7 9
7 10
8 1
8 2
8 4
8 9
9 2
9 3
9 7
9 8
10 2
10 3
10 4
10 7
10 9
10 10
1 1
1 3
1 5
1 7
1 10
2 1
2 3
2 4
2 6
2 9
2 10
3 3
3 5
3 6
3 9
3 10
4 1
4 2
4 6
4 7
4 10
5 1
5 5
5 9
6 1
6 2
6 3
6 5
6 6
6 9
6 10
7 1
7 2
7 3
7 5
7 6
7 7
7 9
7 10
8 1
8 2
8 4
8 8
8 9
8 10
9 1
9 2
9 3
9 4
9 5
9 6
10 1
10 2
10 4
10 5
10 6
10 7
10 8
10 10
10
10 10 10 10 10 10 10 10 10 10
51 64 54 54 46 57 51 44 51
1 2
1 4
1 5
1 6
1 9
1 10
2 1
2 5
2 6
2 7
2 8
2 9
3 8
3 10
4 1
4 2
4 3
4 4
4 7
5 1
5 3
5 4
5 7
5 8
5 9
6 1
6 2
6 5
6 7
6 8
6 10
7 1
7 2
7 3
7 4
7 5
7 6
7 10
8 3
8 4
8 6
8 10
9 3
9 7
9 8
9 10
10 1
10 3
10 6
10 7
10 10
1 1
1 3
1 5
1 6
1 7
1 8
2 1
2 2
2 5
2 6
2 8
2 9
2 10
3 1
3 2
3 3
3 4
3 10
4 1
4 2
4 3
4 4
4 6
4 8
5 2
5 4
5 5
5 6
5 9
6 1
6 2
6 3
6 4
6 5
6 6
6 9
7 1
7 2
7 3
7 7
7 8
7 9
7 10
8 1
8 2
8 3
8 4
8 6
8 8
8 9
8 10
9 1
9 3
9 4
9 5
9 6
9 8
9 9
9 10
10 1
10 2
10 3
10 4
10 7
1 1
1 2
2 2
2 3
2 5
2 7
2 9
2 10
3 2
3 3
3 4
3 5
3 8
3 9
3 10
4 1
4 2
4 6
4 7
4 8
4 9
5 1
5 2
5 3
5 4
5 7
5 9
5 10
6 2
6 9
7 1
7 2
7 3
7 6
7 7
7 9
7 10
8 1
8 2
8 7
8 8
8 9
8 10
9 3
9 4
9 6
9 8
10 1
10 3
10 4
10 6
10 8
10 9
10 10
1 1
1 6
1 7
1 8
1 9
2 1
2 2
2 6
2 7
2 8
2 9
3 2
3 7
3 8
3 9
3 10
4 1
4 4
4 6
4 10
5 1
5 2
5 4
5 7
5 9
6 1
6 2
6 4
6 7
6 8
7 1
7 2
7 3
7 5
7 6
7 7
7 8
7 9
8 1
8 2
8 3
8 4
8 7
8 9
8 10
9 1
9 4
9 5
9 7
9 9
10 3
10 4
10 7
10 10
1 2
1 3
1 7
1 8
1 10
2 2
2 3
2 5
2 6
2 7
2 9
3 1
3 2
3 3
3 5
3 9
3 10
4 4
4 8
4 9
5 3
5 5
5 8
5 9
6 1
6 5
6 7
6 8
7 1
7 3
7 5
7 8
7 10
8 4
8 10
9 3
9 4
9 5
9 6
9 7
9 8
10 2
10 6
10 8
10 9
10 10
1 2
1 3
1 4
1 5
1 6
1 7
1 8
1 9
1 10
2 3
2 4
2 7
2 8
2 9
3 4
3 6
3 7
3 8
3 9
4 2
4 3
4 4
4 5
4 8
5 1
5 3
5 4
5 6
5 9
6 2
6 3
6 4
6 9
6 10
7 3
7 4
7 5
7 6
7 8
7 9
7 10
8 1
8 2
8 3
8 10
9 2
9 3
9 4
9 5
9 7
9 10
10 1
10 2
10 3
10 4
10 7
10 9
1 1
1 2
1 5
1 8
1 10
2 1
2 2
2 3
2 5
2 6
2 9
2 10
3 1
3 2
3 3
3 6
3 7
3 10
4 7
4 9
5 3
5 4
5 5
5 8
5 9
5 10
6 1
6 4
7 2
7 4
7 7
7 8
7 9
7 10
8 1
8 3
8 4
8 5
8 7
9 1
9 3
9 4
9 5
9 7
9 9
9 10
10 1
10 4
10 5
10 6
10 10
1 4
1 7
1 10
2 4
2 6
2 7
2 9
3 3
3 4
3 5
3 7
3 9
3 10
4 1
4 2
4 3
4 7
5 1
5 3
5 4
5 5
5 9
6 6
6 9
6 10
7 2
7 3
7 4
7 5
7 6
7 7
7 8
8 1
8 4
8 5
8 9
9 2
9 10
10 1
10 5
10 6
10 7
10 9
10 10
1 6
1 7
1 8
1 10
2 1
2 4
2 6
2 8
2 9
2 10
3 3
3 4
3 7
3 9
4 4
4 5
4 6
4 7
4 8
4 9
4 10
5 1
5 2
5 5
5 7
5 8
6 1
6 3
6 5
6 6
6 7
6 8
6 9
7 2
7 3
7 5
7 8
7 9
8 1
8 7
8 8
8 9
9 2
9 4
9 7
9 9
9 10
10 4
10 8
10 9
10 10
10
10 10 10 10 10 10 10 10 10 10
48 58 41 62 61 46 54 51 44
1 1
1 3
1 4
1 7
1 8
1 10
2 1
2 4
2 6
2 9
2 10
3 1
3 2
3 3
3 5
4 2
4 3
4 6
4 7
4 9
4 10
5 2
5 3
5 4
5 5
5 6
5 9
6 1
6 2
6 3
6 5
6 6
7 1
7 5
7 6
7 7
7 9
8 1
8 2
8 5
8 6
8 7
9 4
9 5
10 1
10 3
10 5
10 6
1 1
1 3
1 4
1 5
1 7
1 9
1 10
2 1
2 2
2 3
2 6
2 7
2 9
2 10
3 2
3 3
3 5
3 7
3 10
4 1
4 2
4 7
4 8
4 9
4 10
5 1
5 2
5 4
5 5
5 7
5 10
6 2
6 3
6 4
6 6
6 10
7 2
7 3
7 6
7 9
7 10
8 8
8 9
9 1
9 2
9 5
9 6
9 8
9 9
10 1
10 3
10 4
10 5
10 6
10 7
10 8
10 9
10 10
1 2
1 3
1 4
1 6
1 9
2 2
2 6
2 8
3 3
3 5
3 7
3 10
4 1
4 3
4 7
5 2
5 4
5 5
5 7
5 9
6 1
6 4
6 5
6 6
7 2
7 5
7 7
7 9
8 2
8 4
8 5
8 7
8 10
9 1
9 2
9 4
9 6
9 9
10 4
10 7
10 10
1 2
1 3
1 4
1 6
1 7
1 9
2 1
2 2
2 3
2 4
2 5
2 6
2 8
2 10
3 2
3 3
3 4
3 5
3 6
3 7
3 8
3 9
4 1
4 2
4 3
4 5
4 6
4 8
4 9
4 10
5 1
5 4
5 6
5 7
5 9
6 1
6 3
6 4
6 5
6 6
6 10
7 2
7 4
7 5
7 7
7 8
8 2
8 3
8 5
8 9
9 1
9 2
9 4
9 5
9 6
9 7
9 10
10 2
10 4
10 6
10 9
10 10
1 1
1 2
1 4
1 6
1 7
2 1
2 2
2 3
2 7
2 8
2 9
3 1
3 3
3 4
3 5
3 6
3 7
3 8
3 9
4 2
4 4
4 5
4 6
4 7
4 8
5 2
5 3
5 4
5 6
5 7
5 8
5 9
6 1
6 2
6 3
6 4
6 5
6 6
6 9
6 10
7 1
7 7
7 8
7 9
7 10
8 2
8 4
8 6
8 7
8 8
8 10
9 2
9 3
9 5
9 6
9 7
9 8
9 9
10 1
10 7
10 8
1 1
1 2
1 3
1 6
1 8
1 9
2 3
2 7
3 1
3 3
3 4
3 6
3 8
3 10
4 1
4 2
4 3
4 4
4 5
4 7
4 8
5 1
5 3
5 5
5 6
5 10
6 2
6 5
6 8
7 3
7 5
7 9
8 3
8 4
8 5
8 7
8 8
8 10
9 1
9 2
9 5
9 9
10 3
10 4
10 5
10 7
1 1
1 2
1 3
1 4
1 5
1 8
2 2
2 4
2 5
2 6
2 9
3 2
3 6
3 7
4 1
4 2
4 3
4 4
4 5
4 8
4 9
4 10
5 2
5 4
5 6
6 3
6 4
6 8
6 9
7 1
7 2
7 3
7 4
7 6
7 7
7 8
7 10
8 4
8 6
8 7
8 9
8 10
9 2
9 3
9 4
9 6
9 7
9 10
10 1
10 4
10 5
10 6
10 9
10 10
1 1
1 2
1 4
1 6
1 8
1 10
2 1
2 3
2 6
2 8
2 9
2 10
3 1
3 5
3 6
3 7
3 8
4 1
4 3
4 5
4 7
4 8
4 10
5 7
5 9
6 2
6 4
6 6
6 7
6 8
6 10
7 2
7 3
7 5
7 8
7 10
8 1
8 4
8 7
8 8
8 10
9 2
9 3
9 5
9 8
10 1
10 3
10 7
10 8
10 9
10 10
1 2
1 3
1 4
1 5
1 6
1 7
1 9
1 10
2 1
2 6
2 7
2 9
3 1
3 2
3 10
4 4
4 8
4 9
5 2
5 4
5 6
5 7
5 8
5 9
5 10
6 1
6 2
6 3
6 5
6 6
6 7
6 10
7 6
7 8
8 2
8 6
8 7
8 8
9 5
9 7
10 2
10 7
10 8
10 9
10
10 10 10 10 10 10 10 10 10 10
44 48 50 48 49 43 60 44 47
1 1
1 2
1 4
1 7
1 9
1 10
2 3
2 5
2 9
2 10
3 3
3 5
3 8
3 10
4 5
4 7
4 9
5 1
5 2
5 3
5 4
5 5
5 6
5 7
5 9
6 1
6 3
6 5
6 6
6 8
6 9
7 2
7 6
7 8
7 10
8 3
8 7
8 8
8 10
9 1
10 1
10 5
10 8
10 9
1 1
1 3
1 4
1 5
1 6
1 8
1 9
2 5
2 6
2 7
2 8
2 9
3 3
3 4
3 5
3 6
3 7
3 8
3 9
4 1
4 2
4 3
4 4
4 5
4 7
4 9
4 10
5 6
5 8
5 10
6 2
7 2
7 5
7 6
8 3
8 5
8 6
8 10
9 1
9 4
9 5
9 6
9 7
9 8
10 2
10 3
10 4
10 7
1 1
1 3
1 4
1 5
1 6
2 1
2 2
2 3
2 4
2 5
2 9
3 4
3 5
3 8
3 10
4 3
4 4
4 6
4 7
4 9
4 10
5 1
5 2
5 5
5 8
6 3
6 7
6 8
6 10
7 2
7 10
8 1
8 3
8 4
8 6
8 9
8 10
9 2
9 3
9 4
9 7
9 9
9 10
10 1
10 2
10 4
10 5
10 7
10 8
10 9
1 2
1 3
1 6
1 7
2 3
2 4
2 5
2 6
2 8
2 9
3 2
3 3
3 4
3 5
3 6
3 7
3 8
4 1
4 4
4 5
4 6
4 10
5 3
5 6
5 8
6 2
6 4
6 5
6 6
6 8
7 1
7 2
7 5
7 6
7 7
7 8
7 9
7 10
8 1
8 4
8 6
8 10
9 1
9 6
9 7
10 1
10 3
10 10
1 3
1 5
1 7
1 9
2 1
2 3
2 4
2 8
3 1
3 2
3 4
3 5
3 6
3 7
3 8
3 10
4 1
4 4
4 7
4 8
4 10
5 2
5 3
5 5
5 9
5 10
6 2
6 4
6 7
6 9
6 10
7 4
7 7
7 10
8 3
8 5
8 6
8 9
8 10
9 2
9 3
9 5
9 7
9 8
9 10
10 1
10 3
10 8
10 9
1 3
1 6
1 7
1 9
1 10
2 3
2 4
2 5
2 6
3 3
3 4
3 5
3 7
3 8
3 9
4 1
4 4
4 5
4 10
5 1
5 3
5 5
5 6
5 8
5 10
6 1
6 5
6 7
6 9
7 2
7 4
7 6
7 10
8 3
8 4
8 6
8 8
8 9
9 2
9 4
9 7
10 2
10 6
1 2
1 6
1 7
1 8
1 9
1 10
2 1
2 3
2 5
2 6
2 7
2 8
2 9
2 10
3 1
3 2
3 6
3 9
3 10
4 1
4 2
4 3
4 4
4 6
4 8
5 2
5 10
6 1
6 2
6 3
6 5
6 6
6 7
6 8
6 10
7 1
7 2
7 3
7 4
7 5
7 6
7 7
7 8
7 10
8 1
8 2
8 4
8 5
8 7
8 8
8 10
9 3
9 4
9 5
9 7
9 10
10 3
10 7
10 9
10 10
1 3
1 4
1 6
1 7
1 8
1 9
1 10
2 2
2 5
2 10
3 4
3 6
3 8
3 10
4 3
5 1
5 2
5 3
5 5
5 6
5 9
6 2
6 3
6 9
7 2
7 4
7 8
7 10
8 3
8 5
8 6
8 7
8 8
8 9
9 1
9 5
9 6
9 9
10 1
10 5
10 7
10 8
10 9
10 10
1 1
1 2
1 3
1 6
1 9
2 1
2 3
2 5
2 7
2 8
2 9
3 2
3 4
3 7
3 10
4 3
4 4
4 5
4 6
4 7
4 8
4 10
5 3
5 5
5 7
5 8
6 3
6 8
6 10
7 2
7 5
7 7
8 1
8 2
8 4
8 5
8 6
9 1
9 3
9 5
9 7
9 9
9 10
10 1
10 5
10 7
10 9
10
10 10 10 10 10 10 10 10 10 10
51 53 53 47 47 48 59 53 48
1 1
1 2
1 3
2 1
2 3
2 5
2 6
2 8
2 9
3 1
3 2
3 5
3 7
3 9
4 3
4 6
4 9
5 3
5 5
5 6
6 3
6 4
6 6
6 7
6 8
6 9
6 10
7 1
7 2
7 3
7 4
7 6
7 8
7 9
7 10
8 3
8 6
8 7
8 8
8 9
8 10
9 1
9 3
9 4
9 6
9 9
9 10
10 1
10 7
10 8
10 9
1 1
1 2
1 4
1 5
1 6
1 9
2 6
2 8
2 9
2 10
3 1
3 2
3 3
3 4
3 7
3 10
4 1
4 2
4 3
4 4
4 6
4 8
5 1
5 2
5 4
5 5
5 6
5 8
5 9
5 10
6 1
6 5
6 6
6 7
6 9
6 10
7 5
7 6
7 9
7 10
8 1
8 5
8 10
9 2
9 4
9 5
9 8
9 9
10 1
10 4
10 6
10 7
10 10
1 1
1 4
1 9
2 1
2 5
2 10
3 1
3 2
3 3
3 4
3 5
3 7
3 9
3 10
4 1
4 5
4 6
4 9
4 10
5 1
5 3
5 6
5 7
5 8
5 9
6 1
6 2
6 5
6 6
6 7
6 9
6 10
7 2
7 3
7 4
7 6
7 8
8 1
8 2
8 4
8 5
8 9
9 3
9 5
9 6
9 7
9 9
10 4
10 5
10 6
10 7
10 8
10 9
1 1
1 2
1 3
1 6
1 7
2 1
2 3
2 4
2 6
2 8
2 9
3 1
3 6
3 7
3 10
4 1
4 2
4 4
4 6
4 9
4 10
5 1
5 3
5 4
5 8
5 9
6 1
6 4
6 7
6 9
6 10
7 1
7 4
7 6
8 1
8 2
8 5
9 1
9 3
9 9
9 10
10 2
10 4
10 5
10 7
10 9
10 10
1 1
1 4
1 8
1 10
2 3
2 4
2 5
2 9
2 10
3 1
3 2
3 7
3 8
3 10
4 1
4 3
4 7
4 8
4 9
5 1
5 5
5 7
5 9
5 10
6 1
6 4
6 5
6 6
6 8
7 4
7 8
8 1
8 8
8 9
8 10
9 1
9 3
9 4
9 5
9 6
9 7
9 10
10 1
10 2
10 4
10 7
10 9
1 2
1 4
1 5
1 6
1 8
2 1
2 3
2 4
2 5
2 6
2 7
2 8
2 10
3 7
3 8
3 9
4 1
4 3
4 5
4 8
4 10
5 3
5 5
5 7
5 9
5 10
6 1
6 7
6 10
7 1
7 2
7 3
7 6
7 8
7 9
7 10
8 1
8 2
8 3
8 5
8 6
9 6
9 7
9 10
10 1
10 3
10 5
10 10
1 1
1 2
1 4
1 5
1 6
1 7
1 8
1 10
2 1
2 2
2 5
2 6
2 7
2 8
2 10
3 1
3 2
3 4
3 10
4 1
4 3
4 5
4 6
4 8
4 9
4 10
5 2
5 4
5 7
5 8
5 9
6 1
6 3
6 4
6 5
6 7
6 9
6 10
7 1
7 5
7 7
7 9
8 1
8 2
8 3
8 4
8 6
8 7
8 8
8 10
9 1
9 5
9 7
9 8
9 10
10 2
10 4
10 7
10 10
1 2
1 4
1 9
1 10
2 2
2 4
2 5
3 2
3 3
3 4
3 5
3 7
3 10
4 1
4 2
4 4
5 2
5 3
5 4
5 5
5 6
5 8
5 9
6 1
6 3
6 5
6 6
6 7
6 8
6 9
6 10
7 2
7 6
7 9
7 10
8 1
8 2
8 5
8 7
9 2
9 3
9 5
9 6
9 7
9 8
9 9
10 1
10 2
10 4
10 7
10 8
10 9
10 10
1 1
1 2
1 4
1 6
1 7
1 8
1 9
2 1
2 2
2 4
2 5
2 7
2 10
3 4
3 5
3 6
3 7
3 9
4 1
4 6
4 7
4 10
5 3
5 4
5 7
5 8
6 2
6 3
6 5
6 6
6 7
7 1
7 2
7 5
7 6
8 2
8 3
8 4
8 7
8 8
9 1
9 2
9 8
9 9
9 10
10 1
10 5
10 8
