5
10
10 16 15 13 10 19 11 16 17 10
77 110 84 68 86 107 85 128 81
1 1
1 2
1 9
1 12
1 13
1 14
2 1
2 2
2 3
2 5
2 6
2 7
2 10
2 14
3 1
3 2
3 4
3 9
3 10
3 12
3 13
3 15
3 16
4 2
4 5
4 7
4 9
4 10
4 11
4 12
5 2
5 7
5 8
5 13
5 16
6 3
6 4
6 7
6 10
6 11
6 13
6 16
7 2
7 3
7 4
7 5
7 7
7 8
7 10
7 11
7 13
7 15
8 1
8 4
8 5
8 6
8 7
8 8
8 10
8 11
8 14
8 16
9 1
9 6
9 7
9 11
9 12
9 14
9 16
10 2
10 4
10 9
10 11
10 12
10 13
10 15
10 16
1 2
1 3
1 9
1 15
2 4
2 5
2 9
2 11
2 12
2 13
3 1
3 2
3 3
3 6
3 8
3 10
3 11
4 3
4 6
4 7
4 9
4 10
4 14
5 1
5 2
5 3
5 5
5 7
5 9
5 10
5 11
5 13
5 14
5 15
6 1
6 2
6 3
6 5
6 6
6 7
6 10
6 12
6 13
7 1
7 3
7 5
7 7
7 10
7 11
7 13
7 15
8 2
8 3
8 4
8 5
8 6
8 8
8 9
8 10
9 1
9 8
9 13
10 1
10 2
10 3
10 4
10 7
10 8
10 10
10 13
10 15
11 1
11 3
11 5
11 6
11 7
11 11
11 15
12 2
12 3
12 6
12 8
12 12
12 13
13 5
13 8
13 11
13 12
13 13
13 14
14 1
14 2
14 5
14 6
14 10
15 4
15 7
15 8
15 13
15 15
16 1
16 2
16 3
16 6
16 7
16 8
16 10
16 11
16 14
16 15
1 2
1 5
1 6
1 7
1 11
1 12
2 1
2 6
2 7
2 8
2 10
2 11
2 12
3 2
3 4
3 5
3 6
3 8
3 11
3 12
4 4
4 6
4 8
4 13
5 2
5 5
5 6
5 7
5 10
5 11
5 13
6 1
6 5
6 6
6 7
6 11
7 6
7 10
7 11
8 4
8 5
8 6
8 7
8 10
9 1
9 4
9 6
9 9
9 13
10 1
10 2
10 3
10 5
10 6
10 8
10 9
10 12
11 1
11 3
11 4
11 5
11 6
11 13
12 3
12 7
12 9
12 11
12 12
12 13
13 2
13 5
13 8
13 11
14 1
14 3
14 5
14 10
14 12
14 13
15 1
15 6
15 8
15 10
15 13
1 1
1 3
1 5
1 6
1 8
1 10
2 1
2 2
2 3
2 6
2 8
2 9
3 1
3 2
3 3
3 9
4 1
4 2
4 6
4 7
4 9
5 1
5 3
5 4
5 6
5 7
5 8
5 10
6 3
6 5
6 10
7 1
7 3
7 7
7 8
7 10
8 1
8 2
8 3
8 5
8 7
8 9
8 10
9 1
9 2
9 4
9 5
9 10
10 1
10 2
10 3
10 4
10 5
10 8
10 9
11 2
11 3
11 8
12 2
12 3
12 6
12 7
12 8
12 9
13 2
13 4
13 5
13 8
1 1
1 5
1 6
1 8
1 11
1 12
1 17
1 19
2 2
2 7
2 11
2 15
2 16
3 5
3 7
3 8
3 9
3 11
3 13
3 14
3 16
3 17
3 18
3 19
4 3
4 6
4 8
4 9
4 10
4 11
4 12
4 16
4 17
4 18
5 3
5 5
5 8
5 10
5 15
5 17
5 18
6 1
6 3
6 10
6 12
6 17
6 19
7 3
7 5
7 6
7 8
7 10
7 11
7 13
7 15
7 17
7 18
8 2
8 4
8 6
8 7
8 9
8 13
8 14
8 15
8 17
9 1
9 2
9 3
9 4
9 5
9 8
9 14
9 15
9 16
9 19
10 1
10 3
10 4
10 6
10 7
10 9
10 10
10 12
10 16
10 18
1 2
1 5
1 8
1 9
2 1
2 2
2 3
2 4
2 6
2 9
2 11
3 2
3 4
3 6
3 8
3 11
4 5
4 8
4 11
5 2
5 3
5 5
5 6
5 8
5 9
6 2
6 4
6 5
6 7
6 8
6 10
7 1
7 5
7 7
7 9
7 10
7 11
8 2
8 3
8 7
8 8
8 11
9 2
9 8
9 11
10 5
10 8
10 9
11 2
11 4
11 5
11 6
11 7
11 10
11 11
12 1
12 3
12 5
12 8
12 9
13 1
13 6
13 7
13 8
13 9
14 2
14 3
14 4
14 5
14 6
14 7
14 9
14 11
15 1
15 3
15 6
15 7
15 8
15 9
15 10
16 1
16 2
16 3
16 5
16 6
16 7
16 8
16 9
17 1
17 2
17 4
17 5
17 7
17 8
17 9
17 11
18 1
18 2
18 5
18 8
18 9
18 11
19 1
19 2
19 4
19 6
19 11
1 2
1 4
1 8
1 9
1 10
1 13
2 1
2 3
2 5
2 7
2 9
2 10
2 11
2 14
3 1
3 2
3 8
3 11
3 12
3 14
3 16
4 2
4 4
4 7
4 8
4 11
4 13
5 1
5 3
5 4
5 5
5 7
5 8
5 10
5 15
6 2
6 5
6 6
6 7
6 8
6 9
6 11
6 14
6 16
7 1
7 2
7 3
7 7
7 8
7 9
7 12
7 15
8 2
8 3
8 4
8 6
8 7
8 9
8 10
8 11
8 12
8 14
8 16
9 1
9 2
9 4
9 11
9 12
9 13
9 16
10 1
10 2
10 3
10 5
10 7
10 8
10 9
10 12
10 14
10 16
11 5
11 6
11 9
11 13
11 16
1 2
1 9
1 13
1 14
2 1
2 2
2 7
2 8
2 12
3 1
3 2
3 3
3 5
3 6
3 8
3 9
3 10
3 13
3 14
3 15
3 16
4 6
4 7
4 8
4 10
4 11
4 13
4 15
4 16
4 17
5 1
5 2
5 4
5 7
5 11
5 12
5 15
6 1
6 2
6 3
6 4
6 5
6 6
6 10
6 13
6 15
7 3
7 6
7 10
7 12
7 13
7 15
7 16
8 4
8 5
8 7
8 9
8 10
8 12
8 14
8 15
8 16
8 17
9 2
9 4
9 5
9 6
9 9
9 15
10 1
10 3
10 5
10 6
10 7
10 9
10 13
10 14
11 1
11 2
11 3
11 4
11 5
11 6
11 7
11 9
11 14
12 2
12 3
12 8
12 10
12 13
12 14
12 17
13 1
13 2
13 3
13 4
13 5
13 8
13 9
13 10
13 11
13 14
13 16
13 17
14 1
14 2
14 3
14 7
14 8
14 11
14 12
14 13
14 14
14 15
15 3
15 5
15 8
15 10
15 11
15 15
16 2
16 4
16 6
16 7
16 10
16 13
16 14
1 2
1 3
1 4
1 5
2 3
2 4
2 6
2 9
2 10
3 1
3 4
3 6
3 7
3 8
3 9
3 10
4 2
4 4
4 9
5 4
5 7
5 8
5 10
6 2
6 3
6 4
6 5
6 8
7 1
7 2
7 5
7 6
7 7
8 1
8 2
8 4
8 6
8 8
8 9
9 2
9 3
9 8
9 10
10 1
10 2
10 5
10 9
10 10
11 2
11 4
11 5
11 6
11 8
11 10
12 2
12 4
12 5
12 9
12 10
13 1
13 2
13 5
13 8
14 2
14 6
14 10
15 1
15 2
15 5
16 5
16 6
16 7
16 8
16 9
16 10
17 1
17 4
17 6
17 7
17 9
17 10
10
10 13 18 13 19 14 18 14 14 10
65 114 112 123 128 135 112 85 74
1 1
1 2
1 3
1 4
1 5
1 7
1 8
1 10
1 11
1 12
2 2
2 6
2 8
2 11
2 12
2 13
3 2
3 5
3 7
3 8
3 9
3 11
4 2
4 3
4 4
4 5
4 7
4 8
4 9
4 11
4 13
5 3
5 4
5 5
5 9
5 11
5 12
5 13
6 2
6 3
6 4
6 5
6 7
6 11
7 2
7 6
7 8
7 9
7 10
7 13
8 3
8 4
8 5
8 6
8 7
8 13
9 2
9 3
9 4
9 9
9 10
9 11
9 13
10 7
10 13
1 1
1 3
1 4
1 5
1 8
1 12
1 15
1 17
2 1
2 3
2 5
2 6
2 7
2 8
2 14
2 16
2 17
2 18
3 1
3 2
3 4
3 5
3 6
3 7
3 8
3 9
3 15
3 17
3 18
4 2
4 3
4 4
4 5
4 6
4 7
4 9
4 15
4 16
5 1
5 3
5 4
5 5
5 7
5 11
5 12
5 14
5 15
5 16
5 17
5 18
6 2
6 7
6 8
6 10
6 12
7 2
7 4
7 6
7 7
7 8
7 9
7 11
7 13
7 14
7 16
7 17
8 1
8 4
8 5
8 12
8 13
8 15
8 16
8 17
9 1
9 5
9 6
9 8
9 10
9 11
9 12
9 15
10 5
10 7
10 8
10 10
10 12
10 13
10 14
10 18
11 2
11 4
11 5
11 6
11 7
11 9
11 13
11 17
12 2
12 5
12 7
12 8
12 18
13 2
13 3
13 4
13 5
13 8
13 11
13 13
13 15
13 16
13 17
13 18
1 1
1 2
1 7
1 12
2 3
2 4
2 5
2 10
2 12
2 13
3 4
3 5
3 8
3 12
3 13
4 1
4 6
4 10
4 11
4 12
5 2
5 3
5 4
5 6
5 7
5 11
5 13
6 2
6 8
6 9
6 11
6 12
7 4
7 5
7 9
7 10
7 11
7 12
7 13
8 2
8 3
8 5
8 10
8 12
8 13
9 1
9 6
9 7
9 8
9 11
9 12
9 13
10 3
10 4
10 5
10 6
10 8
10 9
10 12
11 2
11 3
11 5
11 6
11 8
11 9
11 10
11 11
12 1
12 4
12 5
12 7
12 9
12 12
13 1
13 3
13 4
13 5
13 6
13 7
13 8
13 10
13 11
13 13
14 1
14 2
14 6
14 9
14 10
15 1
15 2
15 4
15 7
15 8
15 9
15 12
16 2
16 3
16 4
16 6
16 8
16 10
17 3
17 7
17 8
17 9
17 10
17 11
18 4
18 9
18 10
18 11
18 13
1 2
1 3
1 4
1 6
1 7
1 9
1 10
1 11
1 14
1 15
1 16
1 18
2 1
2 5
2 6
2 7
2 9
2 14
2 19
3 1
3 3
3 4
3 6
3 9
3 10
3 12
3 13
3 14
3 17
4 1
4 2
4 4
4 5
4 6
4 15
4 16
5 5
5 8
5 9
5 10
5 11
5 15
5 17
5 18
5 19
6 2
6 3
6 5
6 6
6 7
6 8
6 9
6 10
6 11
6 14
6 15
6 17
7 1
7 2
7 4
7 7
7 8
7 9
7 12
7 13
7 16
8 4
8 7
8 10
8 11
8 13
8 15
8 16
8 19
9 3
9 4
9 6
9 8
9 9
9 10
9 11
9 15
9 16
9 18
10 2
10 3
10 6
10 7
10 10
10 12
10 15
10 16
10 17
10 18
10 19
11 2
11 5
11 7
11 9
11 11
11 16
11 17
12 5
12 7
12 8
12 12
12 13
12 14
12 15
12 19
13 1
13 2
13 3
13 5
13 6
13 7
13 10
13 12
13 13
13 14
13 15
13 17
13 18
1 1
1 2
1 3
1 4
1 5
1 7
1 8
1 9
1 12
1 14
2 2
2 7
2 9
2 11
2 12
3 2
3 4
3 6
3 8
3 11
3 12
3 14
4 5
4 6
4 9
4 10
4 12
4 14
5 1
5 2
5 3
5 8
5 9
5 11
5 14
6 1
6 3
6 4
6 6
6 7
6 8
6 9
6 10
7 4
7 5
7 6
7 9
7 10
7 11
7 12
7 14
8 4
8 7
8 10
8 13
8 14
9 1
9 2
9 3
9 4
9 6
9 8
9 11
9 12
10 2
10 6
10 7
10 8
10 10
10 11
10 12
10 14
11 3
11 4
11 5
11 6
11 7
11 8
11 14
12 3
12 5
12 6
12 8
12 9
12 10
12 13
12 14
13 1
13 2
13 4
13 8
13 9
13 10
13 13
14 1
14 3
14 5
14 6
14 11
14 14
15 2
15 3
15 4
15 6
15 8
15 9
15 12
16 1
16 3
16 6
16 13
17 2
17 4
17 8
17 12
18 1
18 2
18 5
18 10
18 14
19 1
19 2
19 4
19 5
19 8
19 9
19 10
19 12
1 1
1 2
1 4
1 6
1 7
1 9
1 10
1 11
1 12
1 14
1 15
1 17
1 18
2 5
2 6
2 7
2 8
2 9
2 10
2 11
2 14
2 15
3 1
3 3
3 4
3 6
3 7
3 8
3 10
3 11
3 12
3 14
3 16
4 1
4 3
4 5
4 6
4 7
4 9
4 12
4 13
4 15
4 16
4 18
5 4
5 5
5 6
5 7
5 8
5 12
5 14
5 16
5 17
6 2
6 3
6 9
6 10
6 13
6 14
6 16
6 17
7 1
7 3
7 4
7 5
7 6
7 7
7 9
7 10
7 11
7 12
7 14
7 15
7 17
7 18
8 1
8 2
8 3
8 4
8 5
8 6
8 7
8 8
8 9
8 15
9 1
9 2
9 4
9 5
9 7
9 8
9 11
9 12
9 13
9 17
9 18
10 4
10 7
10 8
10 11
10 13
10 15
10 16
10 18
11 3
11 7
11 9
11 10
11 15
11 17
12 1
12 2
12 3
12 5
12 6
12 9
12 10
12 13
13 2
13 5
13 7
13 8
13 9
13 11
13 12
13 17
14 3
14 5
14 8
14 10
14 11
14 12
14 13
14 14
14 16
1 1
1 2
1 4
1 7
1 8
1 9
1 10
1 11
1 14
2 2
2 4
2 6
2 10
2 11
2 12
3 2
3 5
3 8
3 13
4 4
4 8
4 9
4 12
5 5
5 6
5 8
5 10
5 13
6 3
6 6
6 9
6 11
6 12
6 14
7 2
7 3
7 5
7 9
7 10
8 1
8 2
8 4
8 7
8 8
8 9
8 10
8 13
9 2
9 4
9 8
9 11
9 13
9 14
10 1
10 2
10 6
10 7
10 9
10 10
10 12
11 1
11 3
11 5
11 6
11 8
11 12
11 14
12 3
12 6
12 11
12 12
13 3
13 4
13 5
13 6
13 7
13 8
13 9
13 11
13 12
14 1
14 4
14 8
14 9
14 11
15 4
15 5
15 6
15 7
15 8
15 9
15 11
15 13
16 2
16 7
16 10
16 14
17 1
17 5
17 6
17 9
17 10
17 11
17 14
18 2
18 4
18 6
18 7
18 8
18 9
18 10
18 13
1 1
1 2
1 4
1 5
1 6
1 7
1 8
1 11
2 2
2 3
2 5
2 6
2 7
2 11
2 12
2 14
3 1
3 3
3 7
3 9
3 10
3 12
4 3
4 5
4 6
4 7
4 9
4 10
4 12
5 1
5 5
5 7
5 12
6 2
6 3
6 6
6 8
6 9
6 12
6 13
6 14
7 3
7 4
7 6
7 9
7 11
7 13
8 4
8 7
8 9
8 10
8 13
8 14
9 1
9 2
9 3
9 5
9 7
9 12
9 13
9 14
10 1
10 4
10 9
11 2
11 3
11 5
11 6
11 7
11 10
11 11
11 13
11 14
12 7
12 9
12 12
13 2
13 10
13 13
14 1
14 2
14 4
14 5
14 8
14 9
1 2
1 3
1 4
1 6
1 8
2 3
2 6
2 7
2 8
2 10
3 2
3 3
3 5
3 8
3 9
4 2
4 5
4 6
4 7
4 9
4 10
5 2
5 3
5 8
5 9
6 1
6 2
6 3
6 5
6 7
7 2
7 6
7 7
7 8
7 9
7 10
8 6
8 7
8 8
8 9
8 10
9 1
9 4
9 6
9 7
9 10
10 1
10 2
10 3
10 6
11 1
11 6
11 9
12 1
12 2
12 4
12 6
12 7
12 8
12 9
12 10
13 1
13 2
13 6
13 7
13 8
13 10
14 1
14 3
14 4
14 5
14 6
14 9
14 10
10
10 14 11 16 14 16 16 11 13 10
74 74 83 121 112 121 92 76 64
1 2
1 7
1 8
1 9
1 11
1 12
1 13
1 14
2 1
2 2
2 3
2 4
2 7
2 9
2 11
2 12
2 13
2 14
3 2
3 5
3 7
3 8
3 10
3 11
3 12
3 13
4 2
4 3
4 5
4 7
4 8
4 11
4 12
4 13
4 14
5 4
5 7
5 8
5 10
5 12
5 14
6 1
6 4
6 5
6 6
6 11
6 12
7 3
7 9
7 11
7 13
8 1
8 2
8 5
8 7
8 8
8 9
8 13
9 1
9 2
9 3
9 6
9 8
9 9
9 14
10 1
10 2
10 3
10 4
10 5
10 6
10 11
10 12
10 14
1 1
1 6
1 9
1 11
2 2
2 5
2 7
2 8
3 4
3 6
3 8
3 9
3 10
3 11
4 3
4 5
4 7
4 8
4 10
4 11
5 4
5 6
5 7
5 9
5 11
6 1
6 5
6 9
6 11
7 8
7 9
8 1
8 5
8 7
8 8
8 10
9 1
9 2
9 4
9 7
9 8
9 11
10 1
10 2
10 3
10 4
10 6
10 7
10 9
10 11
11 2
11 3
11 4
11 6
11 8
11 9
11 11
12 2
12 4
12 5
12 6
12 7
12 9
12 11
13 1
13 3
13 4
13 6
13 7
13 11
14 1
14 2
14 5
14 10
1 3
1 12
1 13
1 14
2 2
2 3
2 4
2 5
2 6
2 8
2 9
2 11
2 13
2 15
3 2
3 3
3 4
3 6
3 11
3 12
3 16
4 2
4 3
4 5
4 6
4 7
4 11
4 13
5 3
5 5
5 8
5 11
5 13
6 1
6 2
6 3
6 5
6 6
6 7
6 8
6 10
6 11
6 12
6 14
7 1
7 3
7 8
7 9
7 13
7 14
7 16
8 1
8 3
8 4
8 5
8 7
8 13
8 16
9 3
9 4
9 5
9 9
9 11
9 13
9 14
9 15
10 1
10 3
10 4
10 6
10 8
10 9
10 10
10 12
10 13
10 16
11 1
11 2
11 3
11 4
11 5
11 8
11 16
1 2
1 4
1 5
1 6
1 8
1 13
1 14
2 1
2 3
2 4
2 5
2 6
2 8
2 9
2 10
2 11
2 12
2 13
3 3
3 4
3 8
3 11
3 12
3 13
3 14
4 5
4 7
4 10
4 11
4 12
4 13
4 14
5 1
5 4
5 7
5 9
5 12
5 13
5 14
6 2
6 3
6 4
6 6
6 7
6 9
6 12
7 1
7 2
7 3
7 7
7 9
7 10
7 14
8 3
8 4
8 5
8 6
8 10
8 11
8 12
8 13
8 14
9 1
9 2
9 5
9 7
9 8
9 10
9 12
10 2
10 3
10 5
10 6
10 12
10 13
10 14
11 3
11 5
11 7
11 8
11 12
11 14
12 1
12 4
12 5
12 7
12 9
12 10
12 11
12 12
12 13
13 2
13 3
13 4
13 5
13 6
13 7
13 9
13 10
13 11
14 2
14 4
14 6
14 9
14 10
14 11
14 12
14 14
15 1
15 4
15 5
15 6
15 7
15 10
15 11
15 13
15 14
16 2
16 4
16 7
16 11
1 5
1 6
1 7
1 9
1 10
1 11
1 13
1 15
1 16
2 4
2 6
2 11
3 1
3 3
3 4
3 6
3 12
3 13
3 14
3 15
4 2
4 3
4 5
4 7
4 8
4 11
4 14
4 15
5 1
5 2
5 4
5 5
5 9
5 10
5 13
5 14
6 1
6 2
6 5
6 7
6 10
6 13
6 14
7 1
7 4
7 5
7 7
7 10
7 11
7 12
7 16
8 3
8 5
8 7
8 8
8 9
8 10
8 14
8 15
9 1
9 3
9 4
9 6
9 7
9 10
9 11
9 13
9 14
9 15
9 16
10 7
10 10
10 11
10 12
10 16
11 2
11 4
11 5
11 10
11 14
11 15
11 16
12 1
12 5
12 7
12 9
12 11
12 12
12 15
12 16
13 1
13 2
13 3
13 4
13 5
13 9
13 10
13 11
13 13
13 14
14 1
14 2
14 3
14 4
14 5
14 6
14 7
14 8
14 9
14 11
14 13
14 14
1 1
1 2
1 5
1 7
1 10
1 12
1 14
1 16
2 1
2 3
2 7
2 11
2 12
2 15
2 16
3 1
3 3
3 4
3 7
3 14
3 15
4 1
4 5
4 6
4 8
4 10
5 2
5 5
5 10
5 11
5 15
5 16
6 2
6 3
6 4
6 5
6 7
6 10
6 12
6 13
6 14
6 16
7 1
7 2
7 4
7 5
7 6
7 10
7 13
7 14
7 15
8 2
8 4
8 5
8 9
8 12
8 14
8 15
8 16
9 1
9 3
9 5
9 8
9 9
9 11
9 12
9 15
9 16
10 1
10 2
10 3
10 8
10 9
10 10
10 12
10 15
11 1
11 6
11 11
11 13
12 3
12 5
12 6
12 7
12 10
12 11
12 12
12 15
13 1
13 4
13 6
13 12
13 15
13 16
14 4
14 5
14 7
14 8
14 9
14 10
14 11
14 12
14 13
14 15
15 2
15 3
15 4
15 6
15 8
15 10
15 11
16 1
16 4
16 5
16 6
16 10
16 11
16 12
16 14
16 15
16 16
1 1
1 2
1 3
1 4
1 5
1 6
1 9
2 1
2 2
2 3
2 4
2 5
2 6
2 7
2 8
3 4
3 5
3 6
3 8
3 9
3 10
3 11
4 1
4 7
4 9
4 11
5 3
5 4
5 5
5 6
5 7
5 11
6 1
6 2
6 3
6 10
7 4
7 7
7 9
7 10
8 1
8 2
8 3
8 4
8 5
8 6
8 7
8 11
9 1
9 2
9 4
9 5
10 1
10 2
10 4
10 6
10 7
10 11
11 1
11 6
11 7
11 8
11 9
12 1
12 2
12 4
12 8
12 10
12 11
13 1
13 3
13 4
13 8
13 9
13 10
14 2
14 7
14 8
14 9
14 11
15 1
15 2
15 3
15 9
15 11
16 1
16 3
16 4
16 5
16 7
16 9
16 11
1 1
1 4
1 7
1 8
1 10
1 12
2 2
2 5
2 6
2 8
3 1
3 2
3 4
3 5
3 7
3 8
3 10
3 13
4 2
4 3
4 4
4 6
4 7
4 9
4 12
4 13
5 3
5 4
5 5
5 6
5 7
5 9
5 11
5 12
5 13
6 1
6 4
6 5
6 6
6 8
6 9
6 10
6 12
7 1
7 2
7 3
7 4
7 5
7 6
7 7
7 8
7 9
7 10
7 13
8 1
8 3
8 10
8 11
8 12
8 13
9 1
9 2
9 5
9 6
9 8
9 10
9 11
9 13
10 6
10 9
10 13
11 3
11 5
11 7
11 8
11 9
1 3
1 4
1 6
1 7
1 10
2 2
2 3
2 5
2 9
3 2
3 6
4 2
4 3
4 5
4 7
4 9
4 10
5 1
5 2
5 3
5 4
5 5
5 6
5 7
6 4
6 5
6 7
6 9
6 10
7 1
7 3
7 6
7 7
7 9
8 1
8 4
8 5
8 6
8 9
8 10
9 1
9 2
9 3
9 4
9 8
9 9
9 10
10 4
10 5
10 6
10 9
11 1
11 4
11 5
11 6
11 8
12 5
12 6
12 7
12 8
13 4
13 5
13 8
13 10
10
10 14 13 16 14 18 16 16 14 10
71 98 89 113 125 150 119 118 78
1 1
1 2
1 4
1 5
1 6
1 9
1 14
2 1
2 7
2 10
2 12
2 13
2 14
3 1
3 2
3 4
3 5
3 6
3 11
3 13
4 1
4 2
4 6
4 9
4 11
4 14
5 1
5 4
5 5
5 9
5 10
5 11
5 12
5 14
6 3
6 4
6 6
6 8
6 9
6 10
6 11
6 12
6 14
7 2
7 3
7 7
7 8
7 10
7 12
7 13
8 1
8 5
8 6
8 7
8 8
8 9
8 11
8 12
8 13
8 14
9 1
9 7
9 8
9 9
9 10
9 11
10 2
10 3
10 11
10 13
10 14
1 3
1 5
1 9
1 10
1 12
1 13
2 6
2 8
2 9
2 10
2 13
3 3
3 4
3 5
3 9
3 10
3 12
4 1
4 3
4 4
4 5
4 6
4 10
4 11
4 12
4 13
5 1
5 2
5 4
5 5
5 7
5 10
5 12
5 13
6 2
6 3
6 5
6 8
6 9
6 10
6 11
6 12
6 13
7 4
7 6
7 7
7 9
7 11
7 12
7 13
8 1
8 2
8 4
8 6
8 8
8 11
8 12
9 2
9 8
9 9
9 12
9 13
10 2
10 3
10 5
10 6
10 8
10 9
10 10
10 11
11 1
11 3
11 5
11 8
11 10
11 11
11 12
11 13
12 1
12 6
12 7
12 8
12 12
13 3
13 4
13 7
13 9
13 12
14 1
14 2
14 3
14 4
14 6
14 7
14 9
14 10
14 11
14 12
1 2
1 5
1 8
1 10
1 11
1 13
1 15
2 1
2 4
2 5
2 6
2 8
2 12
2 13
2 14
2 16
3 1
3 2
3 9
3 12
3 13
3 14
3 15
4 3
4 5
4 9
4 10
4 11
4 14
4 15
5 1
5 3
5 6
5 7
5 13
6 1
6 2
6 3
6 4
6 6
6 8
6 10
6 11
6 14
6 15
6 16
7 1
7 4
7 8
7 9
7 12
7 13
7 15
8 1
8 3
8 7
8 8
9 2
9 7
9 9
9 10
9 12
10 1
10 5
10 9
10 10
10 16
11 1
11 3
11 4
11 11
11 13
12 1
12 4
12 5
12 6
12 7
12 9
12 14
13 2
13 3
13 4
13 5
13 6
13 7
13 8
13 11
13 14
13 15
1 1
1 2
1 4
1 5
1 8
1 9
1 10
1 13
1 14
2 1
2 2
2 3
2 4
2 6
2 7
2 12
2 13
2 14
3 1
3 2
3 5
3 7
3 10
3 11
3 13
3 14
4 6
4 11
4 13
5 4
5 5
5 6
5 8
5 9
5 11
5 13
5 14
6 3
6 4
6 7
6 8
6 9
6 12
6 13
6 14
7 1
7 2
7 6
7 10
7 12
8 1
8 2
8 3
8 4
8 5
8 7
8 8
8 9
8 12
8 14
9 2
9 5
9 7
9 8
9 9
9 10
9 12
10 3
10 4
10 7
10 8
10 9
10 10
10 12
10 13
10 14
11 2
11 3
11 4
11 5
11 6
11 10
11 12
12 4
12 8
12 10
12 13
12 14
13 1
13 4
13 5
13 6
13 12
14 1
14 2
14 3
14 4
14 5
14 10
14 11
14 12
14 14
15 1
15 4
15 6
15 9
15 11
15 14
16 2
16 3
16 6
16 8
16 14
1 1
1 4
1 5
1 8
1 9
1 14
1 18
2 1
2 5
2 6
2 7
2 9
2 11
2 12
2 16
2 17
2 18
3 4
3 5
3 7
3 8
3 9
3 10
3 11
3 12
3 13
3 15
3 17
4 1
4 2
4 3
4 4
4 5
4 7
4 9
4 10
4 12
4 14
4 16
4 18
5 3
5 4
5 5
5 6
5 8
5 10
5 11
5 12
5 14
5 15
5 16
6 1
6 3
6 4
6 8
6 9
6 13
6 14
6 16
6 17
7 2
7 4
7 5
7 6
7 8
7 10
7 11
7 12
7 15
7 17
7 18
8 5
8 6
8 10
8 18
9 2
9 5
9 6
9 7
9 8
9 10
9 12
9 13
9 14
9 15
9 16
10 5
10 6
10 8
10 10
10 11
10 13
10 14
11 2
11 3
11 4
11 7
11 8
11 13
11 15
11 17
12 1
12 9
12 10
12 11
12 12
12 15
13 1
13 6
13 7
13 8
13 10
13 11
13 12
13 13
13 14
13 17
14 2
14 6
14 7
14 8
14 9
14 12
14 15
14 17
1 1
1 4
1 5
1 8
1 9
1 10
1 11
1 14
1 15
2 2
2 3
2 4
2 5
2 11
2 14
2 15
2 16
3 3
3 7
3 9
3 10
3 11
3 12
3 16
4 1
4 3
4 4
4 5
4 6
4 7
4 9
4 12
4 13
4 15
4 16
5 2
5 3
5 4
5 5
5 7
5 9
5 10
5 12
5 15
6 3
6 7
6 9
6 10
6 12
7 6
7 7
7 8
7 11
7 13
7 15
7 16
8 3
8 7
8 8
8 9
8 11
8 14
8 15
9 1
9 2
9 7
9 8
9 10
9 11
9 12
9 14
9 15
10 3
10 5
10 6
10 7
10 10
10 12
10 13
10 16
11 2
11 4
11 7
11 8
11 9
11 12
11 15
12 1
12 2
12 3
12 4
12 6
12 8
12 10
12 11
12 12
12 13
12 15
13 2
13 3
13 4
13 6
13 8
13 11
13 15
13 16
14 1
14 2
14 3
14 4
14 5
14 8
14 9
14 10
14 11
14 13
14 15
14 16
15 3
15 7
15 9
15 10
15 11
15 12
15 14
15 16
16 3
16 6
16 9
16 11
16 12
16 13
16 14
16 15
16 16
17 1
17 2
17 3
17 5
17 8
18 1
18 2
18 3
18 4
18 7
18 10
18 11
18 13
18 15
18 16
1 1
1 5
1 10
1 12
1 15
2 2
2 3
2 4
2 6
2 7
2 8
2 9
2 10
2 12
2 16
3 4
3 6
3 8
3 10
3 13
3 15
3 16
4 1
4 2
4 3
4 5
4 7
4 8
4 9
4 10
4 11
4 14
4 15
4 16
5 3
5 4
5 5
5 10
5 11
5 12
5 14
5 15
5 16
6 1
6 4
6 5
6 10
6 11
6 12
6 13
7 2
7 4
7 7
7 8
7 13
7 15
8 3
8 6
8 16
9 1
9 3
9 4
9 5
9 6
9 8
9 10
9 11
9 12
10 2
10 3
10 4
10 6
10 7
10 10
11 1
11 4
11 5
11 7
11 11
11 12
11 13
11 15
12 2
12 5
12 7
12 10
12 12
12 13
13 3
13 4
13 5
13 11
13 13
13 14
13 15
14 1
14 2
14 4
14 6
14 10
14 11
14 13
14 16
15 2
15 3
15 4
15 5
15 8
15 10
15 11
15 12
15 14
16 1
16 2
16 5
16 9
16 11
16 15
16 16
1 1
1 4
1 5
1 6
1 8
1 9
1 10
1 12
1 14
2 4
2 5
2 9
2 11
2 12
2 13
2 14
3 6
3 7
3 9
3 11
3 14
4 8
4 9
4 10
4 11
4 12
4 13
5 4
5 5
5 6
5 10
5 11
5 13
6 7
6 8
6 9
6 10
6 11
6 13
7 1
7 5
7 9
7 10
7 12
7 13
7 14
8 1
8 5
8 6
8 7
8 8
8 9
8 11
8 12
9 8
9 9
9 10
9 14
10 3
10 5
10 6
10 7
10 8
10 10
10 12
10 13
10 14
11 2
11 3
11 4
11 7
11 8
11 11
11 13
11 14
12 1
12 6
12 7
12 8
12 9
12 10
12 12
12 14
13 1
13 4
13 7
13 8
13 9
13 12
13 13
13 14
14 1
14 2
14 4
14 5
14 7
14 8
14 9
14 10
14 11
14 12
14 13
15 1
15 2
15 4
15 7
15 8
15 9
15 11
15 13
15 14
16 1
16 3
16 5
16 6
16 7
16 12
16 14
1 1
1 2
1 3
1 4
1 5
1 8
2 1
2 2
2 3
2 5
2 7
2 9
3 1
3 5
3 7
3 10
4 1
4 2
4 4
4 5
4 6
4 8
4 9
4 10
5 1
5 3
5 4
5 6
5 7
5 8
5 9
6 1
6 4
6 5
6 7
6 8
6 9
7 1
7 3
7 4
7 5
7 10
8 2
8 3
8 4
8 6
8 10
9 1
9 4
9 5
9 8
10 1
10 3
10 5
10 8
10 9
10 10
11 2
11 3
11 4
11 8
11 9
12 1
12 4
12 6
12 9
12 10
13 2
13 5
13 7
13 8
13 10
14 1
14 5
14 6
14 7
14 9
14 10
10
10 17 16 15 16 12 14 12 19 10
84 127 124 134 97 81 93 120 89
1 1
1 3
1 4
1 5
1 6
1 9
1 11
1 14
1 16
2 2
2 4
2 7
2 8
2 9
2 13
2 14
2 15
2 16
2 17
3 1
3 2
3 3
3 5
3 7
3 8
3 11
3 15
3 17
4 7
4 11
4 12
4 13
4 16
5 1
5 5
5 6
5 8
5 9
5 10
5 12
5 15
6 1
6 5
6 6
6 7
6 9
6 11
6 15
7 2
7 5
7 6
7 7
7 8
7 9
7 11
7 15
7 16
8 2
8 3
8 4
8 6
8 8
8 9
8 11
8 12
8 15
8 16
8 17
9 1
9 3
9 5
9 6
9 8
9 10
9 11
9 12
9 16
10 3
10 4
10 5
10 6
10 11
10 12
10 13
1 1
1 3
1 4
1 7
1 9
1 12
1 14
1 15
2 4
2 7
2 8
2 11
2 15
3 2
3 5
3 8
3 9
3 10
3 11
3 12
4 1
4 3
4 4
4 5
4 7
4 8
4 10
4 11
4 12
4 13
4 14
5 2
5 4
5 5
5 6
5 9
5 10
5 11
5 12
5 16
6 1
6 5
6 6
6 10
6 11
7 1
7 3
7 4
7 5
7 6
7 9
7 13
7 14
7 15
7 16
8 3
8 4
8 5
8 6
8 7
8 8
8 9
8 11
8 15
8 16
9 1
9 2
9 3
9 4
9 8
9 15
9 16
10 2
10 3
10 5
10 8
10 13
10 14
10 15
11 1
11 3
11 9
11 12
11 14
11 15
11 16
12 1
12 2
12 5
12 7
12 9
12 11
12 12
13 1
13 4
13 6
13 7
13 11
13 12
13 13
13 15
14 3
14 6
14 7
14 8
14 13
14 14
15 1
15 5
15 6
15 7
15 11
15 12
15 14
16 4
16 5
16 7
16 10
16 11
16 12
16 13
17 3
17 5
17 6
17 8
17 12
17 13
1 1
1 2
1 3
1 5
1 6
1 11
1 12
1 13
1 14
1 15
2 5
2 7
2 8
2 12
2 13
2 14
2 15
3 1
3 2
3 4
3 5
3 6
3 8
3 10
3 11
3 12
3 15
4 3
4 5
4 6
4 7
4 8
4 12
4 13
4 15
5 1
5 8
5 9
5 11
5 13
5 14
6 1
6 3
6 4
6 5
6 6
6 7
6 9
6 10
6 12
6 13
6 15
7 1
7 2
7 3
7 4
7 5
7 7
7 8
7 9
7 12
7 13
7 15
8 2
8 5
8 7
8 8
8 9
8 12
8 14
9 1
9 2
9 3
9 7
9 8
9 12
10 1
10 3
10 10
10 11
10 12
11 1
11 2
11 4
11 11
11 13
12 1
12 2
12 8
12 9
12 10
12 11
12 14
12 15
13 2
13 3
13 7
13 10
13 12
13 13
13 15
14 3
14 5
14 7
14 8
14 9
14 11
14 12
14 13
14 14
15 1
15 3
15 4
15 5
15 10
15 11
15 12
15 15
16 4
16 6
16 7
16 10
16 12
16 14
1 2
1 3
1 4
1 6
1 7
1 9
1 10
1 11
1 12
1 13
2 1
2 4
2 5
2 6
2 9
2 10
2 12
2 15
2 16
3 1
3 2
3 3
3 4
3 6
3 7
3 10
3 11
3 13
4 2
4 5
4 6
4 8
4 9
4 11
4 12
4 13
4 14
4 15
5 1
5 2
5 4
5 5
5 9
5 10
5 14
5 16
6 1
6 4
6 7
6 8
6 9
6 10
6 12
6 14
7 1
7 2
7 3
7 7
7 8
7 10
7 12
7 14
7 15
8 2
8 4
8 6
8 7
8 8
8 10
8 11
8 13
8 14
8 15
8 16
9 4
9 6
9 8
9 14
9 16
10 1
10 2
10 3
10 6
10 11
10 12
10 13
10 14
11 2
11 3
11 4
11 5
11 6
11 7
11 8
11 10
11 12
11 13
11 14
11 15
12 1
12 3
12 5
12 6
12 8
12 11
12 12
12 13
12 15
13 1
13 3
13 4
13 7
13 12
13 13
13 14
13 16
14 1
14 3
14 5
14 8
14 9
14 10
14 11
14 12
14 16
15 1
15 4
15 6
15 8
15 9
15 10
15 11
15 14
15 16
1 2
1 3
1 4
1 5
1 7
1 10
1 11
2 4
2 9
2 10
2 12
3 5
3 6
3 7
3 9
3 10
3 11
4 4
4 5
4 7
4 8
4 9
4 11
4 12
5 2
5 3
5 8
5 9
5 10
5 11
6 1
6 2
6 3
6 11
6 12
7 3
7 6
7 7
7 8
7 9
8 2
8 5
8 6
8 8
8 9
8 10
8 11
8 12
9 1
9 4
9 8
9 10
9 11
10 2
10 3
10 5
10 6
10 7
10 9
11 1
11 2
11 4
11 6
11 7
11 8
11 9
11 12
12 7
12 10
12 11
12 12
13 2
13 5
13 6
13 7
13 9
13 10
13 11
14 2
14 3
14 4
14 5
14 9
14 11
14 12
15 2
15 3
15 4
15 6
15 8
15 9
15 11
16 1
16 7
16 8
16 9
16 12
1 1
1 2
1 4
1 7
1 8
1 9
1 10
1 11
2 2
2 3
2 6
2 8
2 9
3 3
3 7
3 9
3 11
3 12
3 14
4 1
4 5
4 7
4 8
4 10
4 11
4 14
5 2
5 3
5 6
5 7
5 8
5 9
5 10
5 11
5 12
5 13
6 1
6 2
6 3
6 4
6 5
6 8
6 10
6 11
6 12
6 14
7 3
7 5
7 6
7 9
7 10
7 12
8 7
8 8
8 9
8 12
8 13
8 14
9 1
9 3
9 6
9 8
9 9
9 11
9 12
10 2
10 5
10 7
10 8
10 11
10 14
11 3
11 7
11 13
12 1
12 5
12 10
12 11
12 12
12 13
12 14
1 1
1 2
1 3
1 4
1 8
1 9
1 10
1 12
2 5
2 7
2 9
2 10
2 11
2 12
3 3
3 11
3 12
4 2
4 4
4 7
4 8
4 9
4 10
4 12
5 3
5 5
5 7
5 8
5 9
5 10
5 11
5 12
6 1
6 3
6 5
6 8
6 9
6 12
7 2
7 5
7 6
7 9
7 10
7 11
8 1
8 2
8 3
8 6
8 7
8 8
8 9
8 10
8 12
9 2
9 6
9 10
9 11
9 12
10 1
10 2
10 3
10 8
10 9
10 11
10 12
11 1
11 3
11 4
11 6
11 9
11 10
11 12
12 4
12 5
12 6
12 7
12 8
12 9
12 11
13 2
13 4
13 5
13 6
13 7
13 11
14 1
14 4
14 5
14 7
14 9
14 10
14 11
14 12
1 1
1 4
1 8
1 11
1 13
1 16
1 18
1 19
2 1
2 2
2 3
2 4
2 5
2 6
2 12
2 15
2 16
2 17
2 18
3 1
3 5
3 6
3 8
3 9
3 10
3 12
3 13
3 14
3 17
4 1
4 2
4 3
4 4
4 5
4 7
4 8
4 16
4 18
4 19
5 4
5 5
5 7
5 8
5 9
5 10
5 12
5 13
5 16
5 19
6 2
6 4
6 5
6 8
6 9
6 15
6 16
6 17
6 18
6 19
7 1
7 2
7 6
7 8
7 9
7 10
7 11
7 12
7 13
7 14
7 15
7 17
7 18
8 2
8 4
8 5
8 8
8 11
8 17
8 18
9 1
9 2
9 4
9 5
9 6
9 8
9 9
9 12
9 13
9 15
9 16
9 17
9 18
9 19
10 8
10 9
10 14
10 15
10 16
10 17
11 2
11 4
11 6
11 7
11 9
11 13
11 15
11 16
11 17
11 19
12 2
12 3
12 5
12 6
12 8
12 9
12 11
12 13
12 14
12 15
12 17
1 3
1 5
1 7
1 8
2 1
2 3
2 6
2 7
3 1
3 2
3 6
3 7
3 8
4 1
4 3
4 5
4 7
4 8
5 1
5 3
5 4
5 9
5 10
6 1
6 2
6 4
6 7
6 8
7 1
7 3
7 4
7 5
7 6
7 7
7 10
8 5
8 8
8 10
9 1
9 2
9 3
9 5
9 6
9 9
10 3
10 8
11 1
11 3
11 5
11 6
11 9
12 1
12 2
13 1
13 5
13 9
14 1
14 2
14 5
14 6
14 8
14 9
15 1
15 2
15 4
15 9
16 1
16 2
16 3
16 5
16 7
16 8
16 9
17 1
17 4
17 7
17 9
17 10
18 1
18 2
18 4
18 5
18 6
18 8
18 9
18 10
19 1
19 3
19 6
