5
100
10 10 10 10 10 10 10 10 10 10 10 10 10 10 10 10 10 10 10 10 10 10 10 10 10 10 10 10 10 10 10 10 10 10 10 10 10 10 10 10 10 10 10 10 10 10 10 10 10 10 10 10 10 10 10 10 10 10 10 10 10 10 10 10 10 10 10 10 10 10 10 10 10 10 10 10 10 10 10 10 10 10 10 10 10 10 10 10 10 10 10 10 10 10 10 10 10 10 10 10
12 11 14 17 11 13 12 14 13 12 10 12 16 13 13 12 11 14 12 13 11 15 15 10 13 11 15 13 14 10 12 14 15 12 12 12 10 16 14 12 14 12 10 11 17 14 13 15 16 13 11 11 10 13 16 18 14 13 13 13 11 15 13 13 16 11 13 13 13 16 13 11 14 15 15 13 10 16 11 10 13 14 12 15 12 10 11 11 13 15 10 14 11 12 11 16 15 13 15
9 2
10 3
2 6
5 7
4 8
3 10
6 1
1 9
8 4
7 5
7 8
3 5
2 5
3 7
6 8
7 10
8 6
10 4
1 3
9 2
4 1
5 9
4 8
5 3
7 10
8 6
10 7
6 4
4 1
3 9
2 8
1 5
9 2
5 8
8 8
8 1
2 7
3 2
10 9
6 4
7 7
4 8
1 3
9 5
8 10
5 6
2 1
1 7
9 2
4 6
5 5
4 7
10 6
10 1
2 2
9 8
4 3
7 5
8 10
3 4
5 9
10 6
6 1
1 7
10 4
2 4
8 6
3 8
5 1
10 5
4 9
9 7
6 3
1 10
7 2
7 1
10 8
6 9
4 5
6 8
8 6
1 4
5 1
9 3
7 10
3 9
10 2
2 7
4 2
9 4
5 2
8 7
6 5
4 10
1 6
3 4
10 9
9 8
2 3
7 1
7 9
5 9
6 4
6 8
2 1
7 6
5 4
10 2
6 8
4 9
9 5
8 3
3 10
1 7
2 2
3 9
5 9
1 9
6 2
4 3
2 8
8 5
9 6
5 4
3 7
10 1
7 10
4 6
3 4
9 5
2 3
3 7
8 2
5 6
6 10
4 1
7 4
1 9
10 8
5 10
3 3
7 5
2 4
6 2
10 6
1 8
4 9
9 1
8 7
2 3
9 2
10 10
3 4
5 5
4 1
2 9
6 2
8 6
9 3
1 8
7 7
9 5
10 5
4 2
7 6
4 9
6 6
10 7
4 9
5 5
1 2
9 10
2 3
6 6
3 1
8 8
7 4
3 3
2 10
10 9
7 2
9 9
5 6
2 4
10 10
3 7
6 3
1 8
8 1
4 5
2 3
2 9
7 3
2 9
9 2
6 1
4 7
10 6
7 4
3 3
8 10
1 5
5 8
6 9
3 2
9 5
2 3
1 7
7 10
6 6
4 1
3 4
10 8
5 9
8 2
7 4
5 3
3 10
7 6
10 2
6 9
1 7
4 5
8 8
9 4
2 1
6 8
4 9
4 4
3 3
3 9
10 1
6 4
2 8
9 5
7 10
5 3
8 2
4 7
1 6
10 4
3 1
9 8
1 9
4 2
8 10
5 4
10 3
3 7
2 5
7 1
6 6
2 6
10 9
1 5
8 1
9 4
2 9
10 7
4 6
3 10
7 2
5 5
1 8
6 3
9 1
1 10
4 7
9 2
7 6
6 8
10 9
2 4
5 1
8 3
3 5
4 1
3 9
4 10
9 5
1 5
10 7
7 1
2 5
6 8
8 2
9 10
4 4
1 3
3 9
5 6
5 7
8 9
3 5
6 7
3 8
7 4
1 9
5 7
8 10
2 6
10 2
4 8
3 1
9 5
6 3
4 2
9 9
7 5
10 3
6 7
2 10
8 1
1 8
5 4
3 6
6 2
6 6
5 1
2 8
9 2
5 6
3 9
7 10
10 1
1 7
8 5
4 4
6 3
3 10
8 10
2 1
6 6
9 5
10 3
1 8
7 2
5 9
4 7
3 4
3 10
4 2
1 2
5 2
7 1
10 6
1 8
6 9
5 5
3 4
8 2
2 3
9 7
7 10
4 1
3 3
3 2
9 2
6 10
8 7
9 2
5 8
4 6
2 9
3 1
7 4
10 3
1 5
1 10
2 2
8 9
8 1
10 8
7 3
2 9
8 5
6 1
9 2
1 6
4 4
3 10
5 7
8 9
3 4
9 8
5 6
1 1
2 10
6 2
4 3
10 5
7 7
1 6
5 3
9 8
4 5
8 10
6 7
1 6
10 3
2 4
3 9
5 1
7 2
3 4
4 6
3 10
6 5
8 4
5 10
10 3
7 9
6 2
3 1
4 7
9 8
1 6
2 5
5 8
7 8
2 1
4 10
8 5
4 9
10 10
3 3
9 2
2 5
1 7
7 1
8 8
6 4
5 6
2 3
5 4
9 10
10 5
3 3
2 7
5 6
7 1
1 8
8 9
4 2
6 4
1 6
1 4
10 8
5 3
3 6
7 7
6 4
1 2
8 9
9 10
2 5
4 1
8 8
9 7
8 9
3 6
6 3
7 5
4 7
2 4
9 8
10 1
5 2
1 10
9 9
6 7
3 2
5 6
7 5
4 4
8 1
1 8
2 10
10 3
9 5
7 2
3 7
5 8
1 2
2 8
9 1
7 9
2 3
6 8
5 7
4 10
1 4
8 6
10 5
3 2
3 3
3 10
1 7
9 10
1 7
9 9
3 8
8 3
7 4
10 6
4 2
6 1
5 10
2 5
9 1
7 7
7 3
9 4
8 9
3 1
4 5
6 2
2 6
1 8
10 7
5 10
2 2
3 9
9 5
5 8
3 5
4 7
9 3
1 6
5 2
2 9
6 1
8 8
7 10
10 4
7 6
1 7
5 2
7 10
3 6
6 5
2 4
9 7
1 9
8 8
10 3
4 1
2 9
10 5
6 4
5 10
4 2
7 8
9 1
8 7
3 6
1 3
6 2
9 6
5 3
4 7
10 2
2 5
8 8
1 1
7 9
6 10
3 4
6 2
5 9
8 10
9 7
6 4
6 1
8 7
6 1
3 7
7 4
2 5
5 6
8 9
1 8
9 3
10 10
4 2
8 5
10 4
9 2
9 6
1 3
7 8
4 2
5 5
6 7
9 6
8 4
3 10
10 9
2 1
2 3
9 7
7 10
3 10
8 5
2 2
5 9
7 6
6 1
4 7
10 3
9 4
1 8
3 2
1 2
3 4
10 9
9 1
10 3
5 2
2 7
9 6
6 5
1 8
7 10
3 4
4 9
8 1
6 3
9 9
7 1
3 7
1 5
4 5
3 8
2 3
7 2
6 6
5 7
8 10
10 9
4 4
9 5
1 1
10 1
3 2
1 7
8 9
3 7
2 2
6 4
7 5
10 3
9 8
4 10
5 6
1 1
3 6
9 10
7 9
2 2
4 5
5 8
3 3
8 6
10 4
6 7
1 1
9 2
10 4
9 6
2 1
5 2
8 10
3 9
6 8
4 7
7 3
1 5
4 8
6 1
1 9
2 10
10 3
9 2
8 6
7 4
3 7
5 5
2 7
6 8
7 10
8 10
1 1
9 8
10 5
3 6
2 7
6 9
4 2
7 4
5 3
2 5
6 8
10 9
1 10
7 5
4 10
10 10
1 1
8 9
5 4
6 7
7 2
9 6
2 5
4 3
3 8
4 6
6 5
3 2
3 4
4 7
9 9
6 1
4 8
10 4
1 10
9 5
4 6
7 7
2 2
6 9
5 3
3 8
8 1
8 5
5 1
1 5
7 4
4 5
10 1
5 9
6 10
7 2
2 3
9 8
3 6
8 4
1 7
4 4
1 6
8 6
5 10
1 2
9 3
10 5
2 8
3 7
8 1
6 4
4 6
7 9
3 3
5 9
5 3
10 3
2 4
3 1
5 6
8 10
7 2
1 8
4 5
6 9
9 7
9 9
1 5
7 3
3 9
4 2
1 5
6 3
10 8
2 7
8 1
5 4
9 6
7 10
4 4
9 9
2 8
5 6
3 5
8 10
7 7
1 1
4 4
6 2
10 3
1 8
1 7
8 1
6 9
8 3
9 2
8 5
6 8
5 6
10 10
7 1
1 7
4 4
2 3
3 9
3 10
5 3
5 4
2 6
5 2
8 1
6 5
10 3
1 9
7 7
4 4
3 10
9 8
7 6
2 4
9 3
6 5
2 8
1 7
5 6
3 3
9 10
7 2
4 4
10 9
8 1
3 4
7 6
9 7
4 7
7 8
5 1
5 10
8 6
7 5
6 2
3 4
10 9
2 1
4 8
9 7
1 3
4 6
10 10
6 2
5 1
2 5
4 4
9 3
1 7
8 8
7 6
3 9
3 5
6 6
10 4
10 3
2 5
1 7
5 1
4 2
3 4
7 9
8 10
6 6
9 8
4 1
9 9
5 6
3 5
5 6
7 7
1 1
2 8
4 10
9 3
10 9
6 4
8 2
2 6
10 8
7 4
5 10
6 7
7 5
1 8
8 1
10 9
3 4
9 2
4 6
2 3
3 6
9 3
7 10
9 9
2 10
1 2
10 10
7 1
5 4
8 5
1 2
9 6
4 3
2 9
6 7
3 8
7 4
5 9
5 5
10 10
1 3
4 7
5 1
2 2
6 8
3 4
9 5
7 6
8 9
10 8
10 9
3 6
7 4
1 3
2 10
8 8
4 7
5 5
6 2
9 1
10 6
8 3
5 10
3 1
9 8
6 3
4 9
3 10
10 5
8 7
7 6
5 2
2 4
1 1
3 7
6 6
10 8
2 2
2 8
8 3
3 5
9 6
10 1
5 9
7 7
6 8
2 10
4 4
1 2
1 3
10 5
9 10
10 8
1 8
3 10
5 8
6 2
1 5
9 9
7 1
8 6
10 3
4 7
2 4
5 2
6 1
2 7
10 8
8 4
2 7
5 1
9 9
1 6
6 5
3 2
7 3
4 10
8 3
4 2
7 10
1 9
9 4
6 8
5 1
2 5
3 6
10 7
4 7
2 4
7 1
10 5
3 2
7 2
3 8
2 5
10 1
9 10
4 6
8 2
1 7
5 4
6 3
7 9
2 8
8 4
5 1
1 6
10 8
6 2
2 7
7 10
4 3
3 9
9 5
4 3
1 2
6 1
8 9
2 7
7 10
10 8
3 6
9 5
5 4
8 8
3 10
3 5
3 8
2 2
1 5
9 3
7 1
10 6
8 4
6 7
5 10
4 9
4 3
8 7
9 2
4 7
8 2
2 7
5 1
3 5
1 10
6 9
4 4
7 8
10 6
9 3
1 3
8 7
2 9
7 6
1 3
5 7
10 4
9 1
4 2
8 10
6 5
3 8
8 5
2 4
5 2
9 2
7 10
9 1
6 7
3 3
7 10
4 5
1 2
2 6
10 9
5 8
8 4
8 1
3 8
1 5
7 6
3 10
10 1
5 2
2 3
6 4
9 8
8 9
4 7
5 8
6 9
10 3
1 7
2 2
3 1
4 6
8 4
9 5
7 10
1 6
8 10
9 7
3 9
7 3
2 5
1 2
6 8
4 4
5 1
10 6
5 3
10 2
7 9
9 3
3 4
5 8
2 10
8 6
4 5
1 1
6 7
5 6
5 3
1 9
2 4
9 7
3 6
4 9
8 8
10 3
6 2
5 10
1 1
7 5
5 8
9 5
4 4
8 1
9 10
4 7
7 9
6 4
9 3
8 8
3 2
2 10
10 5
1 1
5 6
7 6
9 5
4 9
3 8
8 1
2 3
10 2
5 7
1 10
6 4
8 5
2 4
2 5
10 9
6 10
5 7
9 4
8 8
1 3
3 9
2 2
7 1
10 5
4 6
8 10
10 7
7 1
4 2
8 9
3 4
9 5
2 3
1 8
5 6
6 10
3 9
7 10
7 6
1 3
2 1
9 8
4 10
5 5
3 2
8 9
6 7
10 4
9 5
6 8
3 3
1 6
8 7
10 5
5 9
2 10
9 2
7 4
4 1
5 2
1 1
7 10
7 2
3 5
5 3
8 2
3 7
6 5
7 10
5 6
9 1
10 4
2 3
4 8
1 9
4 4
3 3
2 8
9 6
8 10
2 2
7 8
5 4
10 7
6 6
1 3
4 1
3 10
8 5
9 9
1 10
7 1
1 8
2 5
8 1
4 8
7 7
6 2
3 9
1 4
10 10
5 3
9 6
5 4
5 1
7 9
7 4
8 2
100
10 10 10 10 10 10 10 10 10 10 10 10 10 10 10 10 10 10 10 10 10 10 10 10 10 10 10 10 10 10 10 10 10 10 10 10 10 10 10 10 10 10 10 10 10 10 10 10 10 10 10 10 10 10 10 10 10 10 10 10 10 10 10 10 10 10 10 10 10 10 10 10 10 10 10 10 10 10 10 10 10 10 10 10 10 10 10 10 10 10 10 10 10 10 10 10 10 10 10 10
13 12 15 15 12 11 13 14 12 17 12 12 16 12 16 14 13 17 14 16 18 12 15 17 14 11 16 10 12 15 13 14 17 14 13 12 14 10 14 11 12 14 11 13 10 16 11 16 13 13 13 15 13 16 13 13 12 14 12 15 11 10 15 17 19 11 11 13 14 16 13 12 15 14 13 12 12 15 14 13 11 18 15 15 11 17 13 14 12 13 12 12 14 13 10 13 17 11 16
1 5
4 10
3 8
6 1
8 3
10 7
7 4
9 6
5 9
2 2
6 8
3 2
5 10
5 2
10 9
8 7
1 1
3 5
7 8
4 10
6 3
9 6
2 4
8 3
1 7
2 3
9 10
7 1
1 7
5 5
8 6
10 8
3 4
6 2
4 9
9 6
4 6
8 4
8 7
2 6
3 8
10 1
1 2
7 9
5 4
6 3
8 5
4 10
2 6
9 7
10 2
4 6
2 2
5 10
7 1
8 5
1 7
2 8
9 1
4 3
3 10
5 2
10 4
6 6
7 9
2 6
7 4
5 8
7 5
8 6
1 2
3 3
10 9
2 7
4 1
6 10
9 4
9 2
8 6
5 9
6 4
2 8
3 7
9 5
7 2
1 3
10 1
4 10
5 3
8 9
3 2
6 6
9 5
4 7
8 1
7 4
5 8
2 9
3 3
1 2
10 10
3 4
10 4
2 2
3 1
6 5
5 4
7 3
1 2
4 10
8 8
9 9
3 1
2 7
10 6
5 10
1 4
5 2
4 8
3 4
2 9
10 5
8 1
9 3
1 6
7 7
6 10
7 1
3 7
4 10
3 8
1 9
3 9
9 4
2 2
8 1
4 7
9 3
5 6
1 8
3 9
6 5
7 4
10 10
3 8
4 3
2 3
1 5
7 2
3 6
6 1
8 10
9 7
5 4
4 9
10 8
6 4
8 5
3 4
5 10
2 9
6 7
1 5
10 3
7 6
4 2
9 8
8 1
7 4
7 8
8 4
2 2
10 5
10 7
4 3
10 10
9 5
7 7
5 9
3 1
6 4
2 8
8 2
1 6
10 9
3 10
3 6
10 9
5 10
7 4
9 2
1 1
4 3
8 7
2 8
6 5
6 8
2 3
3 4
6 2
2 6
5 9
6 9
9 4
10 2
4 3
2 7
1 1
3 10
7 8
8 5
5 6
3 2
8 4
6 2
5 2
9 4
4 10
2 2
3 9
7 6
1 8
10 3
8 5
5 7
6 1
5 4
7 1
6 9
4 8
10 10
2 9
9 4
6 5
8 1
3 3
5 6
7 2
1 7
1 6
3 10
5 2
6 4
8 4
1 3
6 8
8 1
10 8
9 3
4 10
5 5
1 4
3 2
6 7
2 9
7 6
3 4
7 2
9 9
5 1
1 6
8 8
3 5
10 9
5 3
4 4
2 7
7 10
9 1
6 2
7 1
5 1
4 3
10 3
8 3
2 9
6 8
8 7
5 10
9 3
3 1
4 4
7 9
10 2
1 6
2 5
4 6
8 9
9 6
1 10
10 6
3 6
7 6
10 8
8 9
7 3
10 10
3 2
1 7
4 4
9 8
2 6
6 1
5 5
5 3
3 8
9 4
3 7
10 9
2 6
7 5
4 8
8 1
6 2
1 10
5 3
4 1
1 3
5 8
1 6
3 10
4 4
7 10
9 6
6 3
5 1
8 2
1 9
2 7
10 5
3 8
1 1
7 8
5 8
3 6
10 4
6 1
8 7
4 5
10 2
6 6
3 9
1 7
2 8
9 1
7 10
5 3
8 4
9 4
2 6
1 6
6 2
5 2
2 9
6 8
9 5
7 3
8 7
1 10
10 1
3 4
4 6
10 4
2 5
9 4
8 3
5 9
3 6
7 8
10 2
1 1
4 10
6 7
3 10
2 6
8 2
1 9
5 4
3 1
5 1
4 5
3 4
9 2
6 7
8 8
2 9
1 3
10 10
7 6
1 2
5 4
4 8
2 5
7 1
8 9
9 6
3 10
10 7
6 3
4 2
4 10
2 8
4 5
8 1
5 6
1 10
9 9
6 3
10 7
7 2
3 4
4 9
8 4
10 1
1 4
2 7
8 2
5 7
1 10
6 6
10 9
9 5
3 1
7 4
2 3
4 8
4 3
9 7
8 7
2 8
7 9
10 3
6 7
9 4
5 10
1 2
4 5
3 1
8 6
1 8
7 6
6 10
4 8
8 1
9 2
3 5
7 7
4 3
10 9
2 8
5 10
1 4
6 6
3 4
9 5
1 10
10 4
3 6
8 6
4 6
1 7
2 5
5 6
7 10
3 1
9 9
8 2
10 3
4 4
6 8
6 5
7 8
1 5
5 1
7 3
5 1
6 4
10 2
1 6
9 8
2 9
3 5
4 10
8 7
10 5
6 2
8 9
3 2
1 4
4 7
2 10
6 5
8 1
9 9
5 8
10 6
7 3
5 1
8 4
2 5
4 3
7 8
10 10
5 1
1 2
9 7
8 9
6 6
3 4
7 9
6 7
1 7
2 8
5 5
3 3
8 2
10 8
1 6
2 10
7 7
9 9
6 1
4 4
5 9
3 7
2 6
8 4
6 2
10 5
7 8
9 3
1 10
4 1
3 6
10 6
1 4
8 2
9 7
7 10
6 3
4 4
2 8
5 9
8 1
3 6
10 5
1 2
8 5
7 5
10 7
3 10
4 3
8 4
9 6
1 9
6 2
5 1
2 8
4 4
4 7
5 6
7 4
10 10
3 1
4 2
6 5
9 8
2 7
1 9
8 3
2 4
4 10
6 10
3 9
6 8
4 7
10 10
1 2
2 4
5 5
8 9
7 1
9 6
3 3
2 7
8 6
7 3
10 8
2 2
4 5
5 7
9 10
1 4
6 9
3 1
7 6
9 8
9 4
6 10
3 9
8 6
2 1
5 8
7 7
10 2
4 3
9 5
1 4
10 10
9 9
6 1
1 2
8 8
7 6
2 5
3 4
5 7
4 3
7 3
3 7
10 4
4 9
8 2
6 7
10 2
9 6
1 3
2 4
8 8
6 9
5 1
4 5
7 7
3 10
10 3
2 1
6 6
3 9
4 7
8 3
9 10
1 4
5 5
7 8
10 2
4 3
8 5
5 8
2 3
9 8
8 6
1 5
6 8
9 7
7 10
3 9
10 2
4 3
5 6
8 1
2 4
10 10
1 10
5 1
5 1
8 3
7 6
10 4
9 10
2 7
3 2
6 9
1 8
4 5
6 2
4 8
3 1
1 9
3 3
6 5
4 6
10 8
7 1
2 7
9 2
8 4
5 10
3 1
8 9
9 5
9 4
3 2
5 7
6 10
8 8
1 1
7 5
2 6
4 9
10 3
7 1
8 4
8 7
3 4
5 5
4 3
2 9
7 6
10 8
8 4
1 10
5 5
6 2
9 1
3 7
4 6
10 9
7 8
3 1
9 8
6 10
8 2
4 4
10 7
5 9
2 5
1 6
7 3
5 3
3 8
3 6
1 10
7 10
3 5
1 7
8 4
10 3
2 9
4 1
7 2
9 6
5 5
6 10
3 8
6 8
1 3
10 2
7 8
4 6
3 7
9 10
1 1
2 4
6 2
5 5
10 3
8 9
10 1
1 5
1 2
8 10
6 7
7 3
10 1
1 6
4 5
2 2
5 9
3 8
9 4
3 3
7 1
10 1
7 9
3 3
1 2
6 7
5 6
2 5
9 8
8 10
4 4
4 1
1 1
10 9
7 6
1 10
9 5
3 8
2 2
7 1
6 4
5 3
8 9
10 6
4 7
7 2
7 10
10 5
5 9
8 1
2 6
1 10
4 2
3 8
9 4
6 3
7 7
2 3
6 2
2 1
6 10
7 2
5 7
9 1
1 4
6 6
10 8
2 5
8 3
4 2
3 10
7 9
3 1
7 4
1 7
4 10
6 9
8 5
5 2
3 8
2 1
10 3
9 6
4 10
7 2
10 3
9 1
5 7
2 8
8 5
1 9
3 6
6 4
9 2
2 4
1 8
4 2
8 10
10 5
2 2
3 4
1 7
7 10
8 3
5 1
9 9
6 6
4 8
6 1
5 4
5 2
5 5
4 7
9 7
7 9
5 2
2 9
4 4
7 8
10 10
3 3
1 7
9 1
6 5
8 6
10 8
7 2
1 10
1 5
3 8
10 1
8 2
1 4
2 6
2 7
9 5
4 3
8 10
10 8
3 2
7 1
1 6
5 9
6 4
10 9
7 3
5 1
3 5
10 10
8 7
2 4
1 8
6 6
9 2
4 9
9 9
3 9
1 10
5 6
10 5
7 3
4 7
8 4
6 2
2 8
9 1
2 3
10 6
9 3
9 1
10 10
6 5
5 9
3 2
7 7
4 6
2 3
8 4
1 8
5 10
1 10
8 7
5 7
1 6
10 9
5 2
9 10
2 3
7 5
6 1
3 4
4 8
8 7
3 8
9 7
3 6
8 2
1 7
10 10
6 5
9 8
2 9
10 4
3 7
5 1
1 3
4 2
8 6
7 10
9 7
8 2
4 5
5 10
8 5
9 3
4 9
7 7
1 8
3 6
2 4
6 1
10 2
9 8
4 1
10 9
5 2
3 10
9 6
7 4
8 5
6 3
4 7
1 1
2 8
5 8
4 3
1 2
10 6
10 3
9 4
2 3
10 7
6 1
4 6
5 10
3 8
7 9
1 5
8 2
6 6
10 2
9 7
9 8
4 5
3 8
7 3
1 4
6 10
10 7
8 1
9 6
5 2
2 9
9 9
1 7
7 1
5 10
8 7
3 8
4 5
10 9
7 2
1 3
6 4
2 6
9 1
1 2
7 4
10 9
7 4
8 10
5 5
9 1
2 3
3 6
4 2
6 8
1 7
9 6
8 9
9 2
4 1
10 3
5 5
1 6
3 4
6 8
2 7
8 9
7 10
1 2
10 6
9 9
5 3
5 7
2 4
1 8
3 1
5 2
6 6
4 10
8 7
7 3
9 9
10 5
10 2
7 5
10 4
7 8
4 8
8 1
1 2
2 5
6 4
10 10
7 6
3 7
9 9
5 3
10 2
3 3
1 4
8 7
1 3
2 5
5 10
4 1
10 2
6 9
7 4
9 6
3 8
4 3
7 6
3 1
5 2
10 5
1 8
2 4
9 9
4 10
6 7
8 3
1 4
1 7
10 2
7 7
5 3
2 9
6 3
2 10
6 1
1 2
2 7
5 3
8 9
4 6
9 4
10 10
7 5
3 8
7 6
1 10
3 2
5 9
5 5
1 4
2 6
7 3
3 8
9 2
6 5
4 1
10 10
5 7
8 9
6 9
9 4
4 7
7 7
5 5
4 9
6 8
3 7
8 2
2 6
5 4
1 10
10 3
7 1
9 5
1 8
9 7
8 5
7 6
2 1
6 8
4 10
10 2
3 4
1 9
5 3
8 10
1 8
8 8
9 9
3 6
7 8
7 1
7 5
5 9
6 4
1 7
8 8
10 6
2 3
4 2
9 1
3 10
6 9
1 5
8 4
5 9
9 10
4 1
7 4
8 3
6 8
3 2
2 6
1 5
10 7
1 1
10 10
4 7
1 4
9 2
10 8
1 7
4 3
3 1
8 10
2 5
6 9
5 6
7 4
7 5
1 10
2 9
8 2
7 3
3 10
1 6
10 8
5 7
9 5
6 4
4 1
4 7
5 2
6 9
9 8
2 6
3 2
10 9
6 3
8 7
7 5
5 4
4 10
1 1
2 4
10 1
8 10
6 1
2 2
9 6
3 9
7 5
5 8
4 4
10 3
1 7
1 3
7 1
10 4
1 1
2 6
6 9
9 8
5 3
8 7
4 5
3 2
7 10
1 7
1 6
8 3
6 8
4 4
1 5
6 1
9 6
8 10
3 7
7 9
5 3
2 8
10 2
7 1
5 5
1 2
4 2
5 10
1 6
6 9
10 7
7 1
9 8
3 5
8 4
2 3
2 3
10 10
6 4
9 9
7 6
1 5
8 1
5 8
4 7
3 2
8 4
7 8
8 8
3 7
10 1
4 2
9 6
6 8
5 5
1 9
8 10
7 3
2 4
8 7
6 5
1 3
5 4
1 5
4 9
9 2
7 1
1 3
2 10
6 5
8 7
5 6
9 2
10 8
3 9
4 4
8 1
1 5
3 7
10 6
5 9
7 3
6 2
2 4
8 1
9 8
4 10
4 3
5 7
9 6
3 8
3 4
4 8
100
10 10 10 10 10 10 10 10 10 10 10 10 10 10 10 10 10 10 10 10 10 10 10 10 10 10 10 10 10 10 10 10 10 10 10 10 10 10 10 10 10 10 10 10 10 10 10 10 10 10 10 10 10 10 10 10 10 10 10 10 10 10 10 10 10 10 10 10 10 10 10 10 10 10 10 10 10 10 10 10 10 10 10 10 10 10 10 10 10 10 10 10 10 10 10 10 10 10 10 10
11 11 12 15 13 14 16 18 13 13 15 14 17 13 10 17 17 13 14 12 15 14 12 14 10 13 12 18 17 18 12 16 11 11 14 16 11 17 17 17 16 13 14 10 14 13 12 16 12 11 17 10 14 13 15 16 11 10 14 17 14 17 12 14 15 16 14 17 13 16 15 10 19 15 16 14 18 16 15 13 15 15 14 11 15 11 13 14 13 12 14 16 13 13 11 15 11 14 12
7 4
9 9
10 1
2 10
3 8
1 6
5 5
6 3
8 2
4 7
3 3
4 4
9 9
1 1
10 7
8 5
6 8
5 10
3 2
2 6
7 3
2 1
4 4
9 3
1 5
7 8
5 9
8 6
10 2
2 10
6 1
3 7
8 7
5 3
4 1
3 2
5 10
8 5
9 7
6 4
2 8
10 6
1 9
7 3
9 9
7 7
2 5
4 5
5 7
1 10
2 4
10 2
5 9
7 3
4 6
8 5
6 8
9 7
3 1
4 2
8 3
7 1
10 8
4 3
2 2
9 1
3 6
6 10
5 5
8 7
7 4
1 9
4 8
6 8
6 6
3 1
8 3
3 8
2 4
1 1
6 7
10 5
5 9
7 2
4 6
9 10
10 2
9 8
4 10
9 5
5 6
10 3
3 4
8 6
4 1
1 8
7 3
5 9
9 7
2 5
6 2
10 10
8 5
2 1
3 2
1 2
8 10
3 3
3 5
9 3
4 3
6 8
1 7
8 9
3 2
9 5
7 6
5 4
2 10
10 1
5 6
8 6
9 10
3 9
8 6
7 10
9 7
2 3
5 2
6 1
4 5
10 8
1 4
2 10
4 2
5 8
9 8
6 2
10 4
7 10
3 9
2 6
1 7
5 3
8 1
4 5
4 9
8 5
5 9
8 2
7 2
8 10
2 8
4 6
10 4
9 3
6 9
7 2
3 7
1 1
5 5
8 9
6 4
3 4
6 3
10 6
8 8
6 10
4 9
3 3
9 5
2 4
7 7
1 2
5 1
3 8
3 7
1 10
6 4
1 6
9 3
5 7
6 4
8 1
10 2
9 6
3 8
5 9
4 7
7 10
2 3
1 5
7 9
4 5
3 4
4 8
1 4
2 1
6 5
8 6
9 9
7 3
10 10
3 7
5 2
8 10
4 9
1 3
5 4
6 7
9 2
3 5
10 8
7 6
2 1
4 3
8 9
9 4
10 10
6 4
4 5
4 7
10 1
9 7
3 2
4 10
7 8
2 5
5 9
8 6
6 4
1 3
4 9
1 4
9 6
1 7
5 4
3 9
8 1
1 4
7 5
2 1
10 10
8 9
5 7
9 6
6 3
4 2
3 8
9 2
5 3
10 3
4 10
5 7
1 3
10 4
9 1
7 5
6 6
3 8
2 2
8 9
6 5
6 2
3 4
2 1
10 2
7 8
3 4
4 1
1 10
5 3
6 6
8 7
2 5
9 9
10 4
7 3
2 9
8 5
4 6
1 8
10 3
3 1
6 2
7 7
5 10
9 4
6 3
6 7
3 5
6 6
7 9
9 5
5 3
6 4
8 2
3 8
1 6
2 1
7 9
10 7
4 10
10 6
6 2
4 5
6 10
5 10
3 7
4 9
2 2
8 4
6 1
1 3
9 8
7 5
10 6
2 9
4 10
10 3
7 7
9 5
2 4
4 9
1 2
3 10
8 1
5 6
6 8
8 9
8 8
4 5
2 5
3 7
7 4
5 10
4 6
9 1
2 9
10 5
1 8
6 3
8 2
7 5
4 6
10 10
6 9
1 7
9 4
5 8
8 1
3 2
2 3
10 1
7 10
3 3
5 8
6 9
10 6
9 1
7 7
4 3
8 2
1 5
2 4
3 10
4 6
10 7
8 10
9 4
6 7
1 2
7 6
3 8
2 1
5 9
4 5
10 3
4 2
9 10
8 5
6 1
2 2
6 3
5 8
4 9
10 2
4 3
7 8
2 4
6 10
8 1
1 9
9 6
5 5
3 7
5 8
2 9
3 8
6 6
1 6
9 1
10 8
2 3
3 1
8 2
4 8
10 7
1 5
9 6
6 10
5 9
7 4
9 9
3 8
4 3
3 7
9 7
1 7
9 10
6 4
3 5
1 2
2 10
8 1
7 7
5 6
6 3
10 4
9 8
4 9
8 5
3 7
5 6
2 9
10 1
1 2
7 7
6 5
3 3
4 10
8 8
9 4
4 3
6 9
1 9
8 6
4 4
8 5
6 7
9 6
1 5
2 2
7 4
5 1
3 9
10 3
8 8
4 10
8 9
7 9
6 1
5 7
2 6
4 10
1 2
9 5
3 8
8 3
10 4
2 1
9 7
1 9
7 10
6 4
10 1
2 5
5 3
8 6
3 2
4 8
1 7
10 2
2 8
10 6
7 6
9 4
10 3
4 10
1 2
5 5
3 1
6 8
2 7
8 9
10 9
6 10
3 10
7 1
5 1
9 8
6 10
4 1
3 3
10 8
2 7
5 9
1 4
8 5
7 2
9 6
6 2
10 10
1 9
3 1
8 6
7 3
9 2
4 8
5 4
2 7
6 5
5 7
5 3
2 10
8 4
4 6
9 3
4 1
10 5
9 8
1 1
6 7
3 10
2 4
8 6
4 9
7 3
5 2
10 9
1 7
4 4
9 10
2 8
4 3
8 7
5 6
8 1
1 3
7 4
10 10
4 7
6 5
9 2
3 9
2 8
1 4
2 10
6 6
1 1
2 1
6 9
3 10
6 9
1 3
3 5
4 7
10 10
7 1
5 6
2 4
9 2
8 8
4 6
2 10
2 7
6 8
2 8
1 8
9 4
3 3
5 2
7 7
10 10
1 9
6 8
4 1
2 6
8 5
4 2
7 6
8 4
4 8
3 4
2 10
7 9
10 7
9 2
8 6
1 1
6 3
5 5
1 6
7 5
2 3
1 9
8 1
4 2
10 8
9 4
7 3
2 6
6 10
1 9
3 5
5 7
1 9
2 7
8 8
4 6
3 4
6 10
10 3
9 5
5 1
7 2
2 2
8 10
3 6
7 6
9 1
7 6
8 10
6 9
4 2
10 3
3 5
5 7
1 4
2 8
2 5
8 8
6 10
1 7
6 4
10 5
9 1
2 9
3 3
5 2
7 8
4 10
8 6
6 1
1 10
7 7
4 3
5 5
1 2
9 6
3 8
2 10
8 4
10 1
6 9
10 10
2 6
8 1
2 5
1 9
5 7
7 7
3 4
5 3
2 6
6 9
8 1
10 2
4 5
1 10
9 8
10 1
6 3
7 1
4 5
3 2
6 4
9 10
1 3
2 7
5 8
10 9
8 6
3 9
1 5
5 1
2 2
4 7
10 3
3 4
7 6
8 9
9 8
6 10
1 8
4 6
2 7
10 1
1 7
8 10
5 7
5 9
1 2
2 7
7 8
3 6
4 3
6 10
9 4
8 5
10 1
9 9
2 3
7 7
8 10
6 2
3 1
10 8
4 6
5 4
1 5
3 8
7 10
10 3
8 6
9 5
3 4
7 7
10 8
2 9
1 3
8 10
6 1
4 6
5 2
8 5
10 6
7 3
5 4
4 10
7 6
8 7
9 5
3 9
10 2
1 1
6 8
2 3
1 2
3 2
4 5
8 6
9 4
4 7
10 10
6 8
7 2
5 5
9 4
2 6
1 1
8 9
3 3
7 1
5 1
5 9
6 4
3 5
8 10
7 3
10 8
8 2
2 6
5 1
4 5
6 9
1 10
9 7
3 4
4 4
3 10
8 5
2 1
6 6
1 8
5 4
9 7
10 3
7 9
4 2
10 5
5 8
1 4
6 3
8 9
4 1
7 10
3 2
9 7
2 6
2 9
9 1
6 9
9 4
5 4
8 7
4 3
3 9
9 1
1 8
10 10
2 5
7 2
6 6
7 10
7 6
9 3
2 8
2 3
9 10
10 7
4 2
7 3
3 8
9 6
1 4
8 9
10 5
5 1
2 10
6 7
1 10
10 2
5 3
10 7
2 7
3 9
8 4
6 5
4 3
9 2
5 10
1 1
10 6
7 8
6 1
5 2
1 3
8 10
5 5
1 7
9 9
7 8
9 2
4 1
5 7
3 10
2 3
10 5
1 4
6 6
8 9
8 8
7 3
8 8
2 1
1 4
7 3
10 2
3 7
5 10
4 6
6 5
9 9
4 8
5 6
1 8
7 1
8 7
1 2
4 4
3 3
2 5
7 1
10 6
6 10
5 8
9 9
8 3
9 7
4 1
9 4
10 7
7 10
2 1
4 2
3 7
5 6
1 5
6 9
10 3
8 4
9 8
4 10
2 8
10 6
3 8
1 3
6 6
10 7
1 2
2 5
7 1
6 10
5 6
9 8
3 9
4 3
8 4
2 7
1 9
3 1
1 3
7 9
2 1
5 5
1 8
10 10
6 3
8 6
9 2
3 7
4 4
6 10
8 3
5 7
10 8
8 2
1 1
3 2
9 4
1 7
5 3
8 1
10 5
3 6
6 8
2 10
7 2
4 9
7 9
6 6
5 6
4 8
7 6
3 5
1 1
5 9
6 4
8 3
10 10
2 2
9 7
2 1
6 9
2 4
3 8
4 4
5 7
8 5
6 9
5 6
1 1
9 7
4 2
3 8
10 3
2 4
7 10
9 1
9 9
4 1
4 10
5 1
5 9
9 3
6 4
1 1
7 10
2 8
8 5
3 7
4 2
10 6
9 5
3 10
4 9
1 3
10 2
8 1
5 6
7 8
2 4
6 7
9 9
6 8
10 10
2 3
2 5
1 10
5 1
4 1
5 8
5 10
10 4
9 5
3 2
2 7
1 8
6 3
8 1
4 9
7 6
9 1
8 9
6 4
1 10
1 4
10 1
4 7
5 10
2 6
7 3
8 2
3 8
1 5
9 4
6 9
8 6
10 5
10 3
6 1
2 3
1 10
1 6
7 1
10 8
6 7
3 9
2 4
8 5
5 10
4 3
9 2
7 4
4 9
2 2
7 7
6 9
1 1
8 2
7 7
9 10
4 5
5 4
10 6
3 3
2 8
4 1
6 2
6 3
3 7
5 6
4 2
5 2
2 7
9 1
1 6
2 5
7 9
10 7
5 8
4 2
6 10
3 4
8 3
9 3
9 6
4 10
10 5
4 7
4 8
1 1
6 7
5 10
9 4
7 9
8 8
2 3
10 6
4 5
3 2
7 2
6 2
9 5
6 5
1 6
1 2
7 7
10 5
4 3
9 4
8 6
3 10
6 9
5 1
2 8
8 5
9 2
2 9
2 7
7 6
5 4
3 3
4 10
6 2
10 5
9 8
1 1
8 9
8 5
6 4
5 5
2 6
4 7
7 5
6 2
4 3
3 9
10 7
2 1
5 10
8 8
1 6
9 4
1 8
9 1
5 8
3 1
7 4
5 8
2 5
3 3
9 9
7 6
1 1
10 2
8 10
6 4
4 7
5 1
7 4
4 5
9 5
8 9
5 7
3 10
9 1
6 8
1 5
2 2
10 3
4 6
7 4
2 8
9 5
7 6
10 7
1 4
8 8
5 9
2 2
3 1
6 3
4 10
10 4
7 8
4 7
10 6
2 8
5 4
6 2
7 1
4 10
8 6
9 3
2 9
1 7
3 5
10 8
1 2
4 3
2 10
1 9
10 6
6 5
3 8
9 1
7 4
5 2
8 7
6 2
8 3
5 7
3 10
10 7
9 8
6 1
5 3
8 6
1 5
4 2
2 4
7 9
4 4
3 7
1 10
10 9
10 4
7 9
8 10
1 3
3 7
6 5
5 2
2 8
4 1
9 6
2 4
4 10
4 7
4 2
9 9
10 7
3 6
7 5
5 3
2 4
8 10
1 1
6 8
3 3
3 4
2 6
9 4
7 3
6 7
5 5
3 9
4 8
10 10
1 1
8 2
3 7
1 10
6 8
1 7
6 4
4 3
3 9
7 2
5 7
9 1
8 8
10 10
1 6
2 5
5 8
1 8
3 7
6 7
5 2
6 10
4 8
3 7
9 10
2 9
7 6
1 2
8 5
10 3
6 4
5 1
8 8
10 7
2 6
8 2
7 4
10 7
9 8
6 3
2 1
5 10
3 5
4 6
1 9
7 7
7 10
3 6
2 4
4 8
7 5
8 3
3 10
1 7
10 2
5 6
6 9
9 1
7 3
4 10
8 9
5 2
3 1
10 3
7 6
2 8
6 4
9 5
1 7
1 5
4 8
1 10
3 9
4 2
10 5
9 7
2 1
1 9
3 3
6 2
8 8
4 10
5 4
7 6
1 1
5 1
7 10
1 6
9 3
3 2
2 4
8 9
10 7
4 5
6 8
2 5
10 5
3 6
9 1
1 7
10 4
6 5
3 1
2 2
4 9
9 8
7 3
5 6
8 10
3 2
7 10
100
10 10 10 10 10 10 10 10 10 10 10 10 10 10 10 10 10 10 10 10 10 10 10 10 10 10 10 10 10 10 10 10 10 10 10 10 10 10 10 10 10 10 10 10 10 10 10 10 10 10 10 10 10 10 10 10 10 10 10 10 10 10 10 10 10 10 10 10 10 10 10 10 10 10 10 10 10 10 10 10 10 10 10 10 10 10 10 10 10 10 10 10 10 10 10 10 10 10 10 10
12 14 13 15 12 16 12 10 13 16 12 15 15 13 14 11 16 12 17 17 16 17 14 12 12 11 11 16 18 15 14 16 12 14 12 12 11 12 11 14 16 11 12 16 14 15 15 15 17 13 11 15 17 10 17 10 17 15 16 12 16 14 11 13 13 11 16 13 12 11 12 15 12 13 16 16 14 17 14 15 10 11 13 12 14 12 16 12 16 11 15 13 13 14 12 14 12 13 10
10 4
8 9
9 1
3 8
1 7
5 2
2 6
6 5
4 10
7 3
2 8
10 8
4 7
9 9
1 3
8 6
7 1
2 5
6 8
5 10
10 2
3 4
6 1
6 2
3 2
10 3
7 10
9 3
3 1
6 2
1 5
5 4
8 9
10 8
2 7
4 6
2 8
5 3
7 1
10 8
3 5
1 9
2 4
5 6
4 7
9 3
8 1
7 10
6 2
4 10
2 5
8 5
5 5
1 7
8 6
5 4
9 5
4 3
6 7
7 8
3 1
1 10
10 9
2 2
8 5
8 3
6 9
4 2
5 6
3 1
7 5
8 4
1 10
10 7
9 3
2 8
2 4
2 6
1 5
4 3
4 10
5 1
9 9
2 6
6 1
1 7
5 4
4 3
10 2
7 5
3 10
8 8
3 1
9 6
9 7
6 8
1 3
7 4
4 10
3 1
2 6
5 5
10 2
8 9
7 10
8 5
3 7
4 2
10 1
1 6
6 4
5 8
2 3
9 9
7 2
7 9
2 9
10 1
5 3
7 4
2 10
1 6
6 9
4 5
8 2
3 8
9 7
10 9
10 7
2 9
1 5
9 5
8 4
1 7
3 4
4 1
10 6
6 3
9 2
5 8
2 9
8 5
7 10
8 10
5 10
7 8
4 2
1 1
6 3
3 6
2 5
8 4
9 7
5 9
10 10
3 2
8 9
8 10
9 8
2 9
8 4
2 3
1 5
3 6
6 10
5 7
4 9
7 1
9 2
10 8
1 3
8 5
4 2
7 8
5 8
4 5
3 7
5 8
6 9
10 3
7 2
9 1
1 4
2 10
8 6
1 3
7 9
10 7
5 10
7 6
8 5
9 8
3 1
2 9
1 2
4 3
10 7
6 4
3 10
6 5
1 8
3 4
10 10
6 3
5 8
8 1
1 5
9 2
2 4
3 6
7 9
4 7
9 4
10 9
3 7
8 5
1 4
5 3
2 1
4 8
6 6
9 10
7 2
6 8
6 2
7 7
8 7
10 10
9 7
9 6
7 7
5 5
4 2
3 3
1 9
8 4
6 10
10 8
2 1
10 7
8 9
6 10
7 3
5 8
2 7
3 2
9 4
4 9
10 6
8 1
1 5
7 8
3 1
8 6
2 5
6 8
7 1
9 2
10 10
3 4
8 6
7 1
2 3
4 7
9 5
6 8
1 9
5 2
7 2
6 2
1 5
7 3
9 1
3 7
5 4
10 10
4 8
6 5
1 4
3 3
7 7
5 1
8 9
9 2
2 6
2 10
7 3
5 5
4 1
1 8
4 9
10 5
8 9
5 1
4 2
3 8
7 3
1 7
9 6
2 4
6 10
7 4
3 3
4 6
7 5
4 5
6 6
5 8
5 7
9 2
1 1
2 8
8 3
3 9
7 5
6 6
4 4
10 10
1 3
6 1
5 6
2 1
7 8
2 5
1 10
8 7
3 6
9 1
5 9
6 3
4 2
10 4
10 9
2 9
8 3
5 5
10 8
7 9
6 10
1 1
9 4
3 2
2 7
4 6
6 9
6 5
3 9
5 1
8 5
9 4
10 2
1 10
4 6
2 8
7 7
6 3
5 8
9 7
1 4
5 5
4 3
2 9
10 1
6 6
8 10
7 2
3 8
10 9
7 3
4 1
5 8
3 7
9 5
1 10
6 2
10 4
2 9
8 6
10 7
3 8
7 5
9 6
3 2
5 9
3 6
1 1
8 5
7 7
5 2
10 10
2 4
4 8
9 3
6 9
7 9
6 8
8 10
5 9
5 10
3 4
1 3
10 3
6 5
1 2
5 1
7 6
2 8
10 10
4 4
8 9
3 7
9 3
7 5
2 6
10 2
4 1
1 4
5 9
2 3
1 5
6 8
8 6
10 10
4 4
9 7
7 2
3 1
2 4
2 2
3 4
5 2
9 2
3 1
5 8
8 4
6 10
10 5
4 7
7 3
2 6
1 9
10 7
5 1
4 10
10 8
3 6
7 6
2 7
1 1
8 5
4 4
10 3
5 2
7 9
3 8
6 6
9 10
8 9
2 9
7 10
1 1
5 6
4 4
3 5
2 3
9 8
8 7
6 2
10 9
6 9
6 6
3 2
10 3
10 5
1 8
6 1
4 6
5 10
3 3
8 2
7 7
2 9
9 4
3 1
8 10
5 9
8 2
1 5
6 8
10 6
3 10
2 3
7 1
9 7
4 4
2 2
1 7
9 2
2 5
5 10
8 1
6 3
10 8
3 6
1 4
7 9
4 7
8 3
2 6
5 4
10 1
1 9
3 7
8 2
6 5
4 3
9 10
7 8
8 1
1 8
6 4
4 5
1 2
9 1
7 3
2 8
5 9
3 6
10 10
8 7
2 1
4 6
5 4
2 1
1 5
3 3
8 10
9 8
6 7
10 2
7 9
4 4
10 7
5 3
8 8
6 8
4 1
1 9
5 4
3 2
10 6
8 5
7 7
2 3
9 10
9 8
7 9
6 3
9 6
7 1
1 2
8 2
1 5
9 3
4 4
2 7
6 8
5 6
7 1
3 9
10 10
9 7
2 3
5 4
3 9
4 5
7 10
8 2
6 7
1 1
9 6
10 8
1 5
9 1
3 8
4 4
9 3
5 5
10 2
2 6
7 1
1 7
6 10
8 9
10 1
9 9
6 4
6 1
5 7
2 3
8 5
4 2
3 7
5 10
2 6
6 8
1 3
7 1
10 4
9 9
3 3
4 4
5 4
2 3
5 2
2 1
7 4
10 8
6 5
8 3
3 7
1 6
4 10
9 9
7 2
7 6
7 7
8 5
6 6
2 5
1 6
4 1
8 8
5 10
3 7
7 3
6 4
10 2
9 9
9 8
1 2
2 10
1 4
9 5
5 1
6 8
1 2
8 7
10 3
7 5
3 10
4 4
2 6
9 9
2 1
7 9
8 1
6 5
3 4
1 8
8 9
2 2
7 1
3 7
5 3
10 4
4 5
6 6
9 10
9 2
2 7
10 1
5 4
8 5
4 6
4 3
8 8
9 10
2 2
1 4
7 3
3 5
4 7
5 1
6 6
10 9
5 3
9 8
9 2
8 4
10 10
2 9
4 2
3 3
5 8
7 7
1 5
6 1
9 6
7 6
4 9
10 3
9 8
2 6
3 10
8 1
7 7
5 5
1 2
6 4
2 8
5 9
6 6
5 6
7 4
9 8
3 5
8 4
6 7
10 10
1 1
7 3
5 2
2 9
4 6
3 2
8 9
1 9
8 8
10 6
4 8
4 2
8 10
5 6
4 8
7 5
10 9
1 2
3 3
2 4
9 7
6 1
10 5
6 9
8 2
5 10
9 7
2 6
3 8
4 3
7 4
1 1
2 1
5 5
5 9
3 5
6 7
2 7
3 3
5 9
9 4
2 3
10 2
7 1
6 7
8 5
3 6
4 10
1 8
9 6
4 5
3 8
2 7
1 1
7 3
5 2
6 10
10 4
8 9
8 10
9 3
5 3
6 7
3 3
10 9
6 6
6 10
5 6
8 7
7 1
1 9
3 5
2 8
10 2
4 4
9 3
10 9
1 10
4 9
8 8
10 8
10 10
6 3
7 7
1 9
9 1
5 5
8 6
2 8
4 4
3 2
5 8
4 6
1 5
3 9
7 1
6 5
10 9
3 7
7 4
9 2
1 10
5 5
6 3
8 1
4 8
2 6
5 4
4 10
9 8
7 10
4 1
2 7
10 6
5 9
3 2
1 5
8 3
6 4
5 5
10 1
5 2
2 9
1 8
8 5
8 5
10 4
1 2
7 8
6 10
9 9
2 3
5 1
3 6
4 7
1 10
1 8
4 3
6 7
5 4
4 3
2 8
8 7
10 9
9 6
3 5
1 10
6 2
7 1
5 2
4 1
3 5
8 8
7 9
9 6
6 2
5 7
10 4
2 10
1 3
10 5
2 9
6 6
1 2
5 6
8 8
9 4
6 10
2 1
7 9
4 7
10 3
3 5
2 2
5 3
6 3
2 9
6 3
8 10
4 7
10 1
1 8
9 4
7 2
3 5
5 6
8 3
9 8
3 6
10 1
7 2
1 3
8 7
4 4
2 9
5 10
6 5
9 2
9 5
2 5
7 4
5 3
7 10
8 2
6 6
1 10
2 4
3 3
7 7
4 1
9 9
10 5
5 8
2 10
1 9
10 7
2 4
6 3
10 10
4 9
3 8
7 1
1 2
9 7
5 6
8 5
8 9
8 7
4 7
3 2
10 10
9 6
8 5
1 8
2 9
7 3
6 1
5 4
3 4
7 8
2 3
10 4
6 2
5 5
8 10
9 9
3 7
1 6
4 1
6 5
10 5
8 9
3 7
4 10
2 8
5 1
10 5
9 6
7 4
6 2
1 3
4 8
10 7
8 1
5 10
7 3
9 4
7 8
10 5
8 1
1 9
5 3
6 6
4 10
2 2
3 7
9 1
6 4
4 2
8 4
5 9
1 1
9 10
3 6
6 8
10 7
2 3
7 5
9 9
5 6
6 10
2 10
4 8
9 1
1 9
10 5
6 4
8 2
7 7
3 3
5 6
10 3
3 9
3 1
10 4
5 3
2 5
10 3
8 7
1 4
9 10
5 1
4 5
2 8
7 2
3 9
6 6
7 6
9 6
8 9
10 10
1 1
2 2
3 9
7 1
4 3
10 6
1 5
5 4
8 7
2 10
9 8
6 2
8 5
3 1
6 8
2 6
9 9
1 2
3 8
6 3
5 6
4 10
7 5
10 1
8 7
2 4
7 2
2 1
6 2
9 3
2 3
3 1
1 7
9 10
2 7
8 8
3 2
6 9
10 5
5 4
1 3
7 1
4 6
3 4
1 6
8 6
1 9
10 4
7 9
8 2
2 8
9 3
5 5
4 6
3 7
1 1
6 10
6 6
2 2
8 1
6 2
10 6
4 2
9 4
2 6
8 10
3 5
5 8
6 7
7 3
1 9
10 1
2 10
4 3
6 7
10 6
5 4
8 8
7 1
3 2
9 5
1 9
3 5
10 7
3 6
7 8
6 9
4 2
8 4
1 5
2 1
5 10
9 3
1 8
5 9
9 9
7 3
6 9
8 7
9 1
2 2
4 4
5 8
1 6
10 10
3 5
5 9
7 5
3 6
9 5
7 8
1 7
2 3
4 1
8 2
6 9
10 10
5 4
6 5
3 1
2 7
5 3
6 10
5 8
8 4
7 7
3 5
1 6
2 2
9 3
10 1
4 9
1 9
10 7
10 10
8 1
4 2
7 8
5 4
6 6
2 3
3 5
1 7
9 9
8 7
3 10
7 10
10 3
5 7
9 7
10 4
1 1
2 9
8 5
4 10
6 6
3 3
5 7
7 2
9 8
8 1
3 8
4 3
1 4
9 1
5 7
10 6
6 5
3 10
7 8
2 2
8 9
1 8
10 10
2 7
9 6
6 6
8 10
3 1
4 2
1 5
7 8
6 9
5 6
10 10
8 4
2 7
9 3
6 2
1 10
2 3
5 7
8 8
9 2
6 5
10 1
4 4
7 6
3 9
5 5
9 4
9 6
7 8
7 9
10 2
3 1
7 3
8 10
2 9
5 4
1 5
4 8
6 6
9 7
5 5
10 5
1 6
2 4
1 10
3 7
10 6
9 9
4 3
5 8
8 2
6 5
7 1
7 9
7 4
5 1
4 9
10 7
7 4
6 2
9 10
3 3
8 1
2 6
5 5
1 8
1 5
2 2
5 7
5 10
9 4
7 10
4 6
2 9
10 2
3 8
1 7
6 3
5 5
8 1
10 7
1 8
4 8
10 7
6 10
9 5
2 4
8 1
7 6
3 3
5 2
1 9
7 2
4 6
2 8
2 10
8 10
7 6
10 3
5 8
4 4
1 9
6 5
3 1
2 2
9 7
10 2
10 6
10 3
6 7
3 6
8 8
4 2
9 9
5 10
1 1
2 4
7 5
10 9
4 3
7 6
3 5
7 3
6 10
8 9
2 8
9 2
10 4
1 7
4 6
5 1
100
100 100 100 100 100 100 100 100 100 100 100 100 100 100 100 100 100 100 100 100 100 100 100 100 100 100 100 100 100 100 100 100 100 100 100 100 100 100 100 100 100 100 100 100 100 100 100 100 100 100 100 100 100 100 100 100 100 100 100 100 100 100 100 100 100 100 100 100 100 100 100 100 100 100 100 100 100 100 100 100 100 100 100 100 100 100 100 100 100 100 100 100 100 100 100 100 100 100 100 100
120 106 110 102 122 115 118 113 116 113 103 109 117 135 114 119 105 119 124 117 107 121 110 102 125 127 115 110 111 134 121 127 118 121 130 127 109 118 124 122 111 112 113 112 104 108 120 108 109 108 106 113 117 117 114 113 124 117 122 121 141 124 123 107 124 103 108 117 114 113 112 111 101 104 115 128 106 132 100 113 106 125 114 119 111 117 108 123 126 105 111 113 110 112 114 102 107 120 105
83 87
63 44
45 74
98 5
27 11
37 54
48 89
41 14
17 3
57 60
81 38
34 92
14 63
26 40
9 77
53 2
1 69
8 43
3 51
80 64
47 34
38 24
39 97
59 72
46 23
44 29
91 75
100 88
25 31
61 99
66 76
42 26
13 86
67 37
2 79
75 39
60 94
20 59
86 93
94 15
5 18
11 27
95 96
73 70
85 45
64 7
97 85
24 83
56 67
18 58
93 48
32 25
51 35
33 12
55 8
82 73
72 78
35 41
19 42
36 33
10 6
50 55
58 91
88 68
74 82
76 19
40 57
6 98
16 46
84 66
96 36
22 90
89 81
4 10
79 20
49 17
54 4
70 100
69 84
87 30
30 71
15 80
43 52
62 50
77 22
21 56
90 53
71 28
78 62
52 95
68 32
12 65
23 47
31 49
28 21
92 1
7 16
99 13
29 61
65 9
63 3
92 64
20 4
1 78
98 27
65 59
60 85
64 48
89 33
91 68
46 53
63 88
58 9
69 63
21 81
76 68
81 49
56 14
82 26
62 1
87 89
44 9
74 94
5 36
11 53
54 92
89 82
14 76
3 58
60 98
38 2
92 49
63 8
40 24
77 47
2 74
69 27
43 44
51 19
64 10
34 96
24 1
97 30
72 18
23 85
29 61
75 97
88 12
31 32
99 26
76 28
26 57
86 63
37 11
79 65
39 25
94 46
59 14
93 100
15 45
18 84
27 59
96 75
70 60
45 68
7 31
85 13
83 33
67 48
58 69
48 80
25 78
35 56
12 91
8 99
73 40
78 23
41 22
42 17
33 71
6 73
55 67
91 39
68 87
82 70
19 50
57 77
98 72
46 86
66 3
36 43
90 15
81 4
10 62
20 35
17 93
4 6
100 83
84 29
30 55
71 20
80 95
52 16
50 52
22 21
56 7
53 51
28 81
62 42
95 54
32 88
65 41
47 5
49 38
21 34
1 37
16 79
13 90
61 66
9 64
3 56
96 25
26 86
41 70
4 64
88 76
89 17
9 59
94 29
36 62
53 26
92 41
82 40
76 97
58 31
98 73
2 92
49 20
8 44
24 9
47 98
74 91
27 24
44 34
19 11
10 77
96 21
1 93
30 71
18 19
85 33
61 80
97 65
12 89
32 30
26 67
28 74
57 12
63 37
11 32
65 15
25 75
46 18
14 84
100 78
45 64
84 86
59 52
75 13
60 58
68 90
31 3
13 56
33 88
48 60
69 100
80 27
78 55
56 82
91 42
99 5
40 1
23 25
22 22
17 99
71 50
73 85
67 6
39 79
87 28
70 8
50 68
77 48
72 7
86 94
3 46
43 38
15 51
4 39
62 54
35 53
93 76
6 95
83 63
29 43
55 66
20 57
95 2
16 23
52 49
21 87
7 81
51 45
81 83
42 70
54 4
88 36
41 16
5 35
38 10
34 61
37 69
79 47
90 14
66 96
64 72
15 20
53 83
39 82
91 96
98 59
34 73
12 58
24 31
92 12
67 87
17 66
59 27
29 68
62 47
26 94
41 96
40 54
97 92
31 51
73 91
92 44
20 80
44 23
9 24
98 17
91 46
24 13
34 36
11 98
77 37
21 69
93 34
71 21
19 8
33 55
80 81
65 18
89 19
30 58
67 97
74 26
12 65
37 14
32 79
15 12
75 72
18 4
84 7
78 87
64 78
86 1
52 6
13 100
58 38
90 31
3 71
56 20
88 49
60 99
100 16
27 42
55 29
82 40
42 2
5 75
1 41
25 39
22 93
99 64
50 32
85 10
6 35
79 85
28 62
8 50
68 53
48 3
7 15
94 63
46 28
38 90
51 83
39 67
54 5
53 86
76 70
95 95
63 73
43 11
66 56
57 59
2 22
23 76
49 84
87 88
81 30
45 9
83 48
70 82
4 52
36 57
16 25
35 77
10 43
61 45
69 33
47 60
14 74
96 89
72 61
38 25
50 79
66 89
27 80
68 11
47 88
94 22
96 97
54 33
92 71
51 61
91 98
44 6
80 51
23 81
24 36
17 12
46 8
13 18
36 46
98 84
37 96
69 90
34 26
21 2
8 93
55 45
81 57
18 94
19 48
58 19
97 42
26 83
65 54
14 32
79 50
12 20
72 59
4 1
7 70
87 72
78 63
1 74
6 28
100 73
38 44
31 14
71 53
20 77
49 82
99 16
16 95
42 9
29 24
40 55
2 25
75 37
41 4
39 67
93 30
64 78
32 35
10 13
35 15
85 65
62 41
50 91
53 7
3 100
15 92
63 75
28 39
90 17
83 87
67 10
5 47
86 29
70 34
95 60
73 49
11 38
56 56
59 43
22 68
76 85
84 52
88 64
30 62
9 23
48 66
82 31
52 58
57 79
25 40
77 21
43 27
45 3
33 99
60 5
74 76
89 86
61 69
76 51
61 11
4 28
34 10
20 51
65 77
23 54
100 42
40 97
64 21
94 18
97 46
92 45
80 8
8 4
54 49
51 57
85 15
4 11
50 14
90 24
58 14
89 22
80 38
11 25
88 76
22 45
97 89
33 23
71 73
61 56
98 94
6 85
51 71
81 79
36 43
12 69
8 82
18 87
46 66
84 15
96 4
90 97
26 67
2 96
93 80
45 70
57 58
94 7
48 2
19 35
42 37
83 16
54 11
32 59
50 92
20 14
59 6
1 63
70 42
72 49
63 40
74 84
28 100
73 36
44 90
14 24
53 53
77 9
82 8
16 48
95 21
9 39
24 64
55 95
25 61
37 68
4 26
67 52
30 60
78 33
35 1
13 30
15 41
65 5
41 20
91 50
7 27
100 29
92 19
75 13
39 88
17 46
87 18
10 81
47 28
29 75
34 74
60 77
49 91
38 31
56 44
43 57
68 93
85 98
52 65
64 32
62 99
23 12
66 10
31 78
58 62
79 51
40 54
21 86
27 17
3 55
99 72
5 3
76 83
86 34
69 47
5 53
35 62
31 6
53 77
20 8
17 57
59 86
100 18
8 23
42 59
30 28
11 68
70 56
52 100
58 40
22 47
38 74
25 51
76 26
45 90
89 70
23 34
73 50
56 98
94 42
85 17
71 10
79 22
43 67
69 23
82 66
87 8
66 63
15 91
4 94
97 30
67 46
96 57
80 33
70 49
58 81
7 44
2 65
35 55
37 72
16 71
11 36
59 88
92 29
14 69
6 48
63 9
42 45
49 61
40 43
84 79
100 68
36 40
90 2
24 11
53 99
9 27
8 93
48 87
21 16
39 24
64 19
95 32
61 4
68 95
26 53
52 52
60 86
33 80
1 84
30 77
41 82
5 13
20 31
50 41
27 14
29 25
19 100
13 56
88 18
46 6
18 5
81 85
28 96
75 38
74 59
77 21
91 1
31 62
44 15
57 58
93 37
98 73
65 3
32 7
99 76
12 78
10 64
78 75
62 54
51 20
54 60
86 39
17 97
55 12
72 92
3 89
83 35
34 28
47 83
90 97
57 65
20 42
55 54
83 9
49 22
67 16
94 94
53 66
12 31
73 64
8 59
87 45
4 43
55 4
85 76
42 1
64 63
47 85
74 72
51 91
26 66
90 71
70 96
34 61
50 94
98 54
42 22
17 33
10 2
22 34
67 79
23 55
66 45
8 14
63 49
91 51
94 88
30 38
46 77
57 63
33 13
49 93
81 31
44 17
65 23
55 78
72 69
71 70
36 40
88 19
29 43
69 24
48 15
9 89
45 97
61 80
43 3
79 47
68 92
40 56
2 76
11 86
99 11
27 29
93 75
87 59
16 57
24 16
19 48
32 9
4 10
95 37
53 8
52 30
86 18
80 21
84 74
77 32
82 7
13 41
31 5
41 73
14 52
25 53
100 84
56 42
18 20
6 65
5 62
85 35
96 36
38 64
59 28
21 26
1 83
62 44
15 82
58 4
37 81
73 46
3 27
7 1
76 98
78 12
64 67
75 68
54 50
20 99
60 87
39 25
97 58
12 6
92 60
89 95
35 39
28 100
83 90
22 7
97 42
58 72
55 57
7 48
60 20
53 45
15 85
69 30
48 90
67 44
40 62
35 93
85 69
72 92
91 49
66 63
71 51
96 47
61 77
94 40
54 45
22 29
33 76
2 33
34 56
79 44
55 72
45 27
14 3
49 65
51 91
88 62
38 83
77 64
63 9
13 88
93 52
31 22
17 86
23 60
78 31
69 25
70 11
40 50
19 14
43 70
24 79
15 30
89 84
97 20
80 54
3 93
47 74
92 18
56 94
76 28
86 26
11 98
29 80
75 87
59 32
57 66
16 100
48 59
9 39
10 36
37 4
8 6
30 68
18 48
21 99
74 5
32 85
7 2
41 96
5 19
73 58
52 41
53 24
84 53
42 90
20 61
65 10
62 23
35 13
36 46
64 95
28 57
26 67
83 82
44 78
82 55
4 38
81 8
46 42
27 12
1 89
98 81
12 1
67 21
68 71
50 97
99 75
87 35
25 73
58 37
6 16
60 15
95 17
39 43
100 7
90 34
11 45
21 79
55 68
79 31
78 99
21 87
96 57
29 13
3 60
98 61
62 97
60 56
13 22
5 27
85 27
63 28
69 89
92 53
49 87
63 32
51 41
47 44
77 3
40 77
45 61
29 50
76 7
33 21
56 60
44 6
72 69
27 51
3 24
65 18
91 22
62 15
83 8
64 78
9 43
88 34
52 29
22 68
86 39
60 19
31 14
25 28
11 63
50 38
14 92
70 55
79 9
30 57
84 100
20 12
54 33
93 13
74 11
18 93
94 30
28 59
26 95
98 76
80 10
87 20
32 4
66 82
100 96
59 25
39 66
36 26
4 67
6 79
68 52
48 37
99 81
5 56
85 1
2 83
96 31
19 46
58 5
41 88
24 74
53 86
90 27
61 49
10 65
23 94
13 47
46 90
95 98
57 54
67 35
82 72
78 85
55 64
38 2
8 36
42 16
12 97
89 84
81 80
1 40
21 42
71 75
97 70
75 58
35 23
73 17
37 73
16 91
15 45
17 62
43 48
7 99
34 71
42 98
96 29
4 28
23 43
91 85
87 83
45 57
70 69
79 94
88 42
15 29
25 34
3 61
89 76
53 26
87 83
32 95
41 97
44 100
3 28
77 36
61 10
50 16
7 62
21 93
60 1
6 50
69 27
51 9
24 25
18 17
22 22
15 58
8 11
78 46
43 88
34 3
29 39
68 72
39 12
19 32
14 35
28 51
63 70
38 61
92 73
55 13
9 8
57 15
100 77
12 21
33 49
13 14
11 43
93 6
30 63
59 7
95 38
76 54
10 2
20 47
4 82
82 84
96 30
25 75
66 67
26 45
67 60
79 96
52 42
37 5
81 55
56 79
1 48
83 81
31 99
46 64
5 20
88 56
74 44
86 31
27 80
49 57
65 94
94 91
47 69
90 65
98 89
54 98
35 87
72 52
85 66
64 68
2 59
36 71
16 34
97 33
84 78
80 4
40 90
42 24
75 85
70 29
58 37
23 23
17 18
73 86
91 40
45 92
62 19
48 53
99 74
71 41
88 87
25 7
79 42
76 32
26 15
83 96
95 69
97 67
100 76
28 74
36 26
10 21
16 33
62 57
93 87
1 35
50 12
27 2
9 27
25 52
17 86
22 78
58 64
11 98
46 8
88 4
3 56
39 3
72 5
12 89
32 65
35 13
51 59
70 62
61 44
73 41
13 16
8 42
15 6
77 81
21 68
49 34
14 94
43 45
6 53
63 19
7 91
38 47
54 55
2 50
47 90
82 23
84 83
30 48
75 73
67 10
45 77
60 99
96 30
42 75
5 95
55 82
79 71
48 51
81 54
99 20
64 92
20 14
56 29
44 72
31 84
80 1
57 80
94 46
91 43
69 61
65 24
89 88
98 40
87 60
52 63
66 9
68 97
59 79
71 22
34 70
33 58
78 66
4 100
90 49
24 85
85 28
29 38
37 11
23 39
18 37
86 25
40 18
92 36
19 7
53 17
74 31
41 93
54 44
48 7
71 63
73 94
1 10
86 17
90 40
8 64
73 44
32 4
15 38
96 72
69 10
67 17
76 65
74 91
26 41
21 83
33 19
57 84
87 53
35 56
12 78
2 51
27 49
52 33
86 9
78 86
64 8
98 30
8 32
4 54
56 63
3 47
5 7
89 61
65 12
13 42
59 44
62 48
44 26
41 27
16 6
42 88
6 89
81 55
68 45
34 70
94 73
45 76
53 14
19 62
91 39
47 92
55 97
50 66
90 90
23 20
83 52
48 69
73 18
10 23
77 16
99 64
30 34
75 1
95 96
82 36
71 59
51 74
54 82
20 98
92 99
14 37
29 35
72 100
84 79
1 25
80 22
46 93
43 31
61 81
24 5
88 11
40 3
60 67
63 2
9 77
97 24
79 94
22 58
70 43
58 68
66 60
100 29
49 15
85 50
28 87
38 57
11 46
39 75
37 71
25 85
18 21
36 28
7 40
17 80
31 95
93 13
26 91
18 90
16 33
25 5
90 58
24 26
54 77
23 83
53 42
10 6
15 13
44 39
17 18
39 34
43 20
99 24
89 63
4 47
38 4
72 6
10 20
17 73
65 24
91 49
41 82
83 2
19 28
84 99
53 38
56 56
78 55
51 68
49 44
33 91
9 10
86 88
8 30
30 31
32 1
54 79
63 7
47 95
7 84
61 97
12 37
42 15
44 18
48 21
26 45
27 86
6 9
88 54
89 12
55 48
45 78
70 64
73 75
76 83
14 85
62 32
39 61
92 50
97 52
66 93
90 87
20 3
52 41
69 36
18 70
23 22
16 29
64 40
34 76
1 26
96 65
36 100
59 69
74 63
82 27
98 13
99 94
37 81
35 23
100 5
79 53
25 16
22 77
93 80
31 46
81 71
5 58
11 35
3 57
67 17
2 89
77 72
24 98
94 19
58 60
43 66
68 8
60 43
29 51
15 34
50 14
87 42
57 59
46 96
75 67
71 25
85 39
21 11
28 92
40 74
80 33
95 62
13 90
14 50
47 22
89 41
36 95
66 11
72 96
5 65
34 75
12 33
24 3
33 87
66 19
43 45
27 47
19 79
66 98
14 37
41 7
34 70
42 89
23 84
54 72
78 77
20 41
72 77
21 40
34 41
30 52
9 100
13 72
39 58
15 44
72 62
4 38
72 43
47 73
4 95
6 66
20 2
73 32
24 29
49 1
82 17
2 67
28 27
99 74
38 37
56 60
55 57
68 21
44 83
91 49
10 81
88 5
30 82
31 90
1 53
79 93
7 79
95 44
84 68
97 13
37 86
15 10
18 70
21 76
45 98
86 39
9 88
54 71
12 7
48 99
78 69
64 31
75 8
83 25
85 33
32 45
61 24
50 42
52 22
93 72
87 80
3 34
41 12
36 46
70 47
22 18
29 55
40 85
76 94
26 61
65 78
100 11
69 48
63 19
27 65
13 91
94 54
81 30
23 4
5 6
53 23
16 58
77 64
80 56
46 75
71 15
58 43
35 26
57 87
17 59
89 92
72 100
98 52
19 35
60 40
66 89
8 3
43 63
51 20
34 77
14 97
42 41
59 84
96 9
67 96
25 51
39 36
11 62
92 14
74 28
33 38
62 16
90 50
1 95
60 53
85 61
33 11
53 5
57 66
77 55
69 94
45 57
93 77
79 51
58 32
46 27
16 37
73 28
95 93
66 68
2 47
32 80
29 96
1 53
17 86
67 20
27 99
74 24
37 44
60 74
57 92
21 90
83 13
49 84
81 14
5 35
82 22
90 52
53 38
93 51
79 64
44 11
68 66
13 29
86 55
10 43
70 98
76 62
98 83
39 6
88 5
71 45
7 54
99 9
69 94
31 60
8 46
25 77
33 37
45 75
24 100
42 21
22 19
72 41
80 23
34 61
12 10
46 15
47 58
18 89
55 4
85 27
94 39
61 69
78 71
11 76
48 63
19 70
65 34
91 78
54 67
30 18
4 82
6 72
23 40
58 3
64 12
56 1
75 59
15 73
43 49
26 8
87 88
59 97
92 81
100 26
52 50
35 56
40 36
89 16
3 2
63 85
20 95
77 91
97 25
41 65
84 87
9 7
96 17
51 48
36 57
62 30
14 32
28 42
38 79
16 31
50 33
63 76
6 89
81 69
11 30
77 74
87 51
27 100
55 100
19 48
47 27
96 9
37 16
47 8
39 8
62 87
92 99
56 55
40 37
21 49
28 95
93 60
68 84
47 88
80 35
96 50
53 87
86 47
20 27
99 15
24 1
44 55
74 73
92 54
90 79
13 83
84 91
14 75
35 43
22 76
52 22
38 94
51 59
64 57
11 25
66 13
29 67
55 33
43 37
98 99
62 63
83 78
6 19
5 82
45 86
54 41
9 32
94 10
60 80
46 4
77 97
37 11
75 20
100 70
21 28
19 68
41 64
23 90
61 93
10 7
15 65
58 85
89 81
4 44
27 51
39 38
69 23
71 52
76 17
63 71
70 16
34 69
78 29
67 46
18 30
82 9
72 18
40 24
3 21
12 56
1 92
59 58
73 89
49 39
8 45
88 12
97 49
81 62
26 53
50 48
56 6
36 36
16 74
2 40
85 42
95 5
91 31
25 72
65 100
87 61
7 34
17 98
48 26
57 77
30 96
32 2
42 14
79 8
31 66
33 3
47 68
74 97
62 88
92 38
81 31
95 93
60 4
84 21
88 12
35 92
50 31
87 81
47 46
27 100
15 55
1 30
55 83
73 52
54 27
79 1
83 49
91 79
75 87
43 43
76 94
22 70
94 68
59 23
57 26
25 53
13 88
67 78
33 48
37 16
99 17
63 74
78 84
19 19
82 40
86 34
41 97
32 59
10 36
80 89
4 82
97 73
11 76
20 15
70 98
28 99
68 14
64 44
90 35
93 96
7 25
65 6
85 54
81 37
44 64
51 50
38 2
23 47
52 10
17 41
71 24
16 85
69 56
29 58
46 69
30 72
9 9
18 57
24 65
21 7
56 61
92 39
58 13
89 60
39 63
45 51
12 86
49 42
62 62
53 67
48 22
6 11
36 32
74 33
40 20
42 28
5 5
31 18
72 71
100 8
61 75
34 80
98 66
26 38
77 29
96 77
2 91
14 95
8 3
66 90
3 45
20 93
27 77
9 78
61 24
64 55
4 35
12 59
16 42
54 48
25 68
13 41
69 60
88 75
88 21
100 68
22 69
49 19
29 61
95 2
93 42
4 93
21 79
12 36
92 39
31 19
81 47
46 33
100 31
55 8
30 86
83 43
52 90
27 57
1 99
49 63
79 14
87 25
43 45
94 9
70 23
68 6
23 26
26 96
53 29
88 51
78 97
48 84
16 83
17 60
74 44
84 77
19 35
40 10
34 32
97 85
59 20
36 15
89 37
82 38
73 58
76 88
15 5
98 52
99 46
14 71
44 1
35 2
96 68
25 53
6 70
54 95
37 62
64 75
50 69
2 16
47 30
10 49
41 76
24 80
85 41
56 59
58 92
69 89
72 91
9 98
57 12
65 73
7 50
61 17
39 82
13 7
60 4
63 64
51 65
86 74
42 11
62 61
67 56
22 18
11 87
32 72
33 48
20 40
28 13
5 21
18 100
71 78
8 55
75 94
80 24
66 28
38 27
29 34
77 22
91 67
95 81
3 66
90 3
45 54
97 61
44 87
48 37
5 87
76 56
12 50
48 19
50 71
84 97
62 100
24 54
52 40
88 13
87 53
74 31
39 94
78 81
99 100
76 69
10 17
14 85
97 22
29 40
85 71
42 56
93 15
79 68
36 54
39 66
19 47
47 85
33 70
31 69
8 35
86 75
43 51
90 14
57 27
99 60
63 92
14 63
25 97
45 13
9 36
23 95
6 41
26 12
96 80
29 65
51 73
97 10
84 91
83 8
60 77
44 87
77 30
35 32
10 84
32 86
85 57
20 7
15 42
37 88
38 58
58 49
88 99
5 83
52 9
46 59
71 23
1 3
2 98
68 94
53 24
70 46
95 64
62 61
75 44
69 45
16 71
30 21
49 2
76 17
80 31
41 19
59 33
92 74
89 5
91 93
98 100
12 37
73 48
50 22
17 1
82 72
7 18
4 26
64 25
65 50
74 78
11 81
61 6
56 4
18 62
87 76
72 20
48 11
40 29
13 43
21 67
100 89
78 53
55 34
94 96
24 52
28 39
27 82
34 55
22 38
67 28
81 90
66 79
3 40
54 16
33 1
6 100
35 15
1 67
52 75
6 4
32 1
46 64
84 60
29 14
75 65
68 98
47 52
45 50
82 30
10 98
47 73
56 62
15 84
68 14
54 18
66 7
47 89
85 98
70 78
69 5
35 82
75 45
51 32
14 3
27 12
60 61
92 93
63 29
97 53
13 41
36 99
95 6
41 66
12 92
80 15
65 88
73 57
10 51
91 58
8 33
77 40
87 80
30 21
32 71
84 64
86 100
57 49
7 26
42 75
88 37
58 81
49 79
99 22
83 77
9 70
59 8
23 17
3 30
98 27
94 24
24 91
46 16
64 48
61 10
44 39
45 55
71 69
21 28
2 73
17 97
31 65
19 42
33 47
74 25
5 72
93 87
100 94
37 43
48 60
22 83
1 95
72 90
18 85
26 46
25 1
50 68
78 11
81 4
6 23
4 34
62 19
76 31
20 36
11 50
29 38
43 56
67 35
89 52
53 74
34 76
96 54
52 9
39 44
82 2
55 63
38 96
28 67
90 86
79 13
40 20
16 59
21 47
81 54
68 30
71 10
54 91
67 36
65 18
62 100
84 23
14 97
18 35
7 47
89 63
98 34
78 59
5 46
82 26
45 85
32 44
3 16
12 21
61 8
93 17
29 42
53 12
41 40
99 18
6 22
66 86
92 56
15 45
88 90
57 52
51 3
58 54
33 91
40 82
80 51
21 83
71 30
64 37
100 53
49 39
26 96
75 66
37 28
81 5
79 32
22 9
77 50
70 88
8 72
17 58
30 31
27 27
24 76
91 64
16 11
48 65
10 13
39 19
55 29
69 87
28 4
73 69
97 36
65 67
42 2
47 80
25 95
72 77
87 75
94 74
43 55
60 7
83 73
95 79
90 89
85 33
46 62
1 15
68 61
11 84
4 99
23 14
34 57
19 6
31 24
36 78
50 71
38 10
56 92
35 41
52 94
74 49
76 1
54 81
9 93
44 48
2 60
63 25
96 98
67 70
86 38
13 43
20 68
59 20
59 73
24 15
68 39
7 29
53 3
25 12
8 87
38 11
21 63
94 67
1 6
34 95
71 84
21 5
42 80
31 46
95 14
79 43
28 41
41 46
18 75
100 98
23 25
97 14
35 78
47 44
63 31
34 79
59 26
46 83
26 61
85 85
44 70
16 55
21 56
8 71
17 80
42 50
12 59
40 39
18 13
22 46
86 57
56 67
45 43
90 95
52 27
3 65
54 66
91 24
82 36
51 32
83 1
30 52
37 28
53 20
39 2
96 11
66 86
28 60
5 15
32 77
9 73
50 90
88 100
72 9
58 35
31 53
27 41
76 72
64 69
11 47
65 21
13 17
19 51
29 88
87 54
4 75
69 91
36 93
67 40
2 16
80 92
95 76
77 30
75 22
74 4
55 33
7 74
73 63
79 10
89 3
33 64
62 19
15 7
61 99
84 81
99 8
14 49
57 12
6 82
24 18
78 29
71 58
10 68
92 87
41 62
94 89
49 6
1 94
81 23
93 97
48 37
60 84
25 5
98 96
70 48
38 45
43 42
68 34
20 38
5 18
77 41
30 91
68 47
85 68
82 7
12 17
34 72
99 79
8 98
98 64
25 80
14 65
78 48
44 26
31 82
79 10
26 53
83 100
61 68
85 76
70 44
55 59
56 18
71 42
80 4
50 28
59 13
39 73
13 71
46 15
57 79
67 1
43 58
95 27
27 46
65 81
66 55
24 36
36 25
32 78
1 75
52 99
28 66
20 57
2 20
11 97
86 94
60 67
15 8
77 51
73 6
90 95
100 91
9 31
35 89
53 12
41 3
72 86
69 35
47 11
21 23
17 30
51 88
88 90
54 37
75 92
91 21
93 38
40 5
16 9
92 41
76 43
30 77
22 74
4 16
33 93
74 29
63 33
10 24
3 62
64 14
19 50
7 17
99 72
81 34
8 47
49 39
12 7
82 87
18 96
29 70
58 19
68 61
87 2
62 49
89 56
6 69
94 54
23 60
97 45
37 83
84 98
5 84
96 85
48 32
45 63
42 52
34 40
38 22
31 99
53 60
64 22
80 55
65 59
48 68
26 53
82 49
10 38
53 54
100 10
68 83
76 78
44 6
59 8
18 48
42 65
4 91
28 26
13 56
73 57
71 34
15 80
79 7
1 29
58 39
27 35
46 14
81 70
55 16
36 75
25 46
78 37
75 89
99 61
66 99
57 20
20 97
97 2
94 47
67 51
8 19
51 40
6 95
95 18
91 27
31 9
89 94
12 36
3 92
86 17
35 84
11 85
23 13
30 64
88 52
90 41
37 24
92 90
21 72
38 74
5 63
9 81
41 25
43 66
77 28
74 86
16 67
93 88
29 77
33 50
24 45
62 4
14 87
50 58
17 69
72 12
34 100
47 5
39 71
7 42
87 96
96 3
70 82
19 76
61 98
2 43
49 60
56 73
69 44
54 11
60 31
45 15
83 1
98 62
84 32
85 93
32 33
63 23
52 79
40 21
22 30
35 69
74 1
100 43
11 1
70 7
14 32
71 98
100 27
68 51
2 84
3 73
92 68
46 63
7 17
40 11
51 4
34 39
89 70
88 94
61 89
72 59
33 60
11 34
50 41
18 69
22 80
55 26
59 46
68 94
53 39
49 66
38 50
54 74
10 18
83 64
78 97
6 60
8 96
48 92
65 42
91 88
26 11
56 19
57 99
34 35
80 81
7 45
29 43
39 68
35 4
14 15
70 33
16 91
75 10
46 55
37 38
89 58
61 95
99 28
20 82
97 54
2 41
47 70
51 63
19 67
40 100
95 89
18 73
27 87
9 79
94 51
36 3
92 34
17 69
84 8
85 21
13 40
64 37
52 85
41 9
24 49
90 1
72 7
74 30
63 84
81 20
25 52
66 72
28 13
86 22
67 32
88 25
77 5
50 93
45 83
4 59
87 53
58 62
69 56
12 36
100 98
5 27
71 17
42 14
96 77
3 47
82 71
76 65
98 31
43 2
60 16
73 57
44 90
11 75
31 61
15 23
1 86
62 44
32 76
93 12
33 6
23 29
79 78
21 48
30 24
12 51
59 93
8 21
13 75
60 36
19 44
87 12
88 38
50 7
64 90
5 97
10 98
85 54
1 14
78 43
70 98
45 71
67 67
25 9
68 65
89 98
78 87
39 7
89 8
62 74
100 97
41 23
80 62
26 86
46 29
94 84
39 61
66 93
50 94
74 90
18 77
64 14
97 79
60 42
96 46
92 33
42 22
88 1
11 47
19 39
99 43
35 78
81 53
45 18
43 65
68 66
4 34
15 49
33 25
91 83
10 45
55 56
38 51
58 89
95 23
28 95
82 76
54 2
41 44
70 3
63 54
67 85
100 96
89 69
73 48
87 19
79 9
51 17
3 73
34 30
69 71
8 27
21 99
40 37
37 5
85 88
9 57
49 13
1 28
7 59
30 52
84 72
20 32
52 58
72 8
13 26
22 60
32 97
25 16
5 80
93 67
83 74
59 50
53 38
62 6
56 4
36 98
98 12
27 35
17 24
14 87
77 64
47 20
71 15
65 41
31 40
2 31
16 36
57 82
90 63
75 81
61 75
23 100
86 92
44 55
76 91
12 11
6 7
29 68
78 10
48 21
24 70
3 10
49 36
4 6
72 28
73 5
1 22
94 89
43 88
26 74
20 46
50 27
43 67
19 22
22 12
50 88
62 1
86 84
29 6
84 55
61 58
93 80
94 5
90 73
77 26
14 57
79 41
42 42
46 46
33 94
22 49
1 61
47 90
39 65
43 9
78 70
53 23
18 63
65 96
66 81
34 34
49 72
25 50
83 4
45 14
56 39
51 98
89 75
23 83
95 33
76 3
2 87
44 47
3 69
54 44
85 36
96 38
69 27
48 45
19 100
9 22
17 52
73 76
30 13
71 59
27 30
99 66
37 16
5 48
88 85
57 31
13 79
28 51
59 15
52 54
72 77
32 32
58 35
8 25
26 43
60 92
97 89
16 78
80 64
67 91
74 19
50 86
38 12
6 71
4 88
98 24
12 18
35 10
24 95
87 99
64 60
20 93
15 20
41 8
40 67
31 82
36 11
82 2
63 7
81 17
75 21
100 28
92 97
55 68
91 56
11 40
7 29
68 37
10 53
21 62
70 74
83 29
25 38
11 89
74 72
27 64
9 96
38 29
23 45
99 18
74 60
1 38
84 55
6 29
55 12
58 74
80 82
5 34
73 47
26 61
57 11
41 25
42 46
46 91
94 39
49 97
61 22
90 3
65 1
9 84
70 76
23 54
63 83
96 17
81 30
34 88
72 95
50 48
4 40
14 68
39 21
98 64
75 100
83 87
33 59
3 53
87 13
47 77
69 41
44 80
36 15
38 69
27 24
45 32
100 73
22 44
52 2
76 67
13 50
59 20
30 98
66 92
16 51
48 5
85 71
31 33
79 79
51 63
15 9
54 36
77 45
32 16
35 42
25 37
43 57
92 31
89 75
78 90
64 86
91 65
19 62
86 23
12 43
71 66
88 85
24 10
18 26
10 99
95 49
99 6
60 93
93 52
20 19
8 35
67 96
82 4
11 14
2 94
7 72
17 28
21 89
28 81
97 70
68 27
56 78
40 58
29 60
37 8
53 7
62 56
74 18
100 67
14 81
56 62
96 82
64 45
1 12
47 22
24 70
77 96
35 69
46 17
38 77
55 30
29 12
12 31
74 46
82 26
34 62
47 9
61 15
11 95
25 90
46 8
91 72
39 91
97 83
22 57
3 70
1 2
84 48
76 76
54 81
83 17
17 41
30 10
88 50
95 69
48 71
40 65
68 87
21 67
64 60
100 38
87 34
59 86
53 43
13 80
77 94
41 4
80 54
15 14
69 63
24 36
32 56
73 24
44 58
2 73
67 93
50 29
20 16
98 51
92 11
51 99
5 79
71 3
33 82
79 32
63 28
9 97
36 66
45 33
16 37
42 100
37 25
57 52
31 1
75 68
90 5
86 19
65 45
62 96
23 23
43 78
66 6
85 55
10 92
26 85
99 20
49 59
6 64
93 53
52 22
19 47
35 39
96 61
4 98
14 49
94 88
72 75
28 21
89 7
81 89
70 44
27 40
78 13
58 84
60 42
8 35
7 27
56 74
18 18
70 27
58 12
87 49
37 19
26 99
75 29
19 52
33 59
51 46
97 22
57 57
16 76
92 62
3 4
51 78
63 82
86 87
62 45
5 68
92 72
50 47
31 8
63 23
97 42
20 4
49 32
10 11
26 21
93 59
64 67
93 40
50 56
19 16
20 14
77 90
30 65
12 35
31 10
46 40
26 27
62 24
9 45
15 50
95 4
90 83
8 62
72 47
91 9
83 1
57 79
70 70
2 56
48 98
76 18
81 33
17 72
41 63
10 41
50 94
69 42
71 2
65 75
87 28
67 46
60 55
38 99
34 100
86 73
43 44
80 78
94 13
4 60
54 51
14 3
63 48
36 52
56 95
24 16
58 80
73 26
93 12
29 14
16 6
51 71
11 39
99 92
79 64
3 93
82 69
32 81
28 85
97 96
66 32
33 77
37 15
100 86
25 21
52 74
1 54
68 25
5 8
19 22
45 30
96 61
23 67
78 23
6 59
55 17
92 36
85 87
20 38
59 89
64 66
53 97
22 49
47 57
39 82
61 43
98 19
49 11
88 76
75 37
21 29
7 84
89 7
44 88
40 91
13 5
84 34
42 31
35 53
27 68
74 20
18 58
1 47
1 70
28 69
18 69
86 51
42 37
3 17
18 9
8 31
72 33
23 86
62 70
82 54
43 53
72 72
96 84
29 51
51 94
78 26
1 16
7 85
90 80
65 63
35 98
10 72
40 50
27 34
24 45
45 93
50 59
4 11
83 8
62 54
47 16
9 78
1 46
79 27
70 35
56 89
98 40
18 95
33 83
72 21
63 60
41 38
94 13
42 15
2 55
75 18
28 91
46 69
55 33
99 26
100 31
73 30
44 20
78 53
13 65
60 84
51 73
3 19
48 64
52 57
95 37
16 82
80 4
26 2
12 81
14 85
6 49
71 6
39 61
92 67
64 96
93 1
69 44
81 79
85 24
96 23
32 52
77 70
15 92
86 47
21 76
74 36
54 25
25 71
8 100
22 56
30 3
61 97
67 29
23 12
59 28
17 77
36 86
87 75
38 94
89 51
66 68
97 17
49 62
57 66
82 99
43 14
19 87
11 7
76 39
37 43
29 58
84 42
7 5
88 48
91 90
5 9
34 32
31 88
53 74
68 10
20 22
58 41
17 68
34 28
8 84
99 7
68 46
19 65
29 18
3 83
63 51
4 65
37 85
97 73
29 42
19 77
63 6
72 17
71 75
99 46
10 71
96 96
5 42
6 91
12 54
74 21
83 93
34 80
55 55
80 32
63 59
98 51
72 20
50 14
34 60
45 98
93 54
59 65
11 52
8 35
54 95
16 27
78 93
46 49
27 36
35 88
89 83
40 92
95 58
83 53
21 12
60 71
38 3
13 87
15 24
55 99
18 90
91 47
69 69
33 2
26 9
31 26
30 11
20 33
53 82
65 74
84 86
73 28
19 89
64 73
57 75
37 34
82 72
4 80
2 84
81 38
85 29
49 64
6 48
61 17
67 16
96 61
1 100
44 50
79 18
24 70
23 91
52 40
70 7
92 97
47 63
76 94
36 19
25 66
71 5
100 41
56 68
3 45
97 10
29 15
12 22
28 55
77 62
86 96
75 6
94 81
51 43
68 67
17 57
62 31
66 76
99 42
14 85
87 4
7 30
39 39
43 21
58 37
42 23
5 8
48 78
90 1
9 46
32 44
88 56
74 25
10 77
22 79
41 13
48 90
42 49
84 13
16 24
47 8
90 16
38 82
47 64
65 55
1 30
56 85
11 8
18 43
40 53
4 71
58 84
99 82
35 67
32 87
59 92
51 99
20 43
14 58
60 82
98 52
54 78
65 45
52 6
35 33
95 29
27 98
93 90
49 30
36 24
88 100
83 22
92 13
58 41
53 91
12 2
71 69
3 14
87 53
24 97
99 86
90 57
47 75
69 19
2 18
9 44
26 35
11 65
33 34
82 10
74 85
86 76
28 54
89 64
73 77
75 96
34 61
72 5
80 20
84 16
38 80
29 55
64 23
48 28
17 68
16 9
61 42
100 79
50 3
18 36
70 56
91 94
40 66
7 32
97 8
63 95
94 7
19 47
66 46
5 67
41 21
68 17
45 12
10 1
15 72
22 73
55 74
62 71
96 51
6 40
81 37
43 93
67 31
57 70
31 39
76 38
42 88
85 63
4 4
30 62
39 81
21 60
37 50
23 26
8 49
78 84
1 27
46 59
44 89
56 11
25 25
77 15
79 83
13 48
16 33
46 93
85 31
80 65
61 71
40 44
10 93
81 2
56 52
78 44
82 13
96 7
71 47
96 44
78 8
91 11
17 98
50 78
78 35
14 20
38 96
87 93
92 76
99 24
43 48
58 60
82 77
52 63
78 91
45 43
6 82
33 51
29 23
98 90
90 46
30 61
24 86
100 53
22 50
13 5
41 83
91 32
2 10
69 99
14 59
53 12
97 42
86 66
57 81
75 30
19 68
18 88
44 71
35 65
65 100
34 69
10 19
85 37
76 20
54 94
64 89
77 8
96 79
61 33
5 92
20 17
16 72
80 27
55 98
23 40
28 38
68 1
9 26
42 16
79 6
3 11
36 54
56 9
94 97
66 41
32 58
8 52
95 13
7 87
47 45
46 21
67 14
21 7
17 18
12 55
1 31
72 85
73 74
74 4
71 39
51 49
40 78
37 47
93 28
31 96
70 22
39 70
38 44
88 29
63 62
4 25
62 34
81 56
60 95
50 64
26 57
49 80
84 67
27 75
59 84
89 3
11 73
25 36
15 2
83 35
48 15
97 20
3 28
36 94
31 92
98 62
81 52
44 40
20 67
63 79
28 47
96 4
87 27
95 77
53 97
40 59
100 25
64 91
3 86
20 4
18 54
25 78
47 83
43 74
30 73
96 91
62 44
1 45
12 22
56 23
73 91
93 43
76 33
24 31
48 16
60 72
77 66
63 59
91 23
43 61
82 38
51 45
23 12
90 67
46 42
61 88
86 26
53 91
50 49
5 58
83 6
32 30
10 54
99 9
59 50
12 84
42 94
66 17
81 4
30 1
68 64
88 99
71 97
65 98
100 92
69 68
19 51
37 8
20 63
94 39
89 95
8 96
79 57
33 41
92 7
17 79
72 55
27 21
98 74
40 77
38 46
1 53
26 86
16 40
6 19
11 32
54 80
9 75
97 22
41 73
58 10
52 35
13 89
87 36
45 27
21 44
14 34
7 48
18 56
55 65
31 100
85 83
74 62
4 11
39 82
49 18
78 85
47 93
28 25
96 24
22 5
70 87
44 14
29 20
62 78
25 70
34 52
56 81
95 60
64 69
57 90
80 28
67 15
75 3
84 76
3 71
73 47
36 29
2 13
35 37
15 2
56 28
45 70
22 34
96 75
73 39
21 87
1 55
95 80
69 63
62 99
86 56
26 96
44 6
77 31
66 86
40 99
60 39
76 83
53 66
49 34
67 77
19 43
96 37
44 34
98 50
37 87
68 62
43 29
33 79
31 31
16 44
72 2
66 43
59 23
23 5
61 58
38 40
45 73
12 52
67 81
42 51
88 55
26 69
91 42
49 9
58 57
6 19
30 46
54 84
9 36
50 98
84 70
94 67
17 94
4 88
1 83
64 3
99 66
97 41
98 34
92 97
68 78
51 80
8 86
63 1
39 7
95 89
96 71
57 10
41 68
7 8
79 14
55 12
21 91
74 38
77 47
46 60
53 54
86 4
40 99
19 45
32 61
80 90
75 87
22 95
73 96
10 75
35 65
89 50
36 30
27 62
44 39
34 74
48 49
56 100
65 28
100 16
83 32
62 17
11 85
82 22
18 26
85 24
93 35
25 64
24 76
5 53
87 59
14 48
20 56
78 72
70 25
52 93
81 18
60 20
69 82
90 21
28 92
15 6
3 27
76 63
71 37
47 33
29 11
13 77
37 15
2 13
30 88
49 62
78 34
27 81
78 76
52 83
31 47
35 62
74 46
29 95
79 52
31 17
44 98
2 63
43 67
23 79
5 65
58 26
40 20
73 93
52 12
81 83
51 53
55 44
69 91
42 57
9 96
57 36
19 50
46 86
84 64
36 69
98 97
70 46
67 94
94 1
88 78
83 60
3 84
66 74
41 4
34 39
97 59
78 85
80 5
86 33
1 30
7 37
89 90
71 48
10 22
68 62
8 88
14 9
12 3
91 13
38 75
47 81
60 100
54 55
4 18
99 14
45 11
61 77
90 31
87 89
95 2
96 82
75 42
65 32
50 24
30 49
62 71
39 54
74 66
49 47
100 19
28 25
16 29
32 80
17 7
85 51
22 10
26 72
24 21
35 99
64 56
76 23
53 15
59 35
48 40
56 92
72 73
25 43
93 45
18 41
20 27
82 34
21 87
92 70
6 61
27 16
63 8
37 76
33 28
11 68
77 58
15 6
13 38
43 59
40 67
64 59
14 43
81 13
100 23
61 100
74 62
82 88
39 18
54 44
43 57
75 12
37 34
92 21
7 20
96 89
64 100
95 28
52 76
17 86
98 34
63 81
67 98
79 32
65 99
26 18
20 74
93 71
12 100
83 42
53 11
44 40
91 53
57 69
96 88
36 14
50 94
86 64
64 54
69 45
97 60
46 6
94 92
1 8
78 17
60 84
84 55
74 9
4 44
39 73
59 26
85 89
5 1
33 57
30 37
37 38
90 66
48 5
22 96
62 50
88 93
9 20
3 90
13 3
75 33
81 63
100 61
55 7
18 79
14 65
11 35
77 16
31 47
89 95
2 13
82 77
42 83
32 12
24 10
49 48
71 56
54 23
66 75
47 87
19 78
25 25
29 67
80 41
7 72
51 49
10 31
72 58
21 46
99 2
56 15
23 97
15 68
35 59
40 62
92 19
73 85
43 22
45 82
41 24
27 4
34 29
87 43
70 80
61 21
16 36
8 39
76 51
28 91
68 52
58 70
6 27
38 30
40 73
73 94
31 50
54 67
74 44
21 47
9 67
60 8
42 36
56 76
6 67
35 67
26 31
37 11
13 49
43 62
74 19
48 47
95 71
37 84
83 83
9 88
19 3
61 84
28 57
76 74
86 1
34 98
81 88
98 51
32 55
99 40
18 43
74 75
71 12
100 22
42 52
11 82
40 33
53 5
69 23
88 97
14 9
94 11
64 89
54 26
45 37
60 71
6 27
92 14
8 48
17 35
84 7
55 17
9 38
44 65
73 31
26 24
89 13
1 92
57 61
37 94
38 46
66 91
5 47
96 15
50 16
93 50
20 56
90 100
3 20
33 69
63 54
61 70
7 29
79 76
65 72
35 8
16 3
47 90
95 30
13 60
77 44
83 10
12 42
10 86
48 63
56 85
23 4
75 95
87 93
78 96
25 78
67 59
41 34
72 79
49 84
31 32
58 45
46 77
2 18
15 64
97 81
68 53
59 80
62 25
19 68
85 41
22 49
82 39
24 73
4 66
29 62
43 99
80 36
21 28
36 87
39 67
51 19
91 83
52 6
70 21
27 58
30 2
69 19
15 6
27 86
13 77
42 13
4 82
78 86
14 63
1 42
26 46
67 5
59 32
35 88
98 93
34 67
88 69
67 83
45 91
92 42
5 93
62 9
2 93
57 80
74 36
1 25
98 47
88 5
51 69
55 68
40 50
43 10
75 17
12 75
22 71
52 48
82 82
33 91
5 79
23 22
97 18
9 32
11 59
89 38
26 67
37 26
71 89
27 55
14 76
48 70
35 100
7 72
17 94
38 81
65 27
31 64
24 23
13 34
92 99
61 1
94 77
46 83
91 57
47 45
15 8
16 14
50 98
56 37
100 61
20 46
69 30
54 51
70 49
29 9
76 40
72 42
8 6
3 16
90 11
30 44
60 86
44 41
10 13
42 60
86 58
63 96
85 92
4 93
95 24
93 90
96 4
78 74
59 54
34 52
79 2
84 3
32 29
45 66
77 78
18 43
64 21
81 20
53 84
80 56
25 87
68 19
41 35
49 33
39 62
73 39
66 85
62 88
99 73
36 15
28 53
87 28
67 31
19 95
83 12
6 7
21 63
58 65
2 97
6 22
84 27
69 73
76 70
87 100
67 11
31 50
20 53
37 10
53 1
21 90
80 79
36 84
25 74
47 86
5 11
69 61
68 87
50 43
10 95
17 56
75 60
71 76
48 65
82 15
91 88
79 29
22 75
18 100
32 20
59 37
38 36
67 46
26 45
89 23
55 8
76 47
70 58
100 91
72 67
94 1
81 5
27 83
64 3
23 53
34 9
99 30
1 51
77 63
83 31
57 64
45 28
8 99
14 12
98 40
37 21
61 24
46 16
30 2
51 32
49 69
9 48
40 70
42 89
6 13
16 66
11 14
44 27
86 52
41 93
13 98
60 85
58 18
96 71
92 4
93 38
24 62
90 44
4 33
74 97
54 49
52 10
2 17
3 94
29 59
66 34
78 77
43 19
21 41
20 96
84 35
56 92
87 50
19 39
35 82
33 7
62 54
39 26
85 6
88 68
73 80
15 81
53 25
28 73
31 90
95 57
12 42
7 78
63 72
65 22
97 55
55 35
77 21
30 89
22 56
73 71
58 1
46 29
62 16
50 15
84 19
1 54
73 9
79 75
84 94
74 41
86 28
11 21
61 67
87 73
43 45
95 68
56 63
60 92
76 18
65 5
15 50
88 87
29 39
75 71
100 64
20 76
37 44
36 51
46 30
45 93
23 83
8 27
47 11
58 35
91 4
67 53
1 74
5 96
83 56
3 72
53 19
9 25
30 1
51 62
63 60
31 80
64 98
28 42
99 57
12 46
40 55
21 24
24 14
16 54
2 77
32 90
69 40
48 7
70 8
89 52
13 69
66 91
14 81
27 13
52 3
93 34
98 70
85 59
18 79
71 89
4 84
38 47
62 43
44 38
33 97
97 10
49 66
10 2
17 32
94 88
59 29
34 100
77 61
19 86
41 22
96 36
35 85
92 16
50 82
39 6
82 31
7 95
54 15
26 58
6 9
68 65
80 37
81 17
25 12
73 20
90 49
57 48
42 78
78 99
72 33
22 26
55 23
99 56
60 17
82 56
12 91
24 66
51 40
95 60
59 44
6 99
78 83
6 15
27 3
50 59
75 61
94 82
41 93
28 85
21 76
67 86
73 12
45 3
68 7
63 64
92 14
18 67
5 74
50 54
87 17
39 92
71 20
64 94
76 89
44 46
51 35
30 8
93 22
83 45
27 59
11 77
35 21
4 4
53 25
74 16
96 60
56 58
72 1
19 24
25 13
1 90
62 30
60 97
80 57
98 55
42 68
57 80
46 91
55 38
24 47
14 5
54 73
77 84
90 11
40 37
7 50
8 52
52 79
69 41
91 48
81 39
13 66
3 51
34 10
70 78
59 62
79 28
89 32
84 99
47 23
43 75
38 36
97 96
10 69
66 63
2 88
32 26
88 95
29 31
100 27
61 40
86 71
22 43
36 42
85 2
16 15
82 9
6 56
31 70
95 34
15 100
58 19
9 81
65 53
37 98
17 33
12 29
20 87
49 72
48 44
78 83
99 18
33 65
26 49
23 6
20 85
50 92
54 89
21 34
36 18
5 32
35 63
16 25
37 16
81 90
47 65
18 83
61 49
82 34
93 59
85 44
76 53
86 85
12 27
3 35
7 78
64 5
14 61
67 48
74 15
54 45
17 67
92 29
20 1
94 69
89 14
46 83
35 73
8 43
22 70
45 32
59 71
77 13
21 54
4 87
25 75
16 6
60 9
58 57
1 25
24 17
13 16
90 36
30 41
97 37
57 28
55 63
68 72
80 55
91 79
38 22
47 96
5 66
73 33
84 46
11 100
37 65
50 50
52 82
79 80
41 56
48 38
39 76
66 42
51 84
10 97
78 31
62 21
28 95
32 94
99 47
23 4
75 60
36 20
96 18
69 77
63 90
88 86
26 52
95 64
31 8
27 30
40 92
71 24
43 58
42 98
2 68
15 91
9 10
56 93
70 62
34 19
100 23
19 11
81 7
53 26
98 2
33 89
29 51
87 99
72 81
44 40
83 74
18 88
65 12
49 3
6 39
80 90
98 70
23 95
59 2
49 94
34 30
59 16
44 7
53 87
85 33
27 100
35 80
78 71
5 97
61 11
48 25
15 10
45 75
67 69
29 85
1 95
69 4
14 5
83 55
73 31
43 60
70 46
32 17
71 40
13 42
54 78
87 61
75 67
6 8
9 18
57 21
25 2
17 20
16 62
36 96
41 92
37 83
28 27
63 65
72 57
55 81
79 13
22 22
96 73
66 91
33 39
46 6
100 98
65 37
50 12
82 26
80 43
56 32
38 58
76 44
42 1
84 3
97 70
31 49
21 64
95 35
94 50
47 19
4 90
60 48
20 45
18 56
77 59
90 41
86 15
52 29
64 99
8 54
30 86
92 82
24 93
58 79
98 72
68 28
91 53
10 34
93 36
62 14
19 51
23 77
11 38
7 88
26 63
2 52
89 66
51 68
99 89
81 76
40 9
74 23
88 47
12 84
3 24
39 74
2 80
23 94
84 79
92 70
3 60
63 86
73 74
70 90
94 53
30 95
16 43
7 3
87 25
33 98
100 70
80 13
71 63
97 52
11 27
25 90
10 82
75 22
69 99
85 68
95 64
4 17
5 1
55 7
31 89
60 26
46 49
17 8
40 34
42 29
78 79
61 45
67 56
8 19
18 71
21 87
2 97
20 39
62 65
96 62
92 59
83 81
27 2
65 57
57 77
81 48
13 30
22 37
73 23
91 76
39 94
6 15
98 9
37 41
12 51
26 18
43 61
32 10
58 40
44 21
1 35
3 67
70 38
49 50
64 32
35 93
50 46
19 54
90 11
48 58
45 72
56 78
59 33
41 84
15 92
29 28
99 66
54 55
86 4
82 20
93 60
79 24
72 86
28 47
53 6
34 85
36 31
14 91
51 16
77 44
38 80
88 42
63 88
52 73
66 36
68 75
89 5
76 83
9 96
23 100
47 74
84 12
24 69
74 14
73 61
21 40
12 22
19 78
76 98
83 99
15 71
50 19
13 92
8 61
33 43
66 60
79 97
35 91
54 7
66 54
59 30
34 45
11 57
19 72
53 100
95 98
43 20
3 35
25 67
98 47
70 42
13 33
63 49
52 81
27 22
90 60
82 91
22 54
99 57
68 40
64 6
17 73
1 96
7 46
89 99
26 69
49 10
8 18
34 48
29 88
79 82
45 41
56 78
19 75
71 24
87 84
97 5
39 2
65 7
62 86
59 43
81 4
2 62
57 80
77 45
48 66
30 50
37 36
23 93
76 39
94 61
15 71
9 12
41 76
51 37
18 56
61 65
10 21
40 16
21 92
35 68
67 70
38 23
50 58
32 95
93 94
46 59
54 55
11 52
58 90
72 85
78 29
33 72
84 34
92 3
28 19
66 51
55 27
4 64
20 38
60 11
24 32
86 8
47 97
6 44
85 79
31 17
91 1
16 15
44 30
80 28
42 83
88 25
73 87
36 14
75 89
5 53
83 13
96 31
100 74
74 63
12 9
69 26
14 77
60 72
35 38
2 68
34 84
32 28
83 88
83 35
33 68
100 29
98 44
20 74
35 99
67 3
47 59
42 2
33 41
49 22
81 71
22 85
60 20
91 11
54 98
57 62
40 23
6 97
73 27
96 76
46 89
99 56
69 93
10 100
18 16
48 42
88 72
82 17
41 5
78 88
75 18
24 33
84 34
5 53
2 14
7 46
86 68
43 54
4 19
62 49
80 21
45 84
66 75
50 4
36 7
93 40
39 70
61 28
71 38
12 39
76 67
37 92
56 32
65 1
21 64
16 12
92 52
68 91
70 36
23 86
58 30
95 13
94 66
59 78
55 95
52 90
90 81
85 57
29 10
72 9
34 87
3 15
19 55
51 63
27 48
64 96
38 43
11 80
32 47
8 8
97 60
44 37
79 45
17 73
1 79
15 77
30 58
28 83
83 82
25 61
87 94
14 25
89 51
53 31
13 6
31 26
74 65
63 24
9 50
26 35
77 69
47 81
20 29
70 78
36 10
43 71
44 83
64 12
74 6
41 33
29 44
44 50
74 80
99 3
3 71
59 55
2 82
41 11
22 88
71 42
85 76
20 93
11 86
98 51
62 39
23 1
97 56
27 91
76 13
89 65
56 38
93 31
100 6
16 89
42 9
72 32
17 79
5 34
88 70
18 20
33 53
34 59
53 90
14 95
46 36
68 87
54 24
19 62
49 37
21 49
84 29
75 81
4 2
7 61
40 14
70 16
28 57
38 94
39 60
67 48
92 26
32 99
1 84
64 35
12 98
52 10
91 25
36 5
86 66
30 4
13 73
66 83
78 30
95 46
90 74
81 40
57 41
10 97
9 72
87 96
15 54
55 100
63 78
48 8
96 28
43 22
80 33
47 17
8 52
60 19
37 45
45 63
73 21
79 12
77 92
58 23
83 64
82 43
61 18
94 27
25 58
51 67
31 85
6 47
26 77
65 75
24 69
50 68
35 7
69 15
13 7
25 91
21 26
24 72
34 66
95 3
50 78
36 27
44 85
50 31
80 49
3 84
71 96
55 4
82 87
11 77
88 13
42 72
76 17
93 30
86 46
51 89
39 98
1 78
56 88
91 80
13 54
65 19
38 6
31 70
6 97
89 40
9 8
32 82
79 73
34 37
70 86
20 62
53 81
59 45
90 35
95 71
36 41
87 83
24 32
62 38
37 74
49 22
29 44
81 3
2 93
61 27
14 2
16 33
57 95
94 79
60 39
48 60
26 51
99 24
84 34
35 18
98 20
10 15
25 28
5 69
66 26
4 47
73 29
83 9
30 76
46 23
74 36
40 56
41 7
97 48
72 42
96 68
54 14
100 63
78 5
8 1
28 90
22 61
33 16
17 91
52 21
19 12
45 50
63 65
21 10
12 52
92 94
23 58
64 66
43 53
18 55
27 64
58 75
67 67
85 25
47 92
77 43
75 11
69 59
68 99
7 57
15 100
67 92
57 2
9 99
60 42
100 15
73 6
85 41
31 84
49 2
84 52
96 9
4 64
87 65
77 94
13 77
72 54
17 60
30 72
46 98
89 55
98 33
78 14
88 63
80 31
54 1
19 61
6 58
70 24
97 78
40 42
8 12
82 100
73 99
37 83
86 20
62 88
81 34
45 35
35 6
71 13
41 71
83 81
32 39
38 21
74 50
22 25
44 62
3 76
93 95
27 5
2 26
33 29
95 59
79 48
39 27
60 91
51 40
24 11
34 7
18 97
20 46
15 49
28 45
69 43
26 90
47 53
29 67
9 37
76 93
23 96
36 15
56 51
7 4
48 89
42 74
68 19
14 44
63 86
5 87
1 22
90 3
61 38
16 75
91 92
21 69
12 30
50 82
65 16
10 80
52 17
94 10
58 8
66 32
53 79
55 28
64 70
75 36
67 85
25 66
92 18
43 23
11 68
59 47
99 73
57 57
100 56
100 14
19 92
99 37
64 4
55 7
21 27
78 63
78 26
76 64
49 60
94 9
91 1
50 37
41 74
84 36
2 100
52 92
9 83
64 59
65 45
94 95
77 6
54 47
60 43
72 71
98 67
55 19
33 55
14 64
63 75
31 86
1 49
61 96
58 42
24 38
78 4
42 14
12 99
100 90
99 69
83 70
20 97
88 20
34 53
35 39
6 27
13 72
71 40
81 68
39 15
21 18
50 56
25 61
62 29
76 13
95 82
5 16
26 28
29 80
59 87
48 46
27 91
91 23
40 73
11 30
7 65
97 88
46 62
49 60
45 37
43 76
90 8
53 26
67 54
37 25
93 34
96 52
15 41
51 98
4 35
89 50
74 66
19 79
44 32
86 89
87 78
22 94
3 63
38 57
75 5
92 84
69 21
30 1
82 3
16 7
80 24
17 17
10 12
8 81
32 2
79 9
28 11
70 93
36 10
85 22
66 48
18 51
23 31
68 33
47 77
73 58
57 85
56 44
47 8
66 41
55 46
20 63
40 78
82 45
95 76
71 68
92 56
69 68
98 32
42 20
66 39
87 16
87 44
65 84
3 12
74 24
36 44
100 4
92 86
83 60
59 82
45 65
95 95
6 83
47 40
43 19
71 70
67 37
19 61
55 2
64 22
75 17
86 21
49 20
96 15
42 76
38 94
4 100
14 13
99 84
90 55
69 38
70 25
97 71
20 51
53 42
39 27
27 74
72 16
40 52
68 5
15 99
18 18
56 48
61 98
29 32
13 11
82 49
16 26
28 29
80 39
87 10
46 57
91 12
23 54
73 35
30 9
65 75
88 8
62 90
60 41
37 7
76 85
8 59
26 62
54 63
25 66
34 97
52 6
41 56
98 87
35 28
50 88
66 53
79 30
32 58
89 68
78 81
94 80
63 43
57 50
5 14
84 72
21 73
1 31
3 36
7 79
24 92
17 34
12 46
81 77
2 33
9 67
11 23
93 1
10 45
22 3
48 91
51 78
31 93
33 64
77 47
58 89
85 69
44 96
51 4
18 91
40 61
77 70
21 56
90 24
42 45
84 3
78 32
98 42
34 45
47 48
32 5
55 21
27 21
51 99
97 76
24 57
44 95
4 44
86 29
60 91
82 51
65 89
95 17
83 3
40 73
19 80
70 49
37 58
61 76
2 48
22 12
17 37
21 90
20 42
15 36
76 85
94 30
100 94
13 92
84 14
55 1
38 59
25 70
71 25
51 7
42 11
27 2
74 77
16 62
52 8
5 53
99 88
18 60
48 6
98 35
32 56
11 32
49 82
26 26
29 45
39 34
10 100
57 97
12 65
54 79
35 31
9 39
75 33
8 69
90 55
41 54
7 81
85 50
59 21
62 5
63 84
66 68
97 64
6 19
56 15
87 24
28 98
88 66
53 67
30 72
58 52
68 46
81 18
80 99
43 83
50 4
14 63
72 74
73 47
31 87
36 41
79 75
92 71
34 10
46 20
77 23
33 22
67 27
23 38
1 61
45 93
3 43
91 86
78 96
93 78
64 28
47 9
89 13
69 16
96 40
81 53
94 95
92 63
20 91
62 96
24 5
81 27
45 5
35 90
62 75
12 70
64 78
89 85
71 64
57 85
95 24
44 11
29 46
91 6
51 4
89 47
17 82
3 38
73 43
80 86
49 33
58 90
76 1
48 51
12 99
37 72
90 39
42 45
36 5
85 21
30 54
94 35
92 18
14 59
1 48
59 40
70 64
25 98
7 9
11 27
2 66
77 23
62 34
8 67
53 36
88 16
60 30
6 15
35 74
56 95
32 52
82 69
26 97
45 58
34 77
100 55
97 70
65 57
79 13
31 83
39 25
33 71
69 29
55 2
54 3
81 42
50 17
21 56
5 76
84 91
68 53
64 8
19 88
15 81
24 89
98 49
66 75
67 44
72 26
52 65
46 37
18 63
99 61
83 12
4 19
63 60
74 94
47 73
87 87
41 14
75 92
71 31
10 28
20 20
23 7
22 62
27 93
38 10
61 22
93 41
43 79
86 96
96 80
78 68
28 32
9 78
13 84
16 50
40 100
91 77
90 98
45 75
9 32
90 100
31 16
35 70
58 18
29 26
6 57
23 99
81 40
16 19
85 33
24 88
11 27
46 54
6 55
4 24
47 87
82 91
38 15
43 41
86 86
33 10
90 17
1 52
51 7
99 5
72 75
39 78
45 42
5 46
21 64
54 97
35 82
18 94
59 53
48 48
40 93
64 83
98 72
9 80
27 34
66 40
23 31
34 76
67 79
36 43
16 14
30 68
15 96
74 67
95 18
52 84
69 70
97 4
58 29
77 92
55 38
70 1
57 95
13 19
83 28
25 63
71 2
29 9
2 57
3 98
42 30
17 37
56 3
76 47
91 73
53 49
8 66
88 51
81 81
89 99
49 8
75 39
44 69
26 59
65 20
37 32
63 13
61 22
12 23
19 77
60 6
94 58
73 45
87 11
14 85
92 56
31 61
28 35
20 16
7 62
62 44
93 12
10 90
22 89
41 60
79 26
96 100
80 71
68 36
32 21
78 74
84 50
50 65
100 25
18 92
2 33
64 76
78 2
24 57
51 65
21 20
1 79
10 44
59 78
80 9
14 50
77 5
26 48
86 11
63 2
14 81
99 48
9 98
100 14
26 78
33 97
88 41
99 70
33 53
88 57
27 80
54 26
55 44
24 100
87 27
91 33
15 90
41 3
86 56
10 40
17 16
52 88
7 14
5 98
75 68
78 7
42 77
46 51
64 86
97 91
82 25
94 95
53 15
48 61
93 66
83 72
72 93
80 8
34 79
40 24
31 9
76 81
79 36
43 4
14 49
68 17
96 45
67 32
18 74
84 11
70 41
4 31
29 69
92 92
38 65
1 89
95 35
19 54
28 78
63 97
2 87
9 21
57 84
98 2
30 60
37 64
3 48
47 23
73 5
49 43
66 96
51 94
81 46
99 55
8 42
39 38
69 29
59 85
20 6
32 58
13 20
22 71
23 12
77 75
6 82
58 37
45 59
11 67
85 34
56 1
61 83
35 63
16 28
62 30
44 73
12 18
90 50
89 10
60 70
26 47
100 22
71 19
36 76
21 62
74 99
50 39
65 52
25 13
27 29
2 80
41 58
95 75
78 56
29 39
63 2
31 36
5 73
75 46
84 2
33 69
28 84
58 73
14 74
17 28
35 21
53 44
57 97
80 71
26 3
44 9
100 18
27 92
33 48
90 37
3 28
56 22
40 54
16 43
88 53
14 73
98 11
68 61
7 26
77 8
51 89
86 70
91 56
25 4
95 24
15 31
61 14
66 32
72 77
93 96
8 34
79 80
24 23
9 55
81 95
36 65
4 86
49 85
17 69
45 57
32 16
74 60
11 38
41 51
31 79
69 42
92 39
65 76
89 59
35 64
54 50
78 91
97 7
87 20
21 10
84 35
2 13
60 81
64 2
48 67
23 78
5 36
43 58
96 68
94 40
46 62
55 33
42 93
38 63
29 45
85 12
6 49
58 1
20 52
71 30
12 90
75 98
82 25
37 99
59 46
67 21
34 15
1 41
83 6
63 74
28 17
30 94
73 87
18 47
50 84
10 75
70 19
47 66
22 72
19 83
76 88
62 29
99 100
39 82
52 5
13 27
99 86
75 81
73 18
2 30
79 57
64 85
64 66
69 30
60 60
66 98
93 49
5 85
79 58
86 85
29 100
15 36
3 80
23 46
63 1
97 21
58 16
56 25
44 80
97 97
71 31
3 44
9 55
18 9
92 81
48 13
37 48
28 5
22 43
54 84
43 53
53 83
73 29
11 22
61 12
26 87
8 65
89 25
70 61
56 99
4 57
24 40
31 96
14 20
32 64
77 14
96 33
34 60
80 71
23 17
55 54
95 35
65 94
86 42
85 59
69 28
57 68
16 75
60 37
38 38
51 63
79 69
42 1
39 45
76 86
59 8
64 49
50 10
91 72
7 32
20 62
10 2
35 39
13 11
81 19
2 7
67 85
78 23
36 90
58 34
68 58
40 46
62 30
33 16
93 56
63 92
45 4
12 77
49 36
1 82
52 78
30 95
90 21
98 50
25 73
99 41
46 70
21 24
15 67
41 27
6 88
74 66
17 76
94 98
87 26
47 52
84 6
75 91
19 18
66 89
72 74
83 3
88 93
29 47
100 15
82 51
5 79
27 100
2 39
25 96
42 82
69 85
51 67
90 76
63 89
67 20
45 18
90 26
30 13
17 96
20 53
10 11
46 66
52 23
82 37
23 66
94 99
72 17
95 32
80 20
97 35
31 47
44 95
55 74
9 76
81 5
13 39
48 46
5 37
43 48
84 77
53 78
83 75
29 30
22 58
12 60
87 31
65 25
25 29
61 14
99 61
57 97
40 79
96 43
20 7
64 56
14 83
33 21
60 84
71 90
17 16
54 94
35 71
94 64
42 42
59 82
28 66
68 85
75 33
37 2
38 23
63 81
69 63
1 86
45 53
86 44
8 18
49 40
10 88
72 57
32 52
62 80
2 38
39 36
11 98
19 51
7 41
85 19
23 49
90 69
34 70
58 99
46 22
30 12
16 26
56 59
92 100
4 10
77 6
36 55
82 15
78 34
95 17
21 11
50 67
73 9
41 68
70 89
24 73
67 96
27 72
88 32
66 27
76 24
98 54
26 92
52 8
6 3
91 45
18 28
89 50
74 87
3 4
93 91
47 13
15 1
51 65
79 62
100 93
16 53
74 50
64 5
61 66
4 69
33 46
27 16
62 15
91 62
20 48
93 73
84 63
29 61
8 40
73 23
8 61
82 74
89 1
84 83
87 82
86 64
38 10
13 3
20 52
68 77
41 5
69 56
72 85
53 30
15 78
46 38
77 94
60 2
88 72
14 35
59 12
1 56
39 45
92 98
11 83
99 4
20 31
35 59
47 7
95 26
74 47
76 76
5 9
39 44
46 45
37 12
48 75
77 66
78 48
75 34
30 11
58 24
60 71
31 5
25 43
29 99
14 64
61 100
97 74
79 58
43 50
7 38
56 95
83 85
21 67
84 16
90 4
16 65
94 32
71 40
64 82
42 27
82 8
66 61
85 55
33 80
2 21
23 77
81 19
63 90
86 13
53 70
44 41
18 79
40 6
88 86
57 57
52 84
80 29
38 30
36 39
98 72
51 60
41 49
19 17
49 14
69 78
70 87
99 37
22 35
12 97
26 51
59 53
100 20
10 88
6 93
55 46
15 25
34 68
17 91
11 33
67 96
9 28
68 63
89 62
73 56
96 22
72 69
32 81
27 98
24 52
54 3
92 36
8 92
3 42
45 1
28 83
50 23
87 18
4 94
91 10
13 89
1 73
65 15
62 54
93 2
24 83
93 91
74 44
45 65
71 96
22 13
31 19
93 3
4 7
29 89
55 61
25 92
19 18
33 42
100 46
49 68
4 30
68 98
26 7
34 99
99 39
24 97
39 14
9 81
31 48
59 14
7 6
26 57
47 92
76 64
9 2
44 97
45 66
12 90
75 5
66 100
48 8
34 69
11 83
24 31
71 70
5 34
43 41
99 21
64 61
100 76
74 10
58 68
50 53
38 13
95 85
85 44
67 47
16 39
4 96
65 15
32 27
40 1
82 4
27 32
8 11
61 7
55 28
80 72
21 25
77 84
19 42
90 17
13 37
70 50
41 82
79 89
6 63
86 60
57 38
84 67
29 22
30 79
39 62
72 78
60 54
49 18
17 81
14 95
78 23
87 56
37 24
35 26
97 49
51 71
53 3
20 75
88 51
93 99
46 88
25 65
68 87
91 12
33 30
96 36
28 19
63 73
62 91
56 35
22 20
69 40
81 29
98 46
52 77
3 86
36 93
92 55
42 33
1 43
83 52
23 58
18 59
94 9
10 80
89 98
73 94
15 74
54 45
2 16
13 60
4 33
6 60
54 62
60 95
25 43
35 76
17 51
39 8
1 89
38 28
96 41
24 54
51 54
10 47
40 4
63 89
71 65
87 78
87 26
78 13
99 22
2 93
48 99
14 59
6 77
57 74
92 2
64 54
2 80
97 62
66 27
90 47
5 52
100 58
8 33
69 86
83 69
31 35
70 67
34 93
41 22
21 78
61 15
76 84
10 23
68 55
53 92
13 19
85 53
44 87
47 41
39 29
96 49
15 89
27 95
1 76
4 37
32 6
11 73
7 44
28 5
72 66
25 50
84 14
42 7
17 11
37 63
50 10
82 40
89 65
63 45
60 68
38 24
67 9
22 97
79 82
62 75
78 26
54 61
18 88
81 17
95 72
23 90
56 81
24 96
26 8
49 51
71 91
3 56
75 85
51 12
99 70
88 1
65 4
87 39
12 25
30 94
36 71
19 60
73 48
91 57
35 18
20 46
40 43
29 16
46 31
77 30
86 3
93 98
55 83
33 13
43 38
52 34
58 36
59 28
9 64
80 100
98 32
94 42
74 21
45 20
16 79
11 66
67 46
53 21
42 30
58 73
81 22
95 13
99 52
59 12
77 10
74 76
2 65
54 29
80 98
62 40
27 59
47 20
52 71
58 17
33 3
86 47
69 36
35 68
67 56
93 93
22 90
78 53
15 32
84 15
23 64
55 18
92 86
19 55
53 87
87 51
41 60
29 46
49 91
89 78
95 81
76 75
37 61
6 30
73 5
44 27
5 45
66 83
50 50
14 33
7 31
11 42
63 38
10 6
40 73
65 69
45 63
68 84
24 66
9 80
97 92
82 9
75 74
26 95
61 85
88 24
17 96
72 25
90 43
81 48
96 37
8 89
51 49
91 26
56 62
85 100
12 22
70 99
1 2
4 67
39 58
25 19
94 72
71 88
60 39
48 28
57 35
18 4
46 8
43 70
16 97
31 16
30 57
3 34
98 1
83 11
13 23
38 21
34 77
36 14
28 82
64 79
100 54
32 44
42 13
21 94
20 41
79 7
58 57
97 47
37 81
100 70
33 54
12 58
30 47
24 64
64 38
54 60
75 10
70 83
90 17
77 69
68 64
40 74
68 91
94 14
33 66
81 1
53 95
53 69
38 69
7 56
52 86
12 69
10 53
76 18
65 15
29 57
98 91
40 76
59 77
20 47
71 34
17 54
3 22
47 7
36 74
68 93
56 28
93 25
90 6
53 68
32 24
15 3
64 52
18 67
86 41
55 1
87 5
51 66
60 13
46 36
91 58
78 14
81 72
75 95
61 83
30 43
5 90
27 48
45 82
83 16
50 75
33 29
31 78
42 96
38 59
6 33
73 30
69 100
63 42
84 79
66 45
80 27
92 20
9 10
74 94
95 19
85 81
24 40
96 63
25 50
43 46
48 62
37 71
89 55
49 31
26 11
62 88
100 8
22 49
99 23
2 21
67 38
58 92
19 87
72 98
88 2
39 99
28 12
35 70
4 85
8 32
70 61
97 73
16 60
57 44
34 84
1 64
11 97
23 17
21 80
77 56
14 9
82 4
79 35
54 51
44 89
13 39
94 37
41 65
7 26
22 89
63 56
7 51
86 95
69 73
53 62
18 14
15 75
57 76
91 10
76 20
77 31
47 16
34 46
54 90
22 67
7 63
74 71
93 98
28 70
25 91
6 81
68 92
24 1
3 26
52 68
67 37
41 83
1 85
5 47
66 50
13 13
36 82
58 53
14 86
72 52
95 43
83 2
43 9
90 57
48 48
82 28
16 99
75 61
29 94
78 59
96 23
59 79
33 39
30 3
100 69
42 30
79 40
45 25
27 45
20 56
10 42
94 18
19 89
81 49
40 100
63 35
50 8
46 24
62 51
71 36
55 4
31 29
11 17
88 65
8 64
49 60
23 97
21 27
38 87
92 15
87 55
98 93
2 22
99 72
12 7
70 32
85 21
32 38
61 12
73 88
60 19
44 58
84 84
64 6
97 44
17 33
80 5
56 96
9 77
4 80
35 74
51 66
89 41
39 34
37 78
65 54
26 11
97 48
74 41
7 11
40 73
29 11
99 93
48 58
5 95
95 47
73 25
62 87
14 3
75 34
76 45
10 36
20 50
31 65
16 39
46 5
90 72
67 54
63 70
71 63
98 53
70 66
91 76
81 98
92 20
1 14
26 55
68 31
37 35
83 100
85 18
47 37
50 86
13 26
82 11
53 90
86 15
52 84
43 69
2 80
9 97
57 9
48 23
28 95
99 91
61 22
94 4
59 56
23 85
79 46
39 62
3 96
69 6
30 73
40 42
25 17
45 67
56 81
42 52
18 29
89 48
49 79
100 82
35 64
8 1
24 94
51 92
36 77
4 78
29 49
17 24
65 27
64 8
60 99
97 58
27 30
87 7
15 41
55 88
93 89
22 60
72 12
7 19
32 2
21 57
38 61
12 16
88 68
19 93
58 59
84 40
6 51
44 28
33 71
5 74
96 33
77 32
80 21
74 13
66 43
41 10
34 38
78 44
54 83
11 75
80 18
71 6
48 84
18 39
80 90
4 51
66 99
91 57
20 77
32 23
8 7
73 16
30 72
58 58
94 89
81 95
58 45
47 29
25 94
87 1
3 39
34 100
45 16
36 20
50 2
65 56
39 68
5 85
72 70
54 12
70 27
63 9
53 92
66 76
76 64
98 15
20 5
14 46
55 75
31 59
35 73
100 43
18 51
37 86
86 32
26 18
11 47
90 38
15 63
84 52
69 97
80 74
97 53
9 30
23 82
95 66
91 57
22 3
4 44
56 67
85 99
46 6
62 95
96 14
6 71
73 78
42 17
17 24
67 83
81 49
52 4
29 13
48 10
79 33
82 90
64 50
1 81
94 60
92 26
77 62
78 35
49 36
24 19
27 28
8 48
99 89
58 31
30 45
7 40
41 65
88 58
89 23
60 11
12 34
19 72
2 41
57 93
61 55
16 91
68 25
93 88
59 96
40 77
51 54
28 8
71 42
74 7
33 80
32 87
21 22
13 79
43 37
10 61
38 69
44 98
83 84
75 21
26 77
76 38
66 59
83 64
16 66
26 17
70 47
90 86
82 64
63 74
65 77
21 93
76 26
54 67
29 62
94 68
1 15
39 59
100 36
16 53
20 72
2 94
56 96
68 11
85 47
70 5
12 79
27 41
9 39
92 31
76 56
64 67
15 26
5 91
46 27
75 35
59 61
73 54
43 25
51 81
86 4
32 48
18 95
47 69
38 24
63 45
52 30
97 44
74 98
53 49
30 19
82 57
66 8
57 29
3 1
44 37
67 10
99 64
6 55
95 23
14 97
71 7
78 78
17 77
24 33
83 14
49 38
4 86
13 89
10 21
33 76
90 42
50 93
81 6
60 84
26 82
62 3
35 17
36 34
19 2
28 88
48 92
89 20
31 73
45 32
40 70
65 43
58 66
23 28
11 63
34 74
72 51
41 80
93 85
55 90
91 16
25 13
88 22
96 87
77 65
54 58
8 83
42 52
7 71
80 60
87 40
22 50
79 9
37 12
61 99
69 75
98 46
84 100
21 18
81 92
87 20
58 60
47 81
28 57
28 38
32 45
12 80
22 44
35 41
30 13
84 56
64 18
62 21
68 59
15 87
59 55
36 31
53 10
72 80
94 82
96 74
11 93
47 46
5 54
79 14
41 15
39 95
31 58
56 42
67 28
26 60
91 71
27 33
35 77
61 79
54 11
25 18
81 45
4 6
48 38
95 22
69 99
24 90
45 4
30 43
44 78
98 53
49 29
19 83
57 63
8 75
29 98
1 39
37 61
10 17
64 19
55 68
23 7
97 24
7 41
78 66
77 20
33 76
14 30
38 9
86 52
89 72
21 67
76 57
42 84
93 25
6 92
84 23
82 70
3 12
17 69
34 49
2 73
88 3
92 34
20 40
73 2
32 26
70 5
43 27
66 35
28 36
63 44
74 97
51 64
80 32
85 100
90 16
16 8
13 88
22 47
87 91
65 48
58 50
83 86
52 85
71 51
60 89
40 1
50 94
9 62
12 37
99 81
75 96
46 65
100 13
18 56
78 56
43 32
86 32
60 27
68 52
10 66
77 28
34 54
12 61
40 50
19 47
7 1
21 13
59 94
87 55
55 36
31 19
10 88
80 79
82 26
74 53
93 42
46 72
54 67
14 82
15 33
95 56
58 48
42 68
28 21
60 62
71 77
33 43
77 63
79 25
11 49
18 18
45 97
6 57
38 29
22 24
99 44
90 47
4 30
43 93
78 20
53 64
29 51
83 86
63 85
75 89
98 45
39 8
61 6
17 95
19 46
68 80
7 22
24 90
41 75
66 84
20 74
76 39
30 11
9 23
52 71
72 14
67 61
57 4
84 92
25 70
92 38
23 17
70 1
12 100
69 15
49 10
73 81
3 16
34 2
40 31
2 12
26 54
5 50
27 37
35 40
36 5
44 3
97 59
64 35
32 87
100 98
16 78
8 41
88 66
47 76
91 91
48 52
50 32
86 9
85 58
51 83
89 96
1 60
94 99
62 27
37 73
81 65
96 7
65 28
13 69
56 34
34 31
80 71
67 92
69 18
69 56
75 48
28 63
21 25
52 95
50 85
76 69
13 61
94 81
55 1
36 45
19 47
88 42
79 57
26 40
53 60
42 64
72 46
67 77
82 91
33 97
56 37
48 95
68 48
21 69
62 44
77 43
43 49
63 25
25 17
49 79
18 74
97 76
57 72
29 28
24 99
44 12
47 24
30 51
93 10
20 90
64 55
51 50
86 39
85 26
89 70
45 22
8 83
6 33
95 63
46 65
80 29
22 58
90 23
75 5
84 75
74 66
39 68
11 13
23 84
71 86
14 8
61 59
4 21
92 67
70 54
38 87
17 15
1 78
100 38
15 92
10 6
81 36
16 30
2 96
31 85
12 18
54 93
50 34
37 20
40 19
5 3
3 82
59 27
35 71
87 100
98 73
78 98
41 53
66 2
76 88
91 11
52 80
32 14
9 94
58 52
83 31
96 9
60 35
99 16
27 41
73 62
65 4
7 89
28 7
69 56
34 32
36 2
61 61
81 82
1 4
45 74
47 96
42 58
57 63
40 69
60 75
64 60
46 34
77 23
91 90
97 78
37 17
95 50
48 87
69 44
44 67
43 40
49 19
25 86
17 46
79 35
74 39
76 13
72 54
28 29
99 59
12 32
24 20
51 2
10 83
90 10
55 76
50 33
39 30
26 42
70 7
22 56
83 68
33 89
63 26
65 9
29 85
58 91
23 72
5 15
75 62
66 37
68 55
13 25
84 84
86 80
8 21
59 48
21 43
67 81
54 95
87 5
15 38
78 57
38 93
92 53
6 28
36 14
30 92
96 71
85 98
18 100
93 79
34 6
20 52
19 18
3 64
82 31
27 88
71 77
100 47
73 70
98 99
53 51
2 16
88 73
11 45
80 94
14 3
94 11
52 41
31 49
9 66
35 22
16 65
41 97
62 1
4 27
89 12
7 36
56 8
32 24
89 26
83 17
66 35
18 17
61 2
82 87
4 59
74 27
96 47
58 79
63 40
69 84
75 54
60 14
34 4
23 16
90 24
78 20
17 53
50 71
87 37
44 8
67 68
40 10
19 83
86 60
46 95
35 49
39 62
13 82
54 36
29 15
59 46
32 30
20 44
2 23
83 80
10 92
76 75
33 98
30 56
42 88
7 74
56 12
68 57
89 1
26 77
9 41
85 29
91 89
72 38
15 97
62 33
37 90
55 73
25 70
84 85
80 39
21 42
48 64
43 19
81 5
95 100
5 86
38 45
57 63
93 50
53 7
28 35
14 51
92 26
71 34
98 9
100 11
79 31
6 22
52 93
18 43
64 55
31 6
88 61
77 25
47 94
70 78
99 17
51 18
16 99
73 28
45 48
94 66
3 76
11 69
41 58
49 3
66 91
22 65
65 13
97 81
1 72
27 67
12 32
36 96
8 21
24 52
63 33
78 57
21 33
82 40
13 66
79 30
92 62
62 12
28 37
33 77
73 32
17 4
69 72
28 82
53 71
2 75
87 48
59 10
27 76
47 98
79 13
40 40
84 50
54 8
14 71
4 88
16 52
24 69
20 28
53 36
71 77
37 2
8 14
68 82
10 70
83 35
60 61
95 38
49 12
62 32
82 24
36 80
15 95
46 55
30 45
44 16
23 56
80 6
92 29
75 39
98 44
56 96
88 23
74 18
12 78
57 31
1 87
77 11
41 86
29 1
89 5
38 62
97 90
33 84
90 85
73 99
70 47
85 94
39 93
42 65
64 25
19 64
5 58
100 73
86 74
45 46
63 34
50 59
7 89
35 97
51 3
26 21
34 79
9 33
11 27
31 100
22 15
93 67
43 49
55 81
6 72
61 91
25 54
94 4
78 92
17 37
18 30
99 83
28 19
48 20
66 17
76 53
69 22
58 9
3 41
91 66
65 60
13 51
81 57
72 42
67 63
32 68
96 7
21 26
52 43
26 40
75 26
33 37
9 48
90 47
90 24
82 29
53 76
86 55
33 18
49 74
3 68
17 31
66 57
55 20
22 48
47 69
90 1
13 56
26 46
93 95
63 14
27 71
62 49
82 62
28 16
79 15
37 69
75 8
48 85
10 99
76 28
98 18
13 38
40 40
50 65
8 16
71 74
88 42
52 43
69 44
28 61
36 49
77 11
2 72
14 84
82 60
70 64
35 48
61 50
38 15
12 94
32 6
24 55
80 3
95 91
55 52
45 54
16 57
56 47
6 71
29 87
39 41
44 100
96 21
23 81
18 22
78 78
31 96
87 53
11 66
86 98
1 31
5 56
62 4
90 76
84 1
85 79
99 95
47 9
94 39
93 73
65 13
25 36
64 7
58 30
73 83
74 17
46 59
34 24
59 32
89 80
97 34
3 33
21 69
79 20
33 62
27 27
100 92
15 97
67 2
49 14
81 86
72 45
91 89
54 29
4 26
92 46
37 88
30 25
83 77
19 75
20 93
17 35
53 37
22 23
9 58
41 12
66 90
60 68
51 82
57 5
42 70
63 63
68 51
7 10
26 67
43 19
6 31
18 2
3 1
26 96
30 86
57 21
8 51
85 72
99 55
28 38
18 52
38 69
40 71
65 27
16 18
74 29
42 90
43 30
44 43
61 82
49 76
11 84
72 19
84 62
60 58
64 63
48 67
50 96
15 74
94 92
6 87
55 89
3 8
91 95
52 99
54 61
57 94
47 17
71 47
87 10
41 57
100 79
21 68
81 37
22 11
78 12
96 53
53 42
66 65
98 88
31 93
56 9
4 54
76 75
1 25
79 6
95 85
9 24
39 77
73 4
13 83
36 7
7 98
30 73
83 3
17 35
59 20
24 80
32 59
80 56
34 15
33 50
69 64
20 36
62 97
27 26
92 70
97 78
2 49
14 22
86 14
45 5
89 40
29 91
26 16
46 34
88 81
25 2
77 45
75 44
93 13
35 1
37 21
23 39
58 100
12 46
90 33
68 41
82 31
5 23
70 28
63 60
51 48
10 66
67 32
19 86
5 99
75 89
3 47
64 59
92 83
91 45
99 2
69 62
20 48
62 37
80 91
5 71
68 51
99 15
73 26
88 63
35 51
20 11
47 90
85 65
43 32
86 41
11 74
100 91
95 41
24 21
64 44
5 91
75 73
56 77
46 49
16 55
51 53
72 38
55 21
38 93
52 80
69 91
71 42
27 54
18 57
29 11
90 12
30 61
43 17
82 10
76 87
84 67
19 44
62 1
58 100
63 94
67 32
96 34
74 28
92 31
87 6
89 25
8 9
95 81
99 90
61 63
94 2
17 77
47 58
10 92
57 98
79 71
68 64
37 52
11 41
12 72
53 20
42 99
65 96
88 29
93 35
9 3
54 7
75 73
25 62
6 22
85 5
24 76
77 47
4 59
83 49
7 24
98 13
73 36
3 74
35 84
20 26
80 14
59 30
56 68
15 75
50 95
64 65
36 86
97 18
26 39
70 45
78 16
49 70
22 55
14 27
5 15
40 83
91 23
16 97
34 85
81 56
2 50
45 79
44 60
13 33
1 88
21 43
39 69
100 78
46 8
33 46
41 40
31 4
23 51
28 82
60 89
48 66
66 19
32 37
86 48
53 98
38 18
21 57
93 5
80 37
91 91
42 90
54 6
57 30
11 70
12 65
61 19
17 54
10 95
87 45
67 81
44 72
1 23
100 31
94 26
32 47
34 22
28 96
31 33
6 7
25 38
9 32
81 75
90 61
63 80
2 36
77 44
58 68
92 52
98 84
71 85
64 29
52 35
41 40
72 89
20 25
99 69
96 53
29 74
35 62
3 56
7 76
73 79
62 27
22 24
5 13
76 64
47 49
59 11
49 66
24 58
13 97
36 51
74 39
84 46
26 87
14 55
30 42
68 14
75 9
95 21
65 1
86 83
18 86
39 82
45 28
16 94
70 8
55 41
27 48
15 34
83 93
23 67
97 3
85 59
56 73
50 17
79 50
60 16
33 77
88 4
43 60
69 63
78 78
8 10
46 12
40 99
4 88
51 100
82 43
89 20
66 92
19 15
37 71
48 2
46 9
26 38
57 57
83 65
96 48
80 81
51 27
6 25
13 6
44 66
93 57
66 12
37 15
98 97
18 13
57 4
5 35
37 73
91 65
90 22
6 79
30 6
70 18
65 12
19 80
54 17
95 37
45 75
81 99
72 29
23 93
31 1
26 39
47 76
22 49
96 27
33 81
7 63
38 86
32 11
75 62
61 67
80 14
36 36
44 71
68 84
52 26
84 8
85 52
29 83
35 25
40 77
89 56
25 53
69 100
53 90
74 38
62 9
56 28
76 70
79 64
27 44
24 16
13 57
64 96
49 85
11 68
66 33
58 3
97 19
51 91
39 21
46 74
87 59
55 78
42 94
14 88
9 82
21 58
1 50
83 31
86 92
82 55
28 48
94 45
8 40
41 66
48 42
34 54
93 60
67 72
3 15
59 89
73 23
17 10
50 20
16 51
77 61
4 32
60 98
63 24
78 43
10 46
12 34
99 87
88 5
100 95
43 2
20 47
92 30
15 69
71 41
2 7
25 20
98 53
62 15
75 71
74 31
52 37
97 45
13 50
4 21
35 22
73 48
65 71
22 10
79 77
6 15
18 9
12 26
80 74
17 18
37 66
75 36
99 60
29 61
93 64
1 38
39 33
76 63
49 27
27 51
81 69
63 17
86 4
11 49
62 34
67 39
14 57
36 28
71 20
84 86
26 37
8 78
52 72
83 19
25 14
77 99
56 89
53 53
100 80
90 70
38 83
9 7
28 16
70 13
64 76
44 31
16 25
57 41
96 2
85 11
68 30
33 94
3 3
19 81
91 12
21 46
74 91
59 8
78 100
94 84
88 44
82 65
58 95
50 43
31 96
92 98
55 62
48 67
45 79
40 92
66 5
42 40
54 29
60 23
72 82
15 54
89 97
23 6
10 52
20 73
51 93
61 35
32 85
98 90
24 55
43 88
46 32
34 87
87 75
5 58
95 24
2 56
47 47
30 42
69 59
41 1
7 68
70 41
53 35
64 57
96 52
7 18
83 92
59 6
57 78
12 74
29 34
80 34
64 44
12 95
35 99
28 61
47 24
88 14
31 72
99 31
33 9
60 17
6 89
60 47
87 52
49 67
45 28
50 44
21 46
22 61
48 53
71 13
10 77
77 82
15 78
9 51
26 27
74 34
18 86
66 76
36 65
60 15
61 100
64 52
38 50
33 14
63 96
27 58
51 81
69 36
17 23
4 2
49 1
34 31
39 74
57 26
28 64
20 19
86 45
37 41
78 98
72 68
19 42
14 8
99 24
89 83
53 49
80 79
70 93
83 95
7 66
16 32
13 39
76 25
31 16
25 12
41 71
2 29
11 75
30 17
94 69
3 33
81 88
12 22
46 87
91 43
8 20
100 60
84 85
44 94
65 72
95 4
43 18
96 56
98 89
62 80
67 6
79 47
92 35
5 9
40 37
29 38
23 5
82 62
54 73
97 30
6 84
52 59
73 54
93 48
35 92
85 3
90 7
55 91
88 70
32 63
87 97
75 21
58 57
24 67
56 99
47 10
42 40
59 55
1 11
68 90
39 60
37 51
74 66
79 26
59 37
58 15
51 17
45 56
49 36
8 33
93 51
24 92
67 25
11 17
28 7
44 88
46 63
61 33
53 43
13 87
77 1
82 50
78 71
51 25
27 81
34 3
86 64
76 36
65 75
15 66
100 85
52 72
50 46
14 58
96 73
58 82
81 26
36 12
23 6
2 38
1 20
31 84
74 91
26 10
64 89
19 98
45 60
41 70
98 16
68 96
42 37
8 31
24 47
83 22
49 4
79 57
93 24
95 99
66 94
32 48
39 17
25 97
16 23
12 35
71 49
29 93
75 32
17 95
69 67
33 76
88 79
22 42
87 8
43 29
20 92
60 51
85 14
94 40
72 56
4 15
18 90
56 74
89 30
80 19
6 55
47 27
35 18
9 59
37 80
38 9
5 100
62 54
73 13
30 21
84 41
59 62
54 5
48 83
92 53
3 61
7 39
91 69
70 77
63 45
97 2
21 44
57 86
67 11
99 28
10 68
40 78
55 52
11 34
90 65
30 95
81 72
49 74
86 28
19 79
51 9
68 62
13 59
92 9
42 5
11 91
31 69
39 61
66 2
98 12
100 54
76 10
95 50
25 90
7 66
88 1
63 30
33 76
43 72
87 24
1 41
50 20
71 71
25 39
81 45
3 93
64 97
36 73
75 16
66 62
85 40
72 19
46 49
58 94
73 68
82 91
26 6
12 79
6 21
38 32
20 37
84 2
91 85
10 7
89 60
98 56
60 69
70 27
16 70
96 50
37 4
31 63
47 10
22 46
4 96
57 13
24 58
99 78
94 87
48 52
17 75
97 31
23 88
35 28
49 8
93 65
32 18
95 38
67 80
76 42
79 9
42 100
8 51
29 26
92 84
51 17
14 53
40 14
56 57
15 44
90 98
74 64
30 48
19 22
55 92
27 83
18 36
59 34
80 99
9 61
100 90
54 67
13 35
21 25
41 59
62 54
5 5
83 15
53 82
61 29
39 89
69 47
77 43
45 55
2 95
44 77
86 33
11 11
28 86
68 23
78 3
52 12
34 81
65 74
32 17
1 96
91 47
21 13
51 39
24 8
98 76
75 14
90 76
97 83
70 100
66 20
1 2
30 5
76 78
72 19
24 100
41 16
20 67
71 66
39 11
45 26
93 64
97 65
73 90
16 77
62 23
40 86
19 71
49 44
94 22
68 39
91 63
6 41
79 76
21 61
32 94
37 80
2 3
85 37
7 68
60 81
56 47
69 96
27 98
70 7
50 58
4 30
63 57
10 46
46 50
96 54
13 21
58 36
78 17
87 97
52 4
75 48
31 12
88 18
28 95
8 83
65 40
18 62
38 1
80 82
42 92
9 53
100 51
51 69
26 87
84 13
17 93
53 56
14 25
57 74
44 49
98 6
64 42
48 52
22 24
92 38
83 59
36 88
34 75
99 84
61 27
90 35
67 28
35 79
25 9
59 45
54 14
5 31
15 85
82 34
29 70
89 43
47 8
43 89
55 29
95 60
77 91
33 73
11 33
86 15
23 55
3 32
12 72
81 99
74 10
28 83
71 81
22 37
94 67
45 84
70 59
87 99
16 96
28 19
68 98
75 54
75 80
77 52
45 28
100 57
4 63
87 43
20 59
2 75
5 76
78 77
19 32
100 12
16 74
67 23
66 26
11 94
26 2
64 71
65 27
90 65
77 33
23 90
86 61
71 53
44 99
22 5
39 97
63 38
41 48
76 66
61 35
94 25
80 82
3 83
37 98
68 50
81 10
47 34
96 21
98 89
7 55
58 85
30 70
57 7
46 92
50 22
54 30
21 81
36 96
17 69
97 15
4 46
48 78
12 8
18 80
95 64
83 84
40 72
62 51
1 73
82 88
92 45
53 29
51 11
69 44
87 3
13 42
93 4
56 17
25 58
74 95
49 41
6 31
42 68
52 67
24 43
38 52
59 19
88 63
75 87
84 39
27 60
35 1
28 62
79 37
9 20
45 79
14 100
31 16
85 14
34 91
70 40
43 93
8 9
89 54
29 56
60 18
91 6
73 13
33 36
15 49
55 57
32 47
72 28
99 24
10 86
6 42
92 66
54 13
58 46
45 13
29 82
26 48
6 74
59 5
75 76
76 53
77 51
32 65
12 38
74 81
23 94
26 87
94 91
2 48
71 74
27 47
65 23
33 25
90 29
61 98
53 19
99 49
5 28
97 11
38 69
48 77
66 83
35 66
25 26
82 63
83 46
98 16
50 96
10 3
34 8
21 6
89 62
55 45
85 64
70 7
7 55
92 2
22 36
30 50
81 73
96 80
69 56
15 33
46 1
78 43
8 41
80 39
64 13
84 90
72 14
51 32
73 88
88 61
45 89
29 99
11 72
44 15
3 10
42 82
4 97
17 79
58 34
95 100
41 68
31 84
68 75
67 70
43 60
52 42
19 40
63 57
87 67
39 20
60 37
1 54
62 18
37 44
20 92
79 4
100 27
16 9
14 78
91 52
40 31
93 93
9 30
54 85
56 12
18 17
6 58
13 24
36 86
49 95
57 35
47 21
28 22
24 59
86 71
58 6
62 29
17 96
70 27
89 76
67 81
29 17
68 71
51 22
41 9
44 30
8 92
43 1
9 71
24 71
8 57
91 76
35 62
85 98
19 89
64 43
16 43
5 56
5 40
76 21
53 22
51 43
65 14
38 28
81 35
94 39
87 71
91 89
48 44
74 75
47 87
23 60
25 19
29 96
98 41
19 98
49 5
28 79
11 38
69 53
77 26
83 3
66 18
26 33
63 24
46 30
16 36
96 23
3 65
8 77
6 17
62 66
45 61
64 12
7 100
55 82
2 73
36 46
50 4
73 54
80 55
56 56
33 32
1 50
43 1
41 8
39 6
13 27
90 29
14 80
32 91
88 15
61 52
89 48
99 58
72 34
15 95
10 31
82 9
97 83
79 37
34 62
100 59
68 67
84 42
75 90
70 63
60 2
42 13
40 20
57 92
67 93
20 49
37 69
54 94
18 84
44 86
92 78
4 25
27 47
9 64
78 72
52 16
31 85
93 51
30 57
85 81
12 45
17 99
58 88
24 10
86 76
95 68
35 70
21 7
22 11
59 74
71 97
29 3
6 20
22 97
100 38
14 64
2 29
17 45
27 85
88 80
31 82
70 1
52 43
58 23
44 50
27 84
72 5
59 63
67 99
18 71
65 11
36 83
64 69
33 64
51 11
40 58
95 19
40 1
21 73
22 59
43 8
14 50
28 11
35 63
39 96
71 35
89 93
44 9
75 26
87 60
60 27
19 29
96 17
41 97
98 68
5 83
79 92
38 34
53 51
26 21
3 24
18 88
33 64
24 43
30 18
36 82
23 81
65 15
77 87
17 65
66 5
61 2
12 49
100 25
82 48
73 38
46 79
4 66
54 56
55 95
56 23
32 10
50 74
1 30
8 98
6 90
27 76
29 61
80 4
91 75
15 16
52 71
48 22
58 12
34 86
95 40
31 100
9 13
83 55
37 36
62 41
59 94
67 99
42 91
90 31
63 52
2 32
13 37
20 80
92 85
93 47
49 28
69 46
94 89
84 3
86 45
78 42
25 69
47 54
64 72
72 19
16 20
85 67
51 57
57 84
81 78
45 14
99 53
88 7
10 39
76 6
68 58
70 44
7 62
11 33
74 70
97 77
55 21
11 30
49 80
93 73
5 18
1 58
73 69
59 33
8 77
50 30
11 56
63 65
96 3
35 91
93 54
9 62
26 22
60 11
27 72
29 79
17 73
97 92
68 42
83 84
92 70
34 20
51 88
21 34
24 4
88 96
64 5
43 35
18 26
82 94
81 36
15 31
87 80
65 55
5 75
2 16
49 50
25 85
48 15
38 61
79 12
66 19
56 9
95 64
23 66
10 82
74 47
30 1
98 52
90 45
76 81
61 6
4 44
75 21
16 37
71 18
22 93
12 7
86 28
40 25
100 67
13 95
55 32
36 38
41 43
94 17
99 90
91 60
31 27
52 48
32 86
37 39
80 41
85 59
47 13
28 63
46 49
89 74
3 40
45 10
42 46
69 8
54 99
72 23
19 76
20 24
67 14
57 29
84 2
78 100
14 83
53 71
7 98
39 51
6 78
58 89
44 57
62 87
33 97
70 68
77 53
15 40
98 8
84 27
76 88
2 27
65 62
93 3
38 87
36 56
22 4
30 4
58 12
69 41
33 26
77 67
30 43
56 70
65 69
3 79
91 6
54 51
62 20
22 81
11 86
72 85
79 3
73 33
92 95
42 77
84 98
70 27
20 89
88 35
34 54
4 61
96 91
5 19
35 82
26 72
94 100
36 42
31 93
80 23
55 2
75 83
16 84
50 8
85 52
15 4
61 9
12 37
19 44
9 15
64 49
66 1
82 13
47 88
1 92
52 18
45 21
81 99
6 94
44 10
21 28
37 80
18 5
93 73
7 59
28 90
25 55
67 31
95 66
32 47
38 71
43 48
17 22
90 32
60 62
27 56
48 78
86 60
39 16
41 40
59 46
13 75
63 39
49 87
74 30
40 38
10 25
46 97
8 34
99 53
23 14
76 45
24 57
14 11
29 96
2 17
100 65
83 68
71 74
98 24
51 50
78 7
89 36
57 64
87 63
97 76
68 58
53 29
5 35
97 6
89 33
45 71
16 38
43 62
85 32
15 42
87 89
4 98
27 100
92 46
33 28
12 16
41 25
26 23
67 76
43 43
70 35
69 42
79 34
6 79
51 21
20 56
81 97
86 40
85 71
3 60
33 85
95 73
77 75
98 59
27 28
89 29
35 26
54 50
61 91
91 8
19 70
82 92
72 81
100 24
42 7
93 58
23 90
2 31
83 96
84 80
8 38
52 88
4 11
9 17
37 61
44 100
15 55
49 33
1 78
13 5
88 68
92 9
18 54
21 14
99 87
94 95
10 64
28 12
80 4
5 45
73 72
59 77
90 99
55 10
31 15
66 3
47 18
71 66
48 41
22 13
32 84
62 83
56 62
78 46
60 98
16 22
40 51
46 89
75 74
39 2
87 94
30 36
38 6
25 69
97 20
34 44
53 65
14 39
45 30
57 19
11 49
96 63
17 48
65 1
68 93
74 27
24 47
50 67
7 32
36 57
64 82
63 52
76 37
58 86
29 53
18 70
22 81
92 5
95 65
23 72
61 97
51 72
9 5
74 82
29 43
16 100
25 10
23 7
76 22
43 20
35 68
42 87
34 97
79 23
21 45
56 70
97 52
40 37
71 77
60 34
85 59
73 48
75 69
59 64
28 2
29 71
26 39
50 18
91 40
8 43
70 86
92 14
81 94
24 79
7 8
58 46
90 13
31 32
96 50
80 67
38 54
88 19
11 82
17 16
61 6
100 58
55 66
33 42
78 98
5 83
68 88
9 36
54 74
14 62
87 99
95 12
64 49
12 84
4 93
45 30
72 1
77 96
99 81
10 38
15 35
3 9
18 4
66 33
41 91
13 15
84 72
83 24
62 90
46 56
98 31
22 92
51 75
89 27
74 11
2 53
94 17
36 41
6 26
69 80
20 61
44 5
65 89
39 25
30 28
19 65
49 29
63 51
48 3
1 21
93 55
27 95
47 47
67 85
32 78
57 57
82 63
52 44
37 60
86 76
53 73
40 87
34 90
43 31
93 17
85 87
11 31
31 83
62 51
14 78
33 93
84 16
51 51
100 61
10 24
7 64
22 75
20 92
68 50
87 4
97 21
23 25
45 33
70 83
52 88
37 30
77 57
34 28
59 47
48 39
69 6
64 26
2 23
71 94
39 59
18 52
40 31
43 85
86 5
14 14
94 82
79 19
8 35
46 56
13 18
32 73
50 48
67 65
54 46
19 11
82 69
16 91
6 100
58 93
66 67
42 43
98 80
83 37
88 17
36 81
74 79
62 87
99 7
12 40
49 77
84 70
93 27
30 96
1 20
96 89
81 66
38 1
35 9
9 62
4 41
33 98
91 71
15 29
72 42
24 60
90 55
56 38
31 86
92 51
75 84
27 36
11 34
53 12
17 49
41 90
26 54
80 15
61 2
5 32
89 78
25 76
28 53
65 10
29 68
51 58
3 45
21 99
55 63
95 74
47 16
85 44
78 22
57 3
63 97
44 72
60 8
76 13
73 95
70 92
92 55
15 83
92 47
54 85
82 23
7 49
29 73
78 1
96 52
22 37
41 62
32 44
42 31
61 20
24 21
64 25
75 8
92 5
50 59
4 67
21 68
25 63
33 51
83 71
88 77
30 93
57 85
28 62
47 11
39 65
6 88
26 38
23 79
94 30
59 15
52 12
31 27
85 7
5 97
14 4
82 55
19 35
35 82
56 44
18 13
73 36
48 60
65 81
46 58
11 89
69 73
91 34
100 41
93 17
67 90
43 10
80 53
37 86
17 54
81 43
79 47
87 3
7 84
40 19
77 98
70 50
27 40
96 24
20 14
89 39
66 33
1 95
9 100
62 69
41 45
98 29
71 48
29 28
42 83
60 74
55 26
38 49
86 99
51 87
84 1
36 52
34 61
12 2
49 76
90 70
54 91
15 31
2 92
32 56
78 57
76 6
53 23
10 37
68 46
58 16
45 64
99 32
63 18
74 78
16 66
44 42
22 75
3 80
97 94
72 72
8 9
13 22
95 96
71 2
31 6
20 20
21 67
25 89
8 28
5 25
59 100
67 24
68 31
63 13
51 77
71 55
77 54
93 21
85 56
62 1
11 9
65 2
88 96
38 49
79 19
30 43
15 85
12 27
27 90
7 75
97 72
4 95
55 64
35 66
82 12
44 69
13 50
36 61
60 86
81 84
58 63
89 58
73 68
34 53
41 40
17 73
90 17
10 71
53 36
86 81
54 97
43 3
47 80
3 78
84 93
19 38
98 57
50 4
40 47
24 41
14 22
39 51
33 62
95 60
100 30
69 14
45 6
29 42
48 34
28 45
83 7
74 15
26 88
49 74
99 18
87 37
1 35
52 8
61 5
2 99
76 94
70 29
91 70
31 23
92 98
56 52
57 87
6 83
23 65
37 11
46 39
16 32
64 46
32 59
18 92
78 10
66 48
42 76
75 82
80 16
94 33
72 79
9 44
22 26
96 91
99 48
88 73
63 87
90 33
90 2
46 46
34 100
20 82
67 97
89 30
28 54
25 86
100 89
24 88
31 18
13 94
77 77
55 57
54 92
21 42
56 63
1 5
9 1
2 53
96 21
49 64
19 96
43 59
85 36
27 40
90 8
75 83
72 45
95 74
64 60
66 90
12 84
69 29
50 47
61 95
86 87
84 7
63 2
58 67
68 15
53 9
40 28
73 14
17 52
71 65
36 58
81 85
97 44
3 25
80 50
78 43
93 13
38 10
57 24
4 39
47 76
41 55
22 17
51 91
62 26
60 80
30 56
14 22
6 4
42 78
34 51
45 41
7 34
15 48
88 61
74 100
18 6
37 38
35 16
8 12
5 70
99 72
94 33
29 46
70 68
23 69
98 99
52 75
87 66
83 71
65 32
11 11
39 3
32 37
46 49
59 93
92 73
10 62
48 19
76 20
82 23
16 27
33 79
79 31
44 35
26 81
91 98
35 62
9 6
83 82
17 19
95 53
39 31
87 42
66 100
6 79
63 15
83 66
11 33
79 15
29 9
71 64
98 100
15 46
5 37
78 63
29 56
82 59
97 43
30 12
54 39
86 76
89 44
88 67
18 35
94 33
77 21
57 28
92 37
42 64
63 30
5 81
1 57
53 93
21 58
64 72
96 85
59 96
36 38
40 99
8 80
83 40
45 62
74 34
60 87
90 7
84 11
29 69
47 94
95 32
87 86
7 23
2 73
67 9
15 24
9 13
28 91
14 54
52 49
65 83
58 8
85 77
44 1
25 98
50 47
43 16
13 3
10 29
24 50
39 70
76 4
55 45
17 68
91 65
26 15
80 53
56 88
22 18
4 20
78 60
51 63
41 52
34 71
48 61
61 2
100 75
6 84
38 95
16 5
12 79
70 48
72 14
33 22
46 51
68 46
69 19
99 36
75 17
66 89
71 74
32 41
11 31
3 66
37 27
49 6
93 90
73 100
62 55
19 10
20 82
23 56
27 26
79 25
31 42
35 92
81 78
98 97
5 60
43 57
61 44
56 64
61 7
