100
94
176796834 219832601 383698496 506782978 451160076 372128192 551754032 805860276 739768865 744883805 640042536 719939052 518108975 512337213 787322554 522840445 605949871 727413684 495994950 573041655 912682872 729122308 408428510 735063622 605144771 532573959 847990201 770637443 710376243 408630378 310871477 372919783 517237543 562955692 533455389 866893789 845359614 827621083 957311919 702762075 370252111 343807795 488883195 776952946 687300874 582053178 512435095 464051879 860287707 827703378 425773563 249794552 484935328 561046184 671253933 758524351 498773352 590813608 500098049 568709968 698855936 723520421 810357556 773933667 738423453 541952157 436668111 358824478 337266542 550661867 596972738 240456898 136298204 267469722 491855452 625458953 721953112 907464461 882764823 892581094 612824069 213492651 232598380 337802885 580486465 786685648 506938691 268637705 346670532 516203537 522276773 247050667 322497934 285263023
96
397664268 0 453912522 849843532 811187346 747583942 678778056 691791227 685076780 450532029 316438464 689426356 846401008 735397533 679495143 540035575 634382810 592798231 490567133 705580252 524207876 154146044 173653878 409137372 479873819 505817850 521201845 251743750 119779595 257594274 251938939 181538319 331233922 349543723 200333956 413572240 334114902 13743813 382721978 480609881 398136682 673239511 706107752 653412027 752374655 804815262 644877311 745219800 547788143 266819678 476322534 556880687 713919477 769249940 345975591 180430313 500652242 550081330 342759275 432955969 341428706 45631121 321621560 409564525 237003727 278778416 295283664 428823711 445845840 596704919 460875298 174698251 469179589 327940766 284838633 632490075 757885056 422704846 64113336 525698726 773318019 555964048 672207587 730635348 570441990 268787372 288697267 403540550 163169770 493978198 817349489 400378030 87732502 470021092 447152472 22477685
94
268745672 562023635 666987937 681018499 451200324 422155119 555539544 539310712 493952393 618236140 573631618 609460511 411235184 118642725 420329380 455157375 339024564 376538366 504021894 665394770 567812658 370584259 634203990 576044390 387712245 674630621 763991991 399930604 320477352 441506993 567698123 623995767 535731874 505965323 565413561 863162427 848633762 698163519 494418532 273804457 272398714 203195751 143935362 526791707 574131611 271882375 324127212 450953587 472875321 704199748 747792985 337164030 371811595 703375297 701782973 788290847 639040492 583715980 797347742 441123738 429141192 388966276 231373394 538438474 588665157 362736595 148704662 116313905 90694372 281678574 551253442 638681549 395899851 506259691 833448690 498000458 180306867 139103594 238475885 474190787 722844297 576195115 190195939 363901049 345357657 86449903 365610601 471851937 455727274 519692988 320739010 237609409 291692341 109647660
96
482879458 829700289 467497755 266408270 217499410 87454879 267407617 354653402 188752673 329264282 427322221 237518847 505412478 891708540 898272676 889293792 498057874 166998510 99047237 274871531 506266637 322295792 227689232 494238157 377099413 100305290 206965532 153642626 78698974 516248028 555812129 508153985 475778865 316349571 617629702 803689522 731369077 333451007 345820029 700003702 525244908 204076969 344507365 469327867 296333223 197606924 231709351 212589125 222404682 526957861 554496376 176100456 229710099 349624982 622664144 606442321 572564442 579044758 194018363 314374416 342229166 371675751 268012034 353046283 440451438 299136315 576534986 495189891 539264008 535944981 611651381 972398335 959001992 950360706 884897354 691510237 462366115 625965397 900093642 843150752 795289760 864152549 873194689 708148922 500004333 262681631 437559231 477507121 142702629 426737743 718024559 409673061 506148570 485339781 168540643 109883315
94
434081628 760007550 648865830 432101783 530510410 731358026 589907158 302543717 211533241 282849445 571492973 589693922 515086155 586994549 499548527 579611605 682854010 616224347 436123197 479690544 634028433 836287314 666103654 231848133 195040909 470107279 612093537 574678472 357234617 239667114 590038905 776825097 859363134 865240305 503849383 512760543 415280229 513418494 605579956 287847783 210949216 361205111 514985312 392687812 654664988 618990994 235520626 346404105 274626058 265634473 272275148 435645845 674749756 652375611 632406756 418005154 648940854 654553302 561837698 730164004 550404650 479923022 369882017 457583019 857647628 800555349 605765450 454437458 244115922 379489257 585234936 367574394 403747290 460363083 553837036 959027233 562263100 163314425 180818631 410176323 566066242 483046255 438733423 264520072 256005367 313067048 399807004 673442164 611569774 278819633 175731638 456240511 759986480 414187207
96
461290033 807006218 577413313 549792707 496269360 263749516 478910595 655639334 504958932 672880877 845531114 419954950 216556859 453726786 507170334 301187898 459229737 471087295 484996757 549680931 275421098 609717942 590143667 512521101 614183778 518015783 360249914 212686405 299401085 175083380 382839512 740816946 506142647 458497720 736962058 838797632 893389161 953108329 625982326 308162919 432623240 478110743 224558008 332382933 750021337 926089437 699501965 302959449 284145957 573824614 446075938 409705751 751535777 645687025 561314943 473591706 464579852 452568374 518475068 559448327 332477863 584338970 773539774 662816802 664108493 497178550 391610303 406998004 583091199 681994533 565957139 783475485 817371449 343735733 422453258 648505373 288483438 255035021 411662700 616748160 822419683 628139742 280597495 539923576 640108722 378916140 353788848 197664911 405835994 597408558 532443901 690113219 440603578 146968166 130019820 20004051
96
200763609 239977869 296507130 488734751 406752587 327111937 281849842 305672706 273498072 391488897 422670728 135760449 192916510 522921650 627380809 305279761 327379595 321342020 510294823 787926737 811079356 624954335 607102947 799799209 614285028 709154066 510196763 515571609 732124853 560827841 643615456 911500116 760127695 515738255 750075115 936616850 744012804 510170188 272002553 461389855 657411350 284924045 408896911 534629525 474117141 377165358 551964266 865465853 824647235 660542635 525763875 361930458 449802159 754344503 658455208 747122758 649512755 489951303 638547134 617455555 358439888 446066141 387229547 380892249 730220307 447703737 502682386 678173300 299686041 313122104 535898110 651054223 690649979 770803128 695543846 730337093 762402459 612744393 508828446 456384748 601191508 566239003 638864252 485933769 400817197 821394333 705282562 498348939 626092574 411238526 362299764 302628220 81793373 102716778 63154704 33579474
98
52226845 433555431 514499244 246020220 440322141 474938396 584428839 543699130 314947922 543145620 417520967 338620575 425276164 258862290 207631910 166832471 146603932 533558855 778662570 741554179 594910250 682131285 679067477 449242811 549209004 461501905 611021926 914229387 887680359 587559869 349275492 268745083 306782783 702668559 791718535 793723751 728851140 494024905 363761534 296204690 626726352 750554385 728989694 914732730 591041886 542371353 729946612 358646659 297737194 591075517 660595962 435970256 135116062 94931802 461649630 453222311 462725241 628890962 697855761 613797506 203196647 494563692 581761519 168020924 355865808 322476356 53133185 527354884 763331298 751005249 651585622 227816235 112093745 363798996 612144542 477040051 299017071 232425596 357175242 466233937 228067167 222869845 681146674 896595802 474077167 321454092 552497333 765752958 496805779 441518506 550933269 589886550 796587676 550517866 548747934 787943806 845891599 378554467
94
276688620 440081966 355393043 287311476 120026354 373794044 677043348 698886884 413300338 530796368 840209767 714196846 642164833 431242066 297201642 369248606 375869220 599824631 614529238 617690770 721770235 711863436 443897148 263611166 569063675 494877057 640560330 816517614 575900307 441220370 348660056 170559718 465773354 454493420 370642796 799410120 512420272 425425406 515200981 376012433 273918073 80223134 66848581 464326500 652333155 470887253 445668918 461896873 536310208 502461909 407071119 605550011 518110747 314546487 448610026 648830612 720875102 429982790 403516873 444594589 354050146 428531159 560249885 406825333 331844004 226388508 409637833 864880673 700265308 278612361 282875416 384852336 566144826 718279140 724691805 574790446 124900817 452375218 841684059 405212372 381786108 647884914 357640369 397102826 706398612 390993273 477820205 911163219 622978305 448838275 478634086 251924250 422538476 364699761
100
608688702 0 291697269 313297895 450579591 728820815 346684380 282720988 459222020 383034203 342731874 535351456 564488769 331481705 304386147 255017165 366999034 734634566 663322685 377269494 461247008 459108027 357538193 475596567 669304562 492582940 578407825 758756399 616080328 502751972 524792392 510858622 572456357 822351078 857788393 654992912 208218927 101544751 221864126 421491424 460578547 392834759 503039241 649685717 854550461 837433882 536916538 574930437 754257577 471716428 600477453 581396375 120487072 69652623 46557516 267700702 478374585 479815666 328535339 75012932 87095343 308031124 457884854 555226977 431258244 387502549 361229276 564547606 973640840 872894463 543540182 451248076 629819871 569728669 516939907 558391027 299264193 260179116 665200067 868283323 788748179 616847197 548913857 536633659 579126564 544476754 288626052 423084780 721185704 459416415 528505715 811920376 534487800 479456556 629141171 514062218 472500812 712617856 869951980 432253579
92
713969289 129572413 191168553 359589669 680622156 851153627 83397232 235404209 97556628 904817385 571264578 850793559 155726573 144230581 294680859 51324947 660605076 78856274 470716171 973055105 11776560 663937858 525816707 113771523 261375282 497535029 258052675 447741386 9354135 94777460 124049269 139995063 412888186 692600307 414992888 469974895 120622764 536142706 530852910 925216792 595604593 724475728 954482924 51451277 418032367 428139836 131624144 406131769 223572469 97295971 433155629 546515574 428410732 459892932 845957241 694846269 870126889 603539634 1967975 77447580 45746314 823523604 949421306 400038119 657553597 152542806 859220247 82792617 500897241 77177782 164761653 890284465 894666071 726033907 184177513 760115953 570054392 231040893 398232889 149545460 244295843 216837169 996847519 720855691 19105830 941539428 932477150 550438788 791866705 638109570 862195858 557395733
92
121055720 356722620 455154048 377023781 605894678 878784215 849597527 657309667 750720827 896459201 922155064 882681393 486389851 640538889 543735529 348331868 555696779 544222202 527153434 274851300 580665161 698500579 616367792 581537394 381287517 475218199 555363532 455703584 312842739 424221287 657036976 547829668 413259114 411737849 263930317 495804992 761739215 595365308 344685540 546908379 576776609 402320296 439687893 320416879 403888484 599303289 789193981 595477073 427738847 613021432 678613096 883316442 810580670 602082848 508265685 397378700 422818799 714446987 896076805 704989192 585345182 534102418 694393435 780403529 705055877 874498603 793318307 350365479 405887317 666457532 541109017 257096105 210331290 464940426 401589061 393905203 413569360 614061317 634545932 645691881 562119637 417666785 729222824 652314044 408199683 283803989 468899599 832081829 710161269 281401457 195368264 146192173
98
174005834 223717884 358080413 578005563 455733337 404471493 383068913 521237307 841396704 908718546 855475718 886244134 605872609 585027943 794949392 798888565 941514300 839227388 375109782 194660778 505683661 686262435 548908099 687065773 852434673 632380074 594661787 585557267 510262402 392222807 139371544 362990832 367299037 313785557 440350713 510702059 787730492 694031942 391367550 359067876 590516467 389202737 478421187 489583986 311944824 316199045 281934741 473361381 610545704 857316380 554504078 304053134 485535702 505610499 406364172 249742622 324899620 474354776 731175322 524791872 207055530 236885082 398258561 377044233 386573401 638041958 493939001 617142537 514368573 480643618 412882858 293714297 774036031 647234932 159610522 157907679 290066270 165096425 118460319 196287403 232018411 590486738 710353461 435530617 503406534 417110844 323039618 664245086 466528689 426745990 890434018 881769634 686852505 398711470 410559758 393517631 503830799 414794807
96
222542930 349731078 466132763 759429949 781266520 441699031 371294824 507276142 531212770 568820242 756711571 993021589 661981555 457859077 793377901 751989546 686099639 678173254 384633143 509965280 791317823 454605885 347402851 415619008 451778214 753251319 805973728 468314374 153010625 347088911 450942993 358165548 495411234 339497555 369146634 648944393 813996364 903013514 884921167 587107775 612628093 851646888 771856854 846015805 460751598 231278801 567867320 830563322 534547880 258275455 433369619 495107584 451318870 376700076 272810827 520228130 719136975 500829390 256951918 126819405 106275125 92849032 111317891 436855892 626292867 290334319 494151298 705302033 503439656 403971103 255474442 249293829 233243781 429393723 809843378 893564829 529368464 339108678 312492273 594441472 971233519 758961552 649810206 577162097 317829396 327904038 438686541 356656382 383158352 580292733 613928844 351368317 395863456 546446904 651977496 439836929
96
90611765 572028318 248959019 4942249 441205231 667120229 892641079 33573911 490440831 678416349 979069163 945632369 618953189 155924511 295224627 66197749 275022682 629848974 461837001 375591048 54986746 854056747 334143607 276012011 79194523 582502328 457858145 766547837 938832981 346486389 193499927 490416677 103805270 18862635 546249274 975612415 174600557 822116573 824500903 882941849 533535795 802165326 881877656 818878751 187741933 619355880 141773034 156363890 242152936 506760926 270667848 466327525 536804516 445607700 732505803 22133407 602271529 277573729 1940291 31779545 999873956 611839608 614366816 212866795 406380630 838451311 327025445 451129514 167881530 892438038 342122313 777478026 761932631 710120758 765774239 81576276 255918086 185155888 936080856 654766923 663774045 58260845 138849153 256626680 738626284 169098081 670795407 600049745 290292963 34207213 434959790 750581024 871753501 52307438 611805527 730616499
98
191159464 232752306 349992808 651731290 650836672 393834662 528077510 614717441 401064254 486366948 472990187 448732878 374056954 257200528 255325877 538534056 868467700 751387120 718410962 664715252 607560912 836892197 748596283 350361826 473548068 427970562 503713226 551003426 597854214 745125962 548497325 819633661 975885793 572963684 176103036 254669885 595463648 607570561 646879141 574647265 344918213 344235225 389931990 691511596 582340864 488552659 451425371 382258519 540715267 404573964 563677304 803100664 466136116 358718091 713100206 818064819 782446131 547361473 581799285 976752756 798147573 731878243 962657255 896125460 523515818 436520957 654635229 850633006 674008820 209426084 320963035 380427130 113981983 375971143 582882921 662120753 558535518 631453954 695283153 320845064 234723116 597727381 552212670 133667024 119108350 189017634 529935639 827594746 610855984 530194001 646718877 471058738 400655584 457651864 624771239 578153942 700104395 528263540
94
420465327 653676581 674171288 574774622 187222079 242185723 490245284 749437663 707302488 554146251 352214546 314014591 482823311 442209562 528069700 506768718 305633976 443021550 332538994 46675522 310483016 360521169 496740293 760251431 753434944 504935020 160988963 348285128 508545718 608786028 514029730 385858699 352431619 451271026 724910959 743806677 556200021 340181412 322316502 434434264 358231828 366680591 428727399 595756116 785759693 759725813 860818368 582281483 442176828 346978948 222943384 630577087 637872549 287235676 477585485 402277033 392351859 729665042 371399371 2088922 295760181 758873766 634195902 468863362 789099997 754994042 458938915 282279925 462408784 769019918 855457847 617228932 225142204 113701315 519635276 882060027 458760749 532365661 731695052 555715983 344365076 199510701 517020675 635625322 527559940 660785488 763074098 767810067 501402691 419975284 545156865 576017631 828213482 453187484
98
403293298 791716401 507644977 309824624 591852834 850989193 850587358 478608616 155669009 525283704 740766586 467992948 420311162 720681564 749294008 560844907 761176604 511112893 87060306 277878418 319824152 250294814 664574198 968524177 852061170 796835047 643323872 354586589 212664837 221816143 258934655 367502194 349725138 477987611 637579253 402593195 576645449 502450878 344678315 658238407 438461534 90619887 218558031 329631480 454619398 407451665 276791757 339094380 488364105 791707412 793075723 358904101 491446873 647589757 552492480 652208020 406540186 207323193 366969367 420823373 630415813 644531541 210175062 348789223 662788432 766524469 552304589 306658850 236727607 493020491 470030821 196828816 546007070 845040485 459443195 225207379 660324614 894455307 650783312 363102509 247917263 364838413 440158483 480992944 739604050 539273083 119243619 139317166 545960353 488672922 102882270 458719487 564815283 560574068 886214627 488293013 106966138 101793479
96
427290543 841567815 747905734 395927402 153245391 363978783 443707572 291415589 608244897 726778217 618491288 455734277 342006704 337810287 234383395 356138367 259303408 386680050 647146562 611222058 705869725 721344578 698932754 597979270 323455031 548867121 874844913 860599115 460147085 330853572 426687909 200416074 276972652 650916729 621281467 266675548 179458632 197781530 281724421 332679785 163491429 171237030 268163770 439545267 721723283 713689160 716317693 782980854 576891566 362138993 254349871 289713970 411235502 694957243 527468650 479267243 671197888 729234472 892658693 541505353 365841026 556022998 336312673 443511940 902012048 857536117 592983115 459371855 736935303 630830245 545491897 475111065 493391979 664934202 367876380 490935662 385657506 410430304 779743991 438000138 113145394 434351364 452562869 226101113 522328810 362741211 5062345 280439119 519360244 404996649 266286826 558781649 577212548 253064093 619856737 489864643
94
625844089 0 458752441 789705528 500695635 538112353 484502712 486585693 534819699 532716271 676614581 429369558 250981710 625446313 938955381 519709209 103181200 349816086 370124786 455025416 777631476 815467699 683235598 562325735 429220976 490288780 601457456 285471858 105349059 326472746 457471462 167401877 215641765 671621697 686396271 468233745 628241155 409435422 461660290 541062919 395321194 568996647 602725161 350250111 484745061 667366991 361390458 426501492 398739063 236704364 389228540 399786743 388407599 737761064 697288280 321497574 527891163 927108238 721653754 249849576 280769791 406566511 594966809 768007101 753038813 696574140 549326507 520523957 332145128 448278840 470353725 425764775 713518813 889943319 640715186 534043474 758697992 395260162 325783134 662104118 523399646 600272711 891165060 571287173 494851706 437013420 100073760 465609957 457355086 97176774 59687876 242304115 410147050 177497756
96
310709515 0 210515522 558588593 801746914 614901604 318199436 385738309 430390762 414224914 407601604 249601553 128757146 286935924 557357366 376735417 397400968 617428578 654655531 596843436 564689471 574459232 638963434 456708926 410609549 479892684 392418109 712710134 671480244 645779706 654011329 578315070 445216711 333537637 293877988 444674418 395942447 116921133 522223456 851106023 717152372 675198960 630749433 280044503 258284927 325777772 531264987 920037110 656729377 598037115 654241196 653110903 868335234 872726469 704007325 298117033 250307798 317455706 277609824 215793558 485882104 728665568 582242882 808750119 518154075 324331757 373806305 100389314 384490678 766782092 613087887 336450500 593353767 585560229 330174747 345273428 553352689 768655386 523221944 363836756 308085996 358614046 425614504 405146658 302311279 493568692 783241861 482098210 129035315 522889294 727984933 251421456 189198032 380811514 359282976 152614995
94
84731403 125616161 529796909 987263658 788620198 328067170 101427507 408411919 583216044 612608458 692910990 735462596 619108759 557927532 759506242 580138747 642217076 767742325 406759871 461362813 499417217 270225550 388936301 284387298 186879789 415196591 738305439 540747347 285004866 310570083 555703806 506175876 221620570 625508024 841318420 668678292 431503485 205960463 313156953 343959090 482132696 663805160 448728698 617488064 873673052 459157412 346471161 557662560 443402865 687600987 905604639 500265522 326535719 683965147 531217026 455440013 709976972 700733894 673234469 393925404 511876899 579482473 255384647 562362529 835278611 500349733 242214226 523952900 835830117 898987381 914302283 927566366 579016842 563410412 692042731 656399111 893011381 898233751 736022140 497617491 230151374 72265116 141162281 318517270 415097829 675786252 750366508 713660491 769558398 585981355 724869733 920174526 679920862 266424691
94
922213152 66530116 782492525 161600228 841819249 167863806 321012903 557029488 261567587 721155001 113743200 231247477 801087078 554389479 25758547 776905971 165582311 241306303 127225052 58073533 319947320 163237976 930738263 225660019 398344662 769512465 570828293 21824214 808132295 758656983 574203896 95093522 391505515 598886783 143878103 801378204 166783750 13946567 202627343 461960820 367254677 932626533 14224330 791888693 227426316 96618337 120963961 733569859 39232628 752180173 713064024 858085005 986388242 995082221 102167518 732463634 728891971 960356731 803930065 249490516 631830367 907582727 470452817 18923288 475751671 249432864 577177688 753782786 665398539 369783194 224572868 767780701 57102192 534764024 513732400 30281444 725253187 429265483 7644451 485858495 274668953 358604786 985799062 160163575 364387183 437199533 240915781 970243001 241700245 187991693 347851125 100937724 605689368 74957647
96
249009897 308021439 123643284 179622009 516425141 608386807 295025056 564178238 551007312 232880042 181460208 373207684 692337859 693285642 847729790 890777624 505980251 543775330 695861055 287456279 65150108 538540789 799662348 493820667 663027040 818093735 567797636 662410383 694689995 340232414 284129056 354748858 659668024 624498893 525778158 855222450 942040663 967944115 908179744 564678268 414443978 550608365 508639517 391481559 370568845 444584029 576751285 615900613 602709388 552926219 340261466 264810241 410066750 556138935 461111233 416315411 518183537 318016199 308667877 589456681 654901065 352341151 521888050 837187043 494393969 657210650 993483550 811623264 489082174 341676589 579897254 563631203 467905798 404903398 241306191 216528615 107395585 347388806 734343227 805590240 633350924 407857098 320735345 436854468 522544113 630276169 388650474 387131480 467020567 185429320 143781431 120676874 172599143 299674189 208236446 13521332
96
73261551 221379709 160118024 185396351 594454941 673552597 344843265 446483626 802273116 555746244 304354818 263340705 527410235 693001344 532264254 477225067 211867523 129361130 215374719 361738564 448113878 486993671 515051268 249316906 444549564 709239347 664293638 586392907 300740271 270513578 418458106 260820668 119463599 598605039 938668181 840420095 600233350 564873411 593916966 317824312 191706290 149117301 218264502 601723775 479234580 66624885 348067443 834804068 731611900 315116271 377996463 727130912 918592224 949910885 964876670 655604153 435632909 671645638 697277310 383372705 582921908 746359217 470700362 559564796 681142904 423261007 228493702 218489343 486659006 485084477 517050118 691016025 394029358 631090295 480535417 373201927 371959517 17294289 321124356 421632596 178192194 557946575 551600498 235502193 600620504 818713987 794607527 825866923 835298429 860730582 821817418 609033284 705129283 687427603 407065253 192428329
98
330239542 652223962 472395841 561596574 931065705 785601812 694904733 679895537 508670373 576084333 657643493 495069287 587538733 813670594 516581365 338233189 317117084 510826535 881843816 916679478 495212706 162796460 415422052 634351406 350852183 51760355 224725429 407500644 719870361 806863688 583107586 555261572 559652060 481804565 598171753 659332005 499941606 605975671 714706415 781218243 934504412 781085816 735342538 589631008 512200523 658286798 679754831 430289285 260165342 634934402 441764091 181988285 493288214 466360693 250960808 582286813 722549896 313453781 120804536 462841816 447653240 524876805 648879078 622741232 843606292 863455009 525919768 171900012 122629504 310567517 499129211 520767342 647141950 635324053 332174906 115752429 271745998 260476489 483774677 784078656 400873789 366859500 661284498 641572874 753159444 925375267 525170181 335965112 535042851 428449724 224704844 481071841 592090657 448981184 725308221 626955378 260081935 68294040
96
269656573 544429055 427431549 578750665 625297308 490551129 324863358 83024022 168211736 532495109 756151535 603156088 368402350 478011150 514684569 592436466 717150594 304268798 95685735 351822137 286893365 426426328 552018698 393084906 447862099 621928707 712442676 689201884 437326075 204649846 202346143 417359744 395890176 82928251 130490398 125185545 181456236 160139443 401434546 722346772 413419100 66740042 252541629 448428034 381444881 463549347 675983729 612612919 637882967 453251674 447960624 528094094 481040601 385778003 471761731 523961794 251120051 227186332 187781646 425961141 778481086 856458659 783884038 434501394 53914196 45682245 58698057 408221789 489215015 117415314 485940247 833500170 406041728 194088527 256883420 445997572 410868124 293193880 344850152 500380567 704270516 342968616 445302912 880853441 757484302 373873508 111082171 120705159 392062664 799255607 667965106 379583102 651708848 456812574 454397187 448430898
96
113453069 371749748 196258564 323079082 705461699 114803755 81360203 206777736 620951303 167175393 637883224 895393466 75323348 78801421 746648250 331701636 606716305 529745376 50572276 216831739 171765072 125586679 290880984 685272927 625883555 695304827 700700587 742853428 271692663 25787337 913815044 250906068 892791440 238127476 375135821 76677724 430885948 622627983 566900681 319581231 706739134 642445409 510844110 520863205 843460069 434803046 659171130 560415849 205554532 546456340 697551972 378491871 844453023 477122188 199667341 726521608 202941832 34298285 225574063 939643254 711587709 854869907 871839421 953122108 600838688 872817167 18510126 951677523 901850136 654639572 281704085 283192762 964667023 731153188 673520868 84284541 976440528 567091578 571333837 754429781 952573729 375299118 233933492 390229918 692132204 983111334 306714472 179840791 586733635 686396364 948361359 680086260 243467925 879179239 84041886 473733712
94
174681878 167184898 759574115 543569356 15321939 401177480 488633504 357781689 684273183 746478311 500348425 143854612 432403139 290674758 802127041 139407650 840253236 258400007 65374139 671139327 783502543 189868690 120913675 584869812 680205877 914560671 975105026 590130949 536428450 286085560 431577321 96036647 269959703 484791569 445708594 451202342 123267181 990368099 134679212 825992701 113679452 467137107 228432620 117522752 692466310 668744326 358765110 94886544 506788568 232350854 369851129 829687628 71043801 336813463 311769419 509741705 5579946 29840009 133600851 562571230 862698094 774031346 689572638 972724323 829282293 655620988 855657169 639600831 167955604 252965627 835321622 122122074 772976119 124895525 813615041 830716710 313383992 790551195 500976134 993368481 37078437 886753459 168177605 507846250 225198968 182725279 447338344 2862671 322303790 15344204 67997888 796565068 4230428 638934023
100
91011186 0 182480580 253937225 385144638 766962792 473655074 335267886 760573645 922327501 476943909 7360678 136450527 370658376 712159730 535825974 187576332 336587074 652395832 600597891 366775851 254387999 302115754 709367841 678665898 593573732 621953542 489148884 301248737 455562685 794055093 593732373 359895344 319629460 288822785 539577132 579579131 286992655 606093259 977741634 565644736 233225972 418096929 716104372 785750927 492074098 329309441 616292401 897104502 725654837 564860211 446825323 263701601 255514703 328191222 422028503 311749025 342466653 354588793 255977822 448258651 683561915 871410932 757075057 625812802 624500428 406079451 578717467 814043272 542541627 558038567 472848086 224372445 573411927 812532515 797833203 553650792 187778489 221479832 311330268 446245852 388851310 266819669 288882094 323282589 566150532 382645276 307104257 550360919 701613734 525285402 326534916 332009582 101660480 263287082 368597252 134799216 148774028 165112531 27938879
98
305654957 520925432 496018008 406117061 169007139 88380086 479221686 767940097 703340290 468465768 308562177 667080652 938089390 775052583 528722173 537747966 428663791 336270281 613791259 500379315 116768078 365849274 641355461 541637295 621354605 403985264 294505724 385153810 196473233 352252093 523712350 421482853 322445945 601203966 853216112 691977181 512647067 624965856 666330820 290973395 423104042 568370462 292455882 283068271 232871763 97541230 499659417 807390362 474556066 335768909 539058391 648796530 614614105 464267069 663238158 807009552 631360397 814416306 878554088 554979056 295778821 237684214 425834356 632256778 738995160 850642600 858479287 479286136 456831732 849184886 657843976 711487590 537526513 483099788 568983034 463886684 653113083 714578550 884390809 647069457 663808957 885552688 484623243 410840691 745157694 782897123 630993252 510909604 260674446 152714123 511070446 760369215 579939150 471804967 431878540 534806170 391190510 37946344
94
434196441 603303849 645089868 594182776 273939324 371264442 612727274 428649079 282718164 624772408 547112277 394475415 614607549 449849107 400631841 456138119 404533315 318556981 472116536 557979571 540658046 694358778 660052121 733175390 426742877 165336974 394822051 510202689 417462917 377414052 665640668 823001272 773347370 905065467 673335623 409032211 282498603 591102439 758967629 347646022 466795024 809177134 901020792 545173493 433347686 683321178 440239255 625720295 567479210 503961614 869312690 918845226 759201592 728439977 769105150 558496422 629465550 403711590 206811297 322560118 347963685 709208090 880924373 818954682 834105205 886075078 598169209 408881663 496667352 319187949 403846497 756806109 561725747 564441594 748970066 594905864 522865974 495808443 722198633 514836435 293281039 366886011 599793815 489372644 153015730 420228967 790098131 679248325 346592721 186450317 370630676 493026159 439681026 275276201
96
200398470 254532956 225702973 497769858 502443550 228202234 520202611 809483432 396492901 231384577 307006188 466916978 538530513 289773819 339570759 642419388 558553129 498967309 640038122 479360119 452531090 701682868 686433771 526704258 322378399 330282667 747387170 751639474 513968805 560490466 532428840 322295826 484796120 418807830 221644943 203344629 345607468 718069210 716441197 462576639 573786530 923325424 898972213 513022814 359037935 257658720 226540376 275134591 174778362 123797007 449093212 507289489 551261439 503564506 116478842 148992574 532216030 541723941 334145442 486642436 410516594 506525576 666583296 526007770 335158534 662292783 942352983 530984587 229889344 597090631 650710491 218318796 377906461 519747189 433294625 302214682 540563747 577877318 600150482 835961988 413745344 183911545 157947428 269333940 560312750 633850692 558832615 563116570 609744059 741958878 485796132 460294463 507879676 422862190 457740832 179787156
98
191346558 542967995 650570952 601356198 662626820 663126930 666919729 839453025 818310522 762989015 618644595 458290305 754329073 661270504 337920746 598222228 799121544 801971284 688579083 431539885 472759835 572706715 695599847 680025689 770920864 790644752 424377601 413178422 432907903 652340750 960576829 745622588 627919574 810860522 725964373 584891686 396731888 180828855 438725091 563448403 578006435 514526583 359578743 360074222 338278803 508544668 541452113 415083087 668720946 541294731 599397187 650135059 492149745 489372322 441547382 319374835 255248321 267677496 443197493 696356619 517316649 441968338 624027330 441556699 394432150 798544335 530284209 238848385 515657639 695930370 668648493 838418877 825163834 430426612 649668003 621320789 575379935 752866930 620955362 770111293 634856728 690230481 949268335 623659192 256602500 561776131 712006296 675586345 662954437 294060669 392548525 666994931 566717405 503777145 555971599 360099512 441290294 421827911
98
28479153 512919424 932881786 727933990 503983673 337225019 493789392 868977922 909695137 596011476 409643916 300477809 377387881 730304259 474877138 338955914 506019611 591825106 696966184 603599639 545791769 431104430 178387665 155557403 312765931 364627832 574298355 550302891 296163492 235279639 298517157 681397941 531966366 344806766 568987388 660262604 580492987 195764063 196604588 599290736 859862093 544513906 445910150 605858607 600719380 543651177 444392210 367858921 426415858 682784258 402728284 201116570 470652014 341727977 93846597 246385897 568904908 441993492 229363785 512433335 630376909 303723933 512651943 598229740 501049830 573872663 299407767 452664055 486843209 302208968 349914615 324525243 366423464 341146272 417150164 472687848 304337759 363933033 253519225 491897662 617796360 615972621 546400734 423822393 426135908 132427754 67754961 397123296 432557338 174136725 345173369 567488109 478826129 637982042 901629014 777790420 752372667 384234433
94
45782658 204097932 270515077 463274357 786798673 627648003 413640188 551667607 533783153 477487780 480230111 289792895 133939359 474565419 647844865 420051545 535459070 678593357 424616861 308111566 374386509 409914312 311493887 203376355 598594121 858887000 494403834 314928187 652548239 561905918 121907475 235958780 702605203 808407581 691434743 714788433 365862203 86888895 323302110 437388304 621401418 437186680 89827541 138783826 461974372 717665567 397095425 445415029 549421114 602121777 830456513 777987092 416450500 315591031 674488329 534257792 384022833 314814608 488183198 421544083 312693305 365480064 243320231 465306566 412727160 468233254 418143374 497232449 562458388 306348330 167405849 117574602 124798888 45163688 76174149 161898956 561413782 643325888 390826469 642157613 670602111 690302757 883041572 446441917 494392828 770511633 309307586 32769133 304145605 380022492 105108264 421373462 503699979 75484607
92
704019011 167117641 82212784 649772698 572281421 901319633 564823289 797369607 977506626 819934114 786952881 275136151 774791040 358938623 28149114 415170894 814472589 654113280 334916550 65260194 980328295 74945872 703482925 49595945 353938957 118610308 664484310 62042304 691874503 133357735 576306461 575548028 224615876 265847393 108846212 616417650 163957117 981704119 696105685 181211014 824660452 505268995 749244359 378996633 579997557 203018005 76809636 738230443 502521336 12548937 911216507 944275506 861604181 918896911 215612276 579315391 24150992 117731518 551297167 114861968 442278028 285202865 984905212 862807669 231889838 490698261 166850832 606030745 247810862 642540377 496386307 493162719 631975938 476509499 757626111 405413434 331658140 862288520 170125797 319216558 237091191 50946434 610825295 549224985 758194161 78629265 343334138 851602007 587827676 893546753 604929836 15070207
96
475049983 0 7591216 18605004 418836194 419116181 392470783 625885314 638688716 450169128 365317379 502558299 511359907 411977455 201099841 485343527 536167466 617672709 678377228 645028825 782397090 468042438 248804018 336681928 412173459 561248545 757156025 563056409 627007685 862870074 409355393 456682275 707412981 489156484 501320547 474163767 414815609 561506764 629895102 702025099 444295368 369846644 420645750 565970007 512084315 288981290 264774979 189133652 266757020 203260146 226694993 167466042 311657670 429412847 338027332 284873858 218090662 284586509 307321498 431300839 716918368 404956948 283120529 694068877 479975293 422929502 577782602 357558392 326461598 457801092 458448327 397794024 397852299 201872908 248772094 329870067 501808258 758379361 821031155 544567780 189169217 416725722 598087493 748501683 846897845 671259457 716632373 484368465 76436519 191156877 189086259 102181179 222495986 278540441 138015360 10432967
92
52645753 299648617 621481361 674836011 460332670 212564092 256255209 558527971 358378491 187294908 488742246 780161356 646116911 534805714 478508243 337560439 659616383 925748861 836008730 404849873 89114929 519771838 602349527 530084901 435980247 22858615 37789945 229066221 255418971 84532088 244820374 430347607 386806788 338643890 395391292 376682348 208141443 267093417 284346984 495327985 589123439 315252537 439054868 326313953 205929895 277411074 386259578 677581231 731993894 611285017 293536397 457372615 644076713 450116355 237236305 368995444 584615184 442106918 288243033 534772389 420333774 268740970 725569755 469577143 495888753 624632135 361450101 195963736 369221975 513954813 324026301 375440488 328217080 261983156 523144454 660713519 322284644 465675444 384992823 318774994 611445722 602167278 394519535 437701192 425231480 175027068 346646660 469426972 543496370 460908240 260967089 63450886
100
593854605 0 69531384 527635179 605054411 584872147 694557015 472100680 293143143 557163920 707934580 457724113 335146170 465132586 719463078 611978286 548500804 740302464 869009409 488635711 424730312 833007560 570565626 527561508 886575883 876649304 878425504 600281521 380340928 518909246 743939140 780954927 355032516 481897324 477688342 413478600 589762434 265108836 539110425 772017497 349441157 81544799 330775116 643573125 690245529 704635642 635365699 374266699 372230117 677688695 409877599 122593840 387978036 476435402 603685466 897281946 623844416 495641935 482840530 549124407 590322957 558039989 692324609 655170095 745183292 408112295 164816263 386312061 255791274 33182370 270761174 425085768 361063464 440133609 652621761 458730315 395479383 751737788 475442308 525784277 714647916 305075417 167056611 403009250 350004771 172904389 397247075 580580244 727123541 434384644 80116458 499943293 541904860 230813543 415986309 538439717 701090413 873681402 475491800 69952643
100
139037966 0 321145488 796031812 672450804 461021721 587170262 755938100 610529526 490598969 589622248 633227428 717643564 450941891 481305942 585570090 406675021 599353159 874996487 716927646 288869025 245927973 618130752 811152940 453366621 121875040 505241923 774713089 560088050 450654815 339894126 352702624 632274852 848980801 723382432 676815481 412870753 354808840 603149238 500512052 450962656 720123779 857172637 755202188 781522250 523400400 514275192 549096885 346613034 312983603 614770212 938682119 620369380 471309517 611883022 333810441 37370746 301119454 745413544 530593335 99225477 217993178 322048123 241967677 556042561 709753174 631329127 391243675 214921517 387974068 333622535 309866749 548409216 434663905 439499893 422191644 422030182 374743100 16780097 57355656 489688943 562735643 390645718 462606504 532079902 773289596 595650524 509787822 744447245 753623239 839976603 510799103 115837977 502225370 800206266 580956041 536578361 479863599 400528212 260992331
96
446170519 765168658 119330186 313404473 660555687 957573097 779146619 2268880 259206738 344633902 827246259 190438844 85984335 149218262 710479065 246673586 877209781 254153692 896910837 228677193 116645263 88120250 387347845 685507414 340688851 605353188 577495678 912401395 41530168 189142761 63046570 271391877 565198256 469524390 52981313 824996566 257644880 68073753 408198850 786722818 107291489 650089104 164231452 288408424 352365554 858529 91869060 185476185 772941741 621478071 395263212 101090625 213128648 9205140 301033703 960217262 348872779 948798303 636922148 1495187 61607306 258899522 828765787 649091463 636637277 944536274 25795679 127488465 288526491 185484606 27600298 362241125 394750466 524885173 568599365 451219865 944002131 442759369 158244546 331934036 190676964 27513156 763130018 515811252 708355230 912217339 176539450 987170647 552603669 846773833 90822943 709959068 550818826 146318470 236079282 504837777
96
284808582 540978023 541793112 343106263 231936781 608067121 621074382 677061059 742680492 652673882 771740724 826513678 457142330 41539934 75153264 369190638 724051962 820000057 872862283 607003992 410810000 383363844 621626472 622021922 293996969 472155917 311748442 238156831 441558241 563350503 726649043 695927693 455286847 311893271 283239820 448454687 536420991 269870914 533153551 459004935 385588573 406643019 489932223 566859793 330861473 374428086 178100575 312804302 535181123 622778572 469793901 244014460 219291993 97151032 418647890 830518593 494076720 189973574 402697653 717783330 735677946 586114142 699766533 846770575 931542739 974053488 619975547 241768353 423725644 317071817 288447946 747603533 528148567 346807462 609811041 327679516 174059688 232255108 339093797 623117177 555752617 281694226 491802788 424735586 3417946 295189197 495905939 598340287 885424857 655844155 264480201 316786306 359151244 406781666 315051381 47240314
96
583337450 621197362 805084879 605822868 821803084 668355175 196191404 746233561 701443266 215417208 201536156 329482293 525306950 554563099 216354261 134611141 931395879 19939968 524699749 610651721 934665358 164630015 715401468 160170439 855287238 786351928 674333140 324512173 195258017 524075659 218700768 36913962 868304782 379716339 731094248 802143494 627888041 335971630 569403690 552822093 753395408 271859954 346413939 251084712 750908774 344523821 230034845 580230911 332880083 753869782 502510460 564808229 621802432 988100913 559093797 55097296 216843068 988542005 167871703 410577948 36392828 795638313 956865821 510973396 910130674 983691736 426853315 858477211 259684736 49381691 378760260 624122748 692754379 583622477 399583020 830157475 254417300 760803749 933889745 418667924 830285188 190377366 316315227 872675722 143131433 328182504 25789409 152969387 270830373 792573696 797717734 494647041 52557304 888291925 970799437 140439459
98
317266149 415259489 65572039 166688033 90235889 687879056 932773287 858818340 23505867 527762625 211289357 899999581 871010010 400096863 653478284 805863606 125092577 572791760 498653979 880674218 408188268 248475932 611276704 604270290 812806653 918127442 241161981 272545948 383841178 950703834 792914653 767051511 671959154 789973387 13169427 636721583 365260172 414366690 570251207 372943487 241992618 257563057 773898245 955624985 48717007 973496573 126604961 800519503 909400218 180816714 2924957 363981692 650073101 712007488 334727426 116350396 889331813 496255987 705870669 142982925 401687876 178229675 173011738 271392857 878841713 410969181 444449356 991642315 625121103 382404271 124796789 438712131 158540312 471078907 123571019 679229251 22704462 202037829 266511812 605333350 226754719 450718293 770416725 508880961 359257339 737928528 951916651 688914050 863721500 707321412 916352026 803707045 170572605 424176241 985715935 732456096 157577427 893302867
92
619295521 636021812 252539074 255355120 894022098 612058336 355327286 80128103 241314457 604835483 850311972 405607085 192780493 267063468 491382835 459651938 519289341 736222953 847410571 603887297 12680887 623322356 205355198 909332947 461547931 575967504 871238577 580005429 793885347 586779972 527538231 301598234 93767605 515368476 32570112 880821322 951086995 39347160 709479442 235525956 599652667 518843425 343012763 606377124 759405188 808534285 623953866 878789503 77624588 678058938 242255008 910672281 605348924 170241041 82519201 802528624 435795137 45070253 113515514 117594784 761272491 37999423 463658136 745303554 476905786 585934420 600470255 397959077 646837473 452545549 522184046 857898767 110659490 477916281 181699096 943447311 623640675 234609996 407844602 435826179 16786467 520966947 72332895 851388412 74178718 391033012 882902517 252370930 110061807 337388162 58146835 110794875
100
719747441 0 129840389 385495274 483255896 282191722 368798550 780700267 916685256 881800645 618412537 469026981 509507452 286546061 312964303 291372077 64414781 127971326 372597085 339947375 113082636 334756394 581233510 395393704 423560250 566296505 285157336 63597237 67039085 507419574 939873119 596228938 155450680 34898932 108595046 401609415 547249452 312321370 415673533 683984937 524647960 355934342 634752877 797953070 470702523 403449222 724443700 675889258 464867446 726811245 522208784 129721456 352985353 392490575 133965325 419179661 407130566 356636193 697480310 460806462 440404993 433540830 250956148 576036424 666232784 290214673 452012374 784961196 417675236 306275746 622249834 403588309 146717512 144318800 106310002 74283552 98963287 458463485 479453682 110858276 165359666 219504100 350990892 544786523 590766200 753674789 774633506 590527277 652463997 671975494 392382654 295307868 631336867 810377203 349542594 397782787 516235064 514486313 391246684 1115853
94
45291898 501987015 954390330 582481602 326989463 501897794 355175187 133768711 262481797 423561233 363933192 323279942 571353255 798310530 448380057 244635343 218850544 232331171 506951866 412632296 129310710 50766615 502588023 769415787 486248378 656337286 659659106 265091603 315585278 531515770 531455365 366247004 625394303 819313140 651927040 398090936 267977163 548678602 585912315 706423981 668524448 547823354 762284519 572562774 224860347 152434679 305420702 618025644 841346936 537823627 456795308 663879656 595945212 491499814 613324433 562410971 597871381 927791965 850487454 767303787 902164492 824602196 749164726 695626409 678243847 520251474 332228980 385638737 361804339 285625029 191197792 566146537 596370246 524961273 523482753 266261709 354478545 562890781 686831224 712769726 534235497 280037219 529326899 617573297 398242804 354071497 197505702 124273232 511862460 460948203 329464703 388359344 498040302 423002026
100
790109113 0 138106602 208763276 300110043 386123143 242577704 536208281 621534498 527705422 367279800 309219413 770941234 573774282 573906854 623263305 305510961 465180181 739842142 758475620 760499934 617625170 533306333 744110265 599830500 266724366 450845352 674398261 621775735 603691769 659787076 479374313 441638646 494483330 201886533 418216210 789317177 755216829 350032369 61874569 307504544 329369787 200504788 321807208 343380271 337399534 517414512 595708290 585612317 754669971 826356393 721506596 451978879 530184416 878113206 909930188 569197907 420529620 445389142 298539652 527467523 478023195 248156782 455195097 724142003 661573097 287927100 257508509 195135436 155719372 278153361 607568236 781549154 528807646 529115317 417876589 453371529 720251700 467447835 433860717 462824817 398611029 738335910 587137299 437554713 609070119 567308476 259458816 328459959 491131916 379137445 241639627 122781697 554937717 811375020 806756781 527496676 564599288 891669420 399791608
94
376170745 708968156 730270765 433583670 400929019 798341567 949911214 996388772 527971827 319957930 436672901 435732944 638608910 485854901 370864391 255315651 198730590 516368501 705364823 597356844 722793188 884941795 410477036 398421631 471343063 283951336 392769793 704552967 933049202 882499080 582343728 247564429 446436410 530188361 319996815 476895879 688778943 839657396 654672973 504091678 789898792 693303401 465997893 680325073 906877230 825101629 791380522 637611977 731493817 789913228 475463757 265436260 515761502 546162280 562911975 850987685 546795492 450288955 333712402 189908357 264279028 245178648 413040880 726343608 884580199 725187388 479755621 626937975 706924059 717574211 708850308 466730549 687705980 573400224 146450944 280943201 711225222 762160744 431185614 591032997 732242642 509442367 699892627 495551101 319559117 434486654 607007092 707340353 667192379 578530257 164796865 65144068 158128025 125609642
94
205905462 690534619 870707843 432166712 447964310 579140215 646747244 671569806 427895412 254109047 253437094 227144766 408271150 678394350 467831515 201330529 584482471 842513119 907705862 719379443 747426226 917947648 665216263 675362898 602435092 658621024 851404837 638877094 672485080 983671451 987937782 650086901 709675600 726355670 503193663 802791505 856698708 582074684 607093635 621423734 362408845 549447909 964979555 891554970 497913951 356344097 779542272 871910874 437469179 437898641 396372966 388866566 561500864 835464919 726657473 393041040 332802624 527328636 699573398 557530444 445250605 432675465 555897707 704643298 607771259 428370374 397007400 493055637 490899889 377995537 495398710 627896716 548200578 777514416 706391310 388936143 745883120 744716674 379455058 502808085 957788611 891895974 856839991 986646438 954888432 814322598 633198733 488643806 377337338 350192480 620314894 957092706 885120316 511090669
98
256498134 487107436 676027911 699573031 438596180 584063402 488900468 126735410 442758012 694994136 536834149 670609910 719828539 534423882 367724713 572181102 737332216 374080708 287642653 365671887 357442307 633314481 693383693 324988110 344693691 731338475 678136989 383874840 600574128 523076416 342506858 683817647 586521623 538237240 634108686 317888935 336403338 572251215 725934585 518939297 569059940 714981007 559356970 664051851 601489037 395449091 544667269 591975350 650283905 892148971 867478535 515560148 213028201 239520912 453010547 564995124 685824829 777015055 735085791 623832505 313285859 341010176 416865922 330222902 366658677 497203080 476376895 301024241 189935362 511076923 674752885 433976583 394324379 239586461 131622643 225028026 334205179 323394358 217461154 536787026 801444467 672298213 667982649 856207037 759223506 719073782 914824264 907182659 891551204 706532257 633843388 456621808 318579221 396403696 435123812 717213470 514651203 96306294
94
202325769 210843467 556799105 935748727 867727621 775362857 404649362 335114051 523781266 794546869 958848514 599172943 237931425 316055167 620545909 874847694 957951971 612393297 615321538 677311378 338095650 370717347 661897447 579701766 272369530 361426464 523765928 430380678 554352506 583091970 444607553 352227609 625905918 625539871 157398248 194573680 180357001 233967362 530935035 657925204 551709244 571210114 652616189 621347809 363787371 325259703 786406075 747144204 393791612 521709068 728729230 680960184 412848307 622026138 624136164 231878614 566462673 960176232 998305123 575824610 296542928 360624909 249468020 401916635 421655485 435509086 606674628 333516332 429058807 782804855 578179559 213682199 442016431 631708183 731572667 545470780 301551326 674829602 635144480 353517515 638937827 942401414 949298959 669598437 568061815 685215347 592762247 713306064 661944591 575743168 696202903 489507626 142812006 68406734
92
232753267 688451963 716379610 471592548 603738210 694195732 588955718 417292031 267887811 146463806 459489336 622533639 398122728 538811523 538225910 531101454 478403392 642950506 991748445 710543736 630061634 710160931 382002986 417455014 364062921 425404376 840776081 490282340 288326246 499892207 382490962 327525906 288338964 225200587 579561662 882143978 818602166 661075612 608638188 468670879 276312366 558903015 905049442 583224656 118830222 84100441 180894159 524110460 426039566 389230512 567022076 250015678 253913093 573364263 544403303 226089031 76876123 508135271 718705679 739340471 680297017 607904149 455660206 365534281 399810046 460603031 772687139 623221791 409093230 366458639 560044211 767397761 789706728 890719488 631570325 612767904 844871516 409030415 502493361 619166108 512442383 815195789 869177951 803835009 609207723 673513115 553963852 308477980 370332700 211196694 565848442 510534376
96
529494048 952635821 553015981 558220076 758787603 651351133 686062800 589503377 354970742 553650858 940185656 876681916 487453705 336605704 563251218 641005514 683934763 544893676 444505742 512764024 702161835 795411502 832827240 757454199 318336152 385152174 730754936 493673596 494570052 604729575 546425900 543615281 477031073 458822104 460410642 536757847 601062809 586764150 592099634 692078651 538838798 644917666 874367799 710871196 697831966 867539807 740275695 516342491 561043287 652993984 425385988 331814780 419537825 396193644 601421648 609899644 345173911 277209544 624003122 908752653 886838647 522658528 306676059 603210132 847902618 841318693 759321178 559718776 432225411 549432790 616589631 587377382 670776492 795360600 858006227 690313780 718475067 729037143 638499416 687541776 563576899 456222087 558866951 762975390 604228288 517124309 571266994 670097476 791821919 641266145 323122957 252595033 601166445 956125817 907223188 431124513
98
361275242 0 107236692 460647174 707694450 384234215 473543126 792011423 364269025 144076907 236316336 321711631 493450439 438507690 213687987 298596768 309104394 503766855 611080743 504534711 617127740 558523872 494480855 580407555 369983183 91765048 255225225 588678969 416806605 272994841 627465127 827964361 696095050 611040048 722964315 522646346 446276687 416308582 499322334 395853226 274823429 382443935 287181111 469618883 405588347 292832010 602244613 798503435 736028473 398733838 253298487 422751703 369655667 191211522 517543857 700244145 745557063 855209702 519473598 394464977 703061769 737620326 668020630 825517070 818151935 676758601 789686038 623490382 215986973 233361889 596169733 690063841 256780979 22343712 114923501 244685910 310065939 665100251 607038163 415855499 543622374 729467167 522607518 236235795 435415992 676545020 734770085 762572476 657811196 619435773 530485067 276097752 207112458 326136496 696107833 890440764 508517508 17847553
94
145119400 277560185 512881468 497844351 520847228 840125762 590515392 269177556 243731829 518174315 687527446 574021947 500636239 320601278 212728706 162840214 222686803 368572187 261820976 231587367 216641678 98395352 283850881 731620614 890728184 671978989 356335675 552492424 540968094 300548835 495472938 617353130 713810690 452458835 360449794 563602078 318032780 217983530 381375665 383050938 389430956 214919090 230528551 424201091 542067135 789955149 736150480 769617121 954474826 682158040 654750707 507227957 140758297 255385185 253525145 390357296 549076052 550180702 762666544 747874225 367485085 371660133 733423880 698180752 383785936 160119787 319428455 347408110 467706286 734858123 738666760 824011075 646527224 236773272 466889051 602774859 455233099 764241982 842550728 430493769 301975298 301168956 189744367 535383686 516545708 183968668 405756700 725882726 719627069 796587522 658595364 286879698 161574395 62847103
96
377914393 913419079 140691216 288001119 856832506 204228756 68426145 49937985 676030060 208253365 375501748 70454555 660005130 665318403 155449924 386383979 167145318 139892397 531768302 191663270 285535486 276958566 762944606 254268372 212038106 238930052 44244914 53159824 134326722 64605508 598956679 974968524 237068719 306179568 666066617 434008137 403448715 455323787 333664697 658747321 833418420 878513768 404683476 14081167 994912362 577959733 175848077 193599207 501846124 478586354 877822936 118596101 336709209 908031786 630136127 188483526 185193527 389499867 176631204 54741624 230657577 873131012 595718312 198883851 180954552 456470875 773146795 811576959 651017350 817876870 374408426 13321473 849670711 182505586 232235310 35501117 193214473 228242114 550313276 801274136 436404057 733779542 196893518 123741784 943038317 593029968 987617459 610070454 668878853 94838561 101041458 193086033 11495662 61919695 42978631 895687142
94
63857678 74523299 270800259 155111194 199512037 672587861 29254154 900200520 70667584 151939117 52899809 657737254 695656587 104069123 341600942 35450031 663500549 750937779 818969755 46801804 743851929 453996782 98702113 192350849 728056221 53256418 134571924 463050810 266839853 664501132 358251994 832662895 85880301 970610745 922739186 780115251 170951950 324186874 854046928 262744255 647216647 222599405 801736302 507705782 203010457 758101444 652264099 451754810 563477716 632998283 659179832 446529067 309041255 69771108 740218267 157739624 62585986 21950128 181164371 899200565 6285637 429442276 970585495 576583086 94547343 820795394 862155019 465433988 836961312 663127877 30948957 371164671 757653639 807758906 295823041 839031158 975686557 602464864 826577770 480765617 368575665 28870830 417699496 122694614 802502133 279898164 56261198 703070228 155954907 834379420 141088167 195010187 776512693 453181837
94
123212618 159866109 392453097 678753308 409597613 383044964 514474248 511723652 696349457 697679405 752337414 813229039 632938214 644039628 897824885 545697989 545175848 927403088 772890881 501916000 276935723 622754117 586515181 256186732 693572187 840051598 773795699 616494808 666456669 904125792 779850062 633666746 662840910 633275480 411206798 626988495 709135366 617639389 706640560 417820330 156948388 271315706 236612082 466934073 613907908 421979191 714263386 910702055 630136334 709164300 588599699 230007993 424309676 615747616 365537463 335661427 612152171 657707247 599821353 329139073 498217041 478690567 299570969 296404274 330963691 583336234 634633535 653268782 697464205 707062458 669076022 519846879 286563183 159268225 313331534 414203957 269112168 365330028 731151194 994976957 808434430 462813256 612405429 652602087 515462316 516302757 264633677 237341705 377644214 274468403 345498858 556853890 665188061 412356608
94
349261943 490992540 218068921 170799073 356176796 540360104 421357657 630101671 558188458 287786884 252329777 193917807 190157787 395689964 610975292 440469357 287081202 271577082 272751497 306433281 629583871 876890141 778446645 764231524 651444147 449673824 375683746 343818255 291150675 203252356 163384971 429250406 397105658 505924117 554774271 395094581 554512770 391832320 190544406 245887119 379413287 178799784 509006367 682728343 226450158 438427535 720733182 671089739 578914499 672901646 665009481 550128270 521411388 526471927 834355765 921075302 942878185 899750589 885858987 542645127 294549909 636916296 664065519 378783484 358896217 302970483 155726954 394070779 474317655 476561851 668607317 781778245 679968658 501167887 703557404 969590016 967398490 950104095 656708577 283091331 361970711 644852298 481130367 431726535 593155198 350152398 562572455 945410265 499218045 375281350 638786630 565778009 399493107 120899012
92
83696899 247673903 464083673 583184576 649128859 739854643 489244130 287144863 333370269 533294882 543851745 657118431 743149403 356633563 333443951 650142497 773404319 790506197 689859930 456991341 213159363 148293506 265161632 518997618 671448875 768518715 811774455 400731190 389330874 366956422 350422035 320130305 404528791 569734558 503244159 379477751 179352693 227971802 483870610 814428101 935752726 705793537 346668152 273613520 577229913 689126210 328664131 172616482 378295627 421642843 155126358 503177138 570249943 267017215 594930330 745870400 683983391 629136447 305048266 520713683 520134683 492194812 650834487 294045148 396196503 368620864 577538082 987207375 554255325 505624685 484470906 425698427 592992395 601664378 620621455 273801866 303168188 393003302 499736757 819937612 547839734 314362782 704529689 562548616 391736770 340152315 282322107 628895240 655914231 379924178 419215839 318808714
94
519494775 716299756 608559504 465167531 343971609 687121148 861310622 516678742 538094793 815904507 690654502 782851394 897911788 971694125 792808286 452228833 260181207 249360299 615641995 500610227 119852628 350394936 737858814 542921748 584677140 553328265 427941767 667311462 702183351 800267521 509506090 226387759 567661251 909273844 816573291 831018594 970213792 540765953 342092115 704118189 902912696 892313335 542456589 295839309 349633142 630744998 719504199 507709580 474165768 324665642 199908202 404776484 386564001 483108348 540288889 461876676 776388935 884027008 867626529 988749249 969941644 515495853 397010804 394185995 185836938 159357233 419502562 895864136 846695088 567460887 326895528 528407829 834982703 615086387 220811268 270868519 318949899 174371809 587416083 578483341 408653120 580401763 463121664 544349852 810066847 586230393 231244579 312655372 639927545 587991320 492122617 761921865 585882675 175051818
96
294135004 0 17282121 82071241 229185867 641657924 537927388 512600314 605031724 499668904 443323432 275517035 438310128 493338898 725810804 602680697 381055668 617261544 510557049 344025142 197802027 85045477 186154666 379068304 407656796 521758214 786804635 767175942 653622756 451282677 612881296 738322964 362617971 304943864 542104610 779950845 596497065 581648200 737100880 661133994 622822806 338970750 428720317 378240113 455100182 675565700 641161174 449517665 529355506 654730994 676184802 717940370 307334784 179222423 273934632 257581676 311954103 450566657 410430824 242855135 272689040 416822354 512090408 532323047 313103702 309632671 408668665 681476555 505497201 246743100 404408275 345200928 598056671 627064530 599655442 444309604 400372820 658797719 329848175 107234794 561540711 958979744 514452728 205464871 406977200 605490017 659716707 625283080 369646661 453516155 656462949 547453102 757926770 866149568 907868862 491423498
96
548897156 933240282 597667736 682918294 640336450 280919628 341755409 312312356 489136309 782463993 680164031 580976899 747181750 909081226 869046110 643520884 571626285 845122933 898721291 704301492 539948122 730694933 926260459 461863220 435483475 529913191 641482525 755736840 756197987 850923159 421676961 171552204 380297205 464068260 481154547 452247538 282040195 434156610 794504925 970848915 599778287 580717283 552609949 383086222 649688164 662543388 501829962 707495995 671522746 426078264 714363969 814170704 665524218 514195072 457409189 750481800 945673989 776631627 564868942 608426740 472132050 418848160 537737556 251989008 518693735 581238599 445118640 382288229 337997069 429403345 401723791 790775004 986737316 732743433 401154934 494993683 824442364 944640403 606656308 296277157 633437050 662228676 472054816 461297838 362450909 297507589 612019718 643380186 391408274 462024580 543057181 755770966 847271090 655025878 680882238 460700696
94
219016008 0 139844492 272754719 299969240 351904533 321811949 469587432 467914826 278230016 446183428 618622879 397119003 111485995 414248099 652773152 656533546 662431828 559925161 702193628 718204648 668532380 566489561 273171930 205404027 627497917 499157951 244948183 706535723 738149736 327487124 497250155 638286550 261701830 433140067 608737343 366894996 308343084 536593763 475456042 369465522 611375698 575298814 373397556 539294888 576794291 628402076 476800445 248822481 518164422 469811666 594142546 491809298 198681998 277656451 519195940 452050324 327586099 677625817 703864241 505785434 492195442 591912827 770249445 891364520 833852437 725143814 805256596 574994682 117833554 435788659 714189271 304319981 393913108 399352801 76206662 386945014 404974636 555633082 722711324 345209130 544525812 784613829 462720027 131372444 378693638 496650771 296877744 202400253 418317378 788991132 418199130 354009979 331977621
96
947851961 987528695 292133790 118678812 268759496 270161618 989036827 2640218 991656185 591012251 772595845 221021159 232369654 218744155 450784230 926232289 242942286 233565354 899009326 261604832 359348545 552548828 939004003 819311185 125743723 464849347 914074049 673062428 174731440 340409100 27196854 870751598 613394733 309440148 597336580 672069327 368365339 702699151 767079568 128731177 65422766 968003484 18002967 54826196 815793221 647578019 50357579 795153508 373704069 235822511 120075047 81678546 329394023 223999487 328899278 921637032 768046583 41893466 570180419 36851072 648263568 81105754 464297631 227462863 237708987 98736610 776869142 468154229 283930961 390628079 999556850 740773281 254633004 60700659 606887512 955709979 879235318 997335845 649638850 660935206 848249001 34611792 365128227 487591439 388093664 621409964 232172068 962085029 480364525 217212216 143861764 88555724 593731269 988099695 880697657 28710893
98
222996909 536773806 359552033 155937992 146207795 145192235 573889789 682535666 624158765 690772016 516211094 710697066 806592273 490526849 301629734 327396315 318086491 212811057 334930837 390538946 289075068 203248036 567529891 877422763 633605391 611774624 379068496 153958371 551212276 828715112 857987561 816847593 550884793 541576629 512944479 411075109 768881725 650630168 643708736 852852446 708592085 753071986 494881933 462195043 496086003 521038570 786791994 649068698 473330945 331866912 534096224 819317663 579082445 290585758 124055337 270100050 550963908 370200934 491919369 861054146 678832877 332050115 198061726 328777303 512975600 457698427 622027551 549232406 436865822 823821872 523525114 268410007 448122374 271483016 327834401 307078405 160699867 522359338 842226667 528387648 537320209 491664475 318737280 611690631 770265036 828861134 631455034 453230178 623494886 715269851 494337723 673993597 920712592 787744045 581954971 498111403 433454973 192212672
96
347906327 448350234 341236749 426565002 194548680 449424951 606460531 463585843 775558425 589111914 294382399 475382846 541563331 300251205 162308035 393501234 579173808 770057783 601112265 526113850 504747322 152109088 123981767 161345644 128719771 438524342 674318540 520990609 587436573 702049532 650964655 389004763 239704657 408120929 482198145 474194059 401339416 601314972 781422581 581865162 448580479 569766227 752220948 788924047 625874545 532959728 484438571 245871986 354937967 731146309 581665256 369951185 308902050 344886758 552140879 757898746 581231503 244554907 234856138 350489706 652688414 693601023 492402946 235254838 358466394 421171773 529600489 556750342 452234353 636412889 784014685 907034111 889618215 526808983 250633132 599778736 612980438 500194578 732086452 854910894 552990297 456544983 832414460 545866646 138169582 508441478 742036246 513722706 271490027 485620809 514229790 503633839 741610779 582485271 301594768 56646320
94
529240194 883711322 629326923 412762560 180238334 104143614 161808869 264000470 671808556 521016742 103964668 232112766 291454124 192851536 418535963 418093580 162719309 204615543 482456159 828240673 855935650 721598485 566940519 617958177 688139763 511242758 380614568 571315178 424636068 152785385 317918586 543616998 730496360 492788093 309634231 646024446 645836853 533746663 422873275 206079448 123390052 96205270 553084679 731813765 447976578 469211022 770520644 710673368 253977532 432938186 662114163 328080296 169552874 379656400 395811739 582681179 786497677 640805030 532790062 395114159 236127671 82863902 93567838 166140957 241684058 220417649 341155103 306212932 203119908 542201225 747806751 740707047 876970353 962646621 909326196 942159051 927018376 928221187 807678705 546994568 646051382 857108223 925012170 779921686 708716995 713467394 730645705 911755542 709913349 313069673 324468399 587535763 772641006 444892405
92
296109120 538617819 698931145 618063042 488812878 340004269 198585444 314028840 160562701 349288201 356153688 332095775 421870227 264665010 601983290 569931914 588639692 972157903 638770654 644475989 518477873 209349547 229117493 435737426 555129658 334611615 379915165 399730609 288241777 511152838 733288270 704253163 436219901 460904494 888006914 516733442 242423019 327893964 555179808 471707749 208024279 343781590 631800910 575069829 216063829 384868940 571147352 365839685 252737259 527906701 555395640 431196439 675884844 757752735 578417260 610198765 409055686 293169878 687098365 504166499 235462724 212465205 70146980 202160558 173642268 116529587 437660960 662434811 510996938 310247586 415471081 389702650 313050063 603656537 444436697 131507610 478264378 729203418 588822779 512872346 466001699 615880489 716502510 757872554 623568848 632505099 947247327 650852269 487854612 405082836 247583396 176429176
96
340897582 496666218 239753155 356678080 603353310 599125419 423909817 293055005 385903633 383562882 403911421 639106596 381274573 125255717 523215597 882143404 739175677 344550734 400338250 794302445 859415448 539019293 577952034 806564110 770587832 766994940 859694744 784812350 582958540 677920093 616945099 260714783 374975205 774523694 528880968 535919469 936466355 845494160 750191999 842191956 756552288 565262319 535132506 405798613 136868099 385274225 626903331 440003841 194183270 187329724 403107224 330764729 452378664 647478778 318272008 476602779 493993122 455585728 527644105 410445491 609991677 409809513 343927121 507233762 723502026 563508032 231252697 508730877 624042062 414474306 337075952 269042500 236805073 340119066 560216997 650353719 331168498 287020685 746604076 913194940 715106308 400829952 164305423 208220034 251261459 162313373 539730345 880607690 503394510 342945650 431416955 541972660 799619135 922725574 763385894 281392156
98
623955656 0 430174410 830718414 881984145 691442847 651496075 495362350 334991404 409266849 460769842 818986936 630482378 195440324 381372830 390889435 124662760 405321724 428167867 249521726 638900307 584411690 322504729 648219868 546488254 255721529 320833917 223624457 531025588 555360352 164458156 332451750 507504479 480084373 508893298 492574309 456679201 692732702 574714973 330201481 569994522 687827244 417112881 413765884 787379918 758142965 455554790 339724063 226981276 195545114 441737063 516063796 237934595 357326324 534324165 344973987 399795602 756346327 703829747 475453700 720293331 543626056 441742437 630469663 526239143 635970724 876677285 530154118 46759514 488907477 898517716 457095022 122066634 260046932 550119654 788210975 560449219 266792500 304548361 537116686 801278398 613628384 173085471 236175014 254386726 203557843 230619153 229814988 432344696 276698818 150067940 189513487 155116718 588469332 581713488 378169409 662381345 377236453
94
955282595 134627021 88532018 714630488 497066134 784954903 228376088 291031968 644973013 262169007 827367418 414120590 274328160 428993840 897308988 235695567 544131809 954846125 434971526 340895544 860752921 339876212 147521429 389794604 801776677 347288461 66317117 961554621 9890558 518038519 698751425 239551908 388302338 399498585 708952710 37483470 961460166 907293960 839065763 612989736 216458210 568844623 551602370 208501033 410381399 369235226 527368084 73662329 162117048 635337862 242703726 752657808 286935942 225007148 826465408 705146375 252952690 273831702 885428752 219280917 274228581 114107157 555728980 11581172 700735113 75704605 625316091 512759837 139613984 59276663 259819615 926274120 965347934 576782081 241216746 740500472 870570861 733677671 955452595 89829841 893780764 308614538 252663467 234822886 377289548 25500599 267035439 456111162 198529303 743069898 517676862 777062695 974445441 79676509
94
292659694 572444033 411238451 262828358 228585791 114637479 256861693 338481256 391636258 348915706 209892988 178096566 104444131 486435843 640413782 370892388 262271738 218815390 398153283 695867450 460447061 208580607 484473471 511513312 391325781 408398941 241981969 188789210 597288011 504771152 226785133 466718859 631306905 790761916 532237440 403273843 822508057 607935069 172984712 368823246 324715965 186875245 194565225 371497028 442372718 227906364 592808384 571073746 157250025 479049099 944923464 852177470 667362216 562066631 397285219 185310253 300067228 543892671 764919155 594091287 362612626 436852480 568736413 533195963 422037384 665432900 794064211 856537860 489220420 258213759 636128518 780897531 803684030 665049691 688134410 637872162 386390134 342607714 431041439 358566864 515193193 560732793 348489870 716034318 528905098 492140155 641950832 314830194 467295346 529262804 530389770 800214168 680463019 269140887
96
207531520 380445236 496876988 382139226 95165243 517417965 613635227 266395848 209647338 338084941 667423179 880446880 592141119 343619171 613279887 639319591 633554914 532572321 414832538 554125507 457350260 498520415 665387450 483720722 453708301 635408763 565579900 378214731 460243067 549867262 461138961 443873120 539268766 674508789 483086223 168835556 488179447 694649032 546502945 561392425 344034801 111830426 215481992 684670134 666772941 428930380 708541238 920741156 867977802 667535356 678143336 544978613 408280826 664309370 680982727 384292256 476152642 692950068 373761141 207935635 186618032 270073004 537786337 361496054 408633538 738167002 825272967 723920686 312792224 79734230 121710937 169330338 195060331 263006923 556976671 469394234 446004224 406261987 397915373 368421269 101494351 477359180 749583566 860486876 751953452 306701645 433095467 872077147 988142568 705019996 684994146 642901035 631117564 770639966 517180705 214272705
94
425998882 490145659 326102923 372855587 318114838 668260636 937106842 650271759 550817442 672972491 349951751 352300143 549022002 470395976 268899443 219645552 293819886 321021174 709358761 610868637 240484654 362028595 510868994 448040877 242015920 266973834 624227422 836379358 585212138 642743249 538602104 167412371 563303441 625464965 188672632 316859636 558425516 468572162 457834599 351861416 293050436 632533156 925860775 667712652 418559292 489631419 637980732 551109930 475791007 520704556 427297025 449944248 615385136 837582192 542512724 575112091 768367794 321684629 440191477 512044106 353264638 362438902 417951691 654869642 832711070 514935895 395396097 809297104 858137040 918066286 793811811 491560242 360333553 586013386 752227978 612955371 721566076 484642529 245994915 672960546 661408370 294486188 377117728 413245627 190630781 97057522 170044725 306120497 413848840 653137313 707628597 360237888 389893377 320645881
94
300787575 0 472032657 943032566 799615902 786280715 946100155 578621684 516947230 456428565 338814838 525019110 329701153 359114890 443520970 200465395 67984360 492868472 428555905 165476295 511809854 499474144 536504429 824029011 869323868 589328018 625154347 746319319 355017646 88954433 356834425 661044953 660359756 555189326 583536000 547227170 194120267 143838889 211830252 392492628 731758165 463020699 448298955 441157561 467559276 447809035 232427846 388604479 471283882 600416073 346745971 50375240 116344667 433721163 385804162 385109476 384739761 94390613 498733703 751939230 431101111 579706084 554017049 575308517 825870898 406955799 349143136 767847640 848465698 803891284 827466949 475950334 88914649 224492788 668700011 637214495 461916709 796002753 526712969 114584116 94046080 508756707 954600644 945939415 623291853 264624823 422284710 767562070 477806079 20844126 255969424 386229383 348534506 202643391
94
315336656 353481418 297814508 507880454 561800338 412012495 477966036 790135677 601018966 440708082 489392216 321654871 504758742 812725623 475038072 576188412 668485942 600686115 886291919 651616639 413115894 275065425 319426513 492019572 698804856 842508008 573296195 237790540 184344568 648966247 788363155 655588379 528034868 433304054 488640854 667258661 646160410 220355190 156464551 360784607 268885479 130981757 91220346 289701399 302011047 354152667 757825932 824037444 841343870 498894185 292954403 543944357 608210217 345616399 420200383 370011987 396702248 800622402 492252320 544683898 799126992 419941562 368524953 461247841 326385385 439673410 737593433 814531958 751710982 723283631 463500627 415820120 460617321 402374261 245086304 23780053 193237106 319208277 487017950 722247984 396804354 443528080 597556333 285778966 182800235 576784239 636587155 297782195 556808997 418793390 273291081 382811242 514296336 386142875
96
312957674 608202153 705134349 717340704 535462832 714397589 991676170 703049417 241537756 444086715 733058574 538444893 341616549 293568518 599529897 468392442 411925166 803989263 774805582 472645948 196718531 329817195 300974504 485598804 955069838 636938365 162923531 328332389 462754661 546476188 654006610 414448334 620960666 596168840 377286616 411080846 618143325 775623528 432884593 286032894 221429843 380746933 761760165 913487008 727049775 567963516 599757963 395575619 278164858 477542394 389611654 115547267 196432143 509698212 645242040 534810338 365316907 356423818 383536459 522645238 500509245 312526342 356714794 397809743 340938359 339111614 529009769 633791980 762323968 467053304 528371131 534641220 43029559 505984615 809241457 412807341 307734588 446171271 399636534 194244185 199104416 576284511 771797823 608444424 569790710 393101803 467304202 702637613 458036369 303526068 535698404 729225175 592978120 536164871 629219954 356567185
94
287258548 618230855 635639200 311302499 517852339 834431608 755430333 753755012 570625160 477037715 686205371 787644606 652591733 691162943 911524365 546144709 349289516 454986416 223830609 523647070 926428773 846167930 759152690 744042746 597669270 778252258 663451850 349629445 544075765 772319681 591770125 467149922 745421789 885434313 675322777 294502366 156326272 424004589 507793806 594829758 879820748 584993675 632602060 838795720 400444701 474350695 557126507 260165684 563487422 656750203 324990984 225351056 154618704 332124831 622116001 444802350 304486945 399631078 666768385 677074608 245751919 310753941 607642040 478954698 614194107 761222711 329682202 108857817 318222193 627076373 857807708 950367763 603899043 391937228 687278887 604591878 634199126 817705062 836714120 540171586 390089813 727293133 518817802 453288770 500478464 427740510 499264039 683100998 757038599 591761504 730628144 908624664 842732119 406398096
96
413784077 524328148 381817046 965829969 533097690 530831469 483082773 262719159 49525812 397735561 74048564 802823929 582129678 470265475 34599162 463285467 452966682 221299500 805142228 70644362 696749164 987038688 584526698 297025180 531308708 111289678 399963509 105514260 437788549 712516292 156697836 415880553 119131480 246194789 371638493 48226939 88532981 138549460 438062100 724500821 10254010 124628726 183939761 183166447 265948554 630200048 580647601 993324439 163398177 369272152 571260573 251108977 818558722 469170516 897261808 125345857 77750048 628177549 359609766 211148398 281099481 275217904 471051462 786491196 592842404 436996532 83384164 767246870 118704672 272690023 168917482 4314113 276896907 364527935 635346072 757517996 594254188 138037160 531310175 504839717 651310665 835724657 987872182 925979 541012681 270073300 465900133 711857783 998029460 754304706 629833235 982643478 791199227 748745738 318863911 359449284
96
234966314 258669743 166975420 295989176 651509464 930247792 860253425 466583734 295788840 492493787 629953459 649057997 710179436 532013786 181057878 557514269 739574508 311765440 420999654 475835492 600795126 697779528 595190163 455474585 555141017 743936639 320095697 321688560 723172817 880533753 732396475 571994096 536423264 451260528 373847877 493328408 552621595 404249729 252315390 194615311 233370337 203545485 175725765 354672835 292662224 290763228 626531510 700272731 561117545 733108302 814024772 551983305 709964548 838024073 731902435 805902398 852474138 891530290 846119294 452459994 316502613 708604856 529738244 386547642 404207162 443734230 441776650 344858900 330983943 269673647 502245250 535802203 303727848 291497526 397340032 372456571 432067461 365367464 606673641 977365679 752429455 773363062 749901165 468715390 349068572 399868128 682087168 630452018 391004803 498010324 623409434 794325060 887700883 535083741 267574075 142567351
98
344096950 634254340 395003963 346312375 311907927 548722977 785551812 676183517 674664849 621056873 770820782 602624395 426903875 445517208 311741357 442780200 809794113 552193467 127062111 461440329 616008139 406701087 685811492 847240656 445601695 274233674 644792311 662582441 673337697 742086238 672786921 694485797 438760291 369515017 326267098 276203293 546871038 892798557 762272288 754860563 532879257 531607172 745849638 462451329 607231191 494516578 596159624 858114985 500379677 231827507 401363434 731176843 694335138 472602169 700810899 811880742 715502946 487094783 168697993 256646229 690940891 611935516 246148345 434225422 781779416 820505057 754046323 743976068 343622183 285573261 487912954 355590245 259374141 634201323 902257635 864723347 897234587 570073604 485279722 811974037 908997317 851938019 456124710 193590967 628326984 660766152 380805454 722546991 769800068 443447266 504235519 734004774 573790371 468734598 404989186 353784093 351472602 109102833
96
547602289 602986919 611730036 25795015 2550002 176677154 692332887 423652490 173596552 540397016 635922419 735931081 623987300 117525689 616943837 766533557 327453260 643022635 110802388 977134334 856600851 668868161 118784346 245289600 315873807 341779164 838907278 128799287 102645324 753335913 80905561 504172603 617897515 940237601 452780540 894641537 841834071 203593281 966772270 889802852 576280895 295944715 22821231 666579700 733596277 669424974 735842523 91741544 382303608 290855200 225524763 225158791 716727560 978451846 547213645 894968079 916516413 817552002 202182573 269174925 141649987 413778192 348823586 635441873 480777911 451905226 448233967 763687238 404847598 965252820 432893771 110667114 910693906 180423451 493222693 957889702 493706112 696495722 558194909 467880052 318728897 787973610 443877575 966563479 97319925 270834221 728386881 865961788 655330990 646349300 410844648 775054566 238177604 144850818 897182990 203957611
96
133370671 0 118698921 205530146 497309307 460882085 181390965 515561474 568232118 299584885 609904890 869126355 389414354 372243643 765625835 658186792 577453311 437377672 117071637 212842863 349012517 317137150 628405979 745761518 662256077 869039026 832172119 676188214 561661838 500591719 286667736 208226111 330902981 592860420 638530422 445163214 384531856 388719206 721311071 684005078 390209949 255083003 123288647 477757172 731865666 604244686 584642353 254744447 434091975 599104898 485071624 564426388 422465308 223257681 386332079 480251125 380054995 373866248 181671593 278322514 428559395 307881730 594050612 984098879 650752694 608160367 518101748 110825707 209673180 372608838 264217004 310922620 514249548 266746647 183623277 341260102 318995370 275864521 157896848 72058285 376830566 511458588 504458094 435100943 492191888 456510243 412679439 802264660 520817089 98352441 455342892 536460036 477743600 782443512 464726873 42054388
94
111145213 495295484 815599149 249720326 258330566 427480142 252481832 368277988 726297461 213743073 340264512 496651142 473613010 806361135 22286045 980264443 261694040 120974460 80981729 943321354 788680592 495733948 932308815 784663135 271363717 281149928 601558836 564040932 846007889 707782816 262222783 740781568 418151663 526540420 281303884 424983177 353043652 193784369 800318355 250835611 839523023 384314998 130043443 82323455 572443436 758847953 185812150 602449385 102585551 374293160 536909400 573799301 435001429 675818914 375544676 263107088 778273339 982596194 93833460 761227757 17515141 191015284 67503160 133542005 102053002 25636705 732025232 49350072 492530215 29627758 846489311 209316612 236891993 638032971 143899957 922642999 876273468 501465855 6777975 281359574 293794319 517248334 109546282 12356039 347873785 743229267 257020307 677419186 291368066 209905566 770188329 665982212 848576674 803748666
96
137176221 0 229212402 323563348 180421279 469706929 533528443 490913957 634879111 592525920 654318352 649816373 756519210 490579648 294727595 378141597 260487455 287162471 423840638 444660676 543094213 726027765 827083206 885968950 633687180 338562293 495731387 444216519 331369789 562913264 589797753 607054449 654220272 488717858 286282496 404796816 428048403 595657194 462876224 480353110 554558340 408422666 694808869 703972323 462054748 586977719 627444220 308563088 221933302 366484878 480452219 663978562 608766372 536780845 615233497 647236246 810266752 723609765 765038416 501411948 246857124 452061582 656827248 569897192 579259156 615328838 295027821 245856451 504558325 728752871 438045765 209576422 611770487 571553853 477988928 595689707 387840812 477170479 610333815 398020947 286232730 353034576 426376621 304277449 472872352 850963211 475683807 195132793 480720601 491700157 545377856 551162246 629499348 717640489 506059746 255418245
94
111039677 18882668 488027462 902319264 510867566 583685042 956534479 526819103 830900518 921531636 873080749 91953623 711621914 939815369 929996636 716027099 680899617 471228211 245656714 603372295 437802854 282953372 120553570 308899532 436226599 145477737 325127871 662300467 500025124 924870313 860444846 46278457 297036310 222625674 277455813 248460275 294207437 520300507 533460369 15061142 357066521 78887137 195095795 292175594 519611948 789768558 611664377 207002838 487245150 464744085 856961814 526415388 245642475 808128956 697311901 163035411 844078163 907266262 39737652 783699058 995490746 410118842 720155798 736484412 977609691 904825418 722862214 197738427 131156537 413073236 530474080 83633326 617462329 222061585 857739851 54399032 233137214 421096339 18918507 880195109 534097878 982976365 172187691 153858200 21285380 685412307 10314100 536427421 33127362 789087051 459733347 589129314 973678860 700070445
94
141930918 633257183 831197596 683611379 862757415 878283392 451676256 338189677 603774690 598934998 738180779 539223983 241938152 425405827 365064982 363603461 350786790 237915451 517734951 883791854 705717345 512969538 471626196 613635387 712924497 568609070 798086083 757779280 520698713 589378304 715925616 617858648 513696496 759349628 668968810 596674399 625978225 433791445 674226053 909294902 917239547 819904478 409547688 223162907 520435773 605072621 477460128 523349036 419419076 255108876 639205343 749260329 534832423 561267669 782078205 599971028 169711314 124029957 276285375 544265881 736897898 755873009 676917283 399723408 114880371 147880211 396728263 655854324 572422415 514969639 669648234 533682035 627981134 568608461 443916396 422768567 171550887 252239652 415630398 439223281 441929288 462798698 391301109 436890967 736019329 872676806 840211468 962043679 773215086 647708471 466734982 411458192 819857443 523597431
96
102590518 112540964 454273255 680270275 266922434 70657019 481418350 745500399 612205906 447875741 201340125 126263718 272461559 416752969 332986682 229336428 137739698 266239044 549519289 691656649 709473976 415458979 197896052 423284583 480485836 493882672 418360897 139707955 337393275 631019683 808209019 516303967 112487940 392420498 577083111 539472496 768511214 751590647 444412276 605347931 666009038 713708894 946319587 641652664 477738601 482658079 253611104 471109579 681827716 331755224 82588951 194691726 504505130 629311119 719116217 663787443 479020178 559999990 768789299 903954846 872132606 760067176 603033970 525460830 640979013 599346063 345765862 303587378 637931721 611860472 327874708 566571103 764797694 833477624 739128470 385699328 324485150 713838804 920870012 662034811 450813190 589760106 658033497 331169140 194174374 582013789 714244074 379241463 416802095 507293641 673583164 514585128 120179289 488996683 695616629 302527031
96
845539090 565248098 506568335 565412975 943778687 763089321 138663038 69011769 185095601 954180911 131251013 62775902 14122107 451358272 362749548 268275339 247800518 962153746 779999503 834916891 28955416 369266066 470410724 200522958 178473027 792781360 509628461 183457516 903058949 804565660 740632502 810641650 871214598 50140926 873719085 646989976 383160979 986964627 629901287 720370281 575778577 280587733 86653882 574508300 997132875 467449222 238409647 174807731 192128227 275604922 897077552 306631179 678370376 549500420 596123890 105877583 147997085 46105007 615263759 616111858 713038808 205617450 481149974 920041022 314759207 263080666 417856205 570236069 228163362 850031012 343578639 832188725 483692871 362902008 467376468 963496299 198630808 56580388 174187305 876845170 829329470 39928513 842505446 20113033 758621777 420361654 117091073 175134107 368748603 47349623 12225482 360836572 231984410 419904159 193264332 955326639
94
424793824 821646138 656320966 192799970 128597167 986842073 347696655 452332705 598080506 306558442 666439428 590047016 38095179 690405660 804174118 754759803 51933309 62896969 11424502 971959277 211281462 26484939 570225527 881421913 179965959 869164175 249229227 487859538 439008614 321204009 37888259 127358322 729855040 261624376 140612915 33238064 352762505 430560139 504907407 440975511 66389114 726829704 745740258 927230917 601004649 244282175 937906182 972340561 810922735 865483064 337613607 173126616 13389407 617064254 966304720 145022068 462766473 936318309 7217965 125900066 180510384 119559199 554604464 223837456 690800463 817969177 7728918 34878577 863918216 763416197 975310275 362918166 749480257 662819967 862721077 928104910 753711652 985653422 188893107 250535844 922311614 674476605 919140734 506065501 960102366 271370080 514285040 727999355 555831170 672591768 419647369 901454087 472872293 700402000
92
170119653 607698326 624801002 485362569 582075792 419636316 717138732 625049576 443067446 402038703 108139351 138176956 285214852 260749531 202589568 575312281 624420773 527904382 858175643 694821598 347658980 502280986 708151675 763031114 665763063 618383515 779833955 569897837 651735526 985855664 720241822 643799744 603899855 750291878 793534343 709532527 863783906 497765205 365946048 647078111 423328155 483787011 667643256 669273076 966272496 722798238 488101618 610081643 510055589 563419862 875096880 583774341 536270352 619659844 227154911 427695669 811291162 534414733 322623691 672754076 941118595 742028730 636411349 631685421 440259739 374459988 486077886 583922609 391143987 572561747 594298161 265374457 493695554 549028516 284300743 384385544 590386412 724624151 781381527 914390889 598147936 188458719 496145658 658559190 347451076 612105515 587595753 99438087 142611411 244317885 347857733 245346855
96
129322313 171010837 550585399 29644915 7564292 416465265 656387652 82899695 908470875 575513428 460798131 882241999 329631064 250536717 864161250 50382623 861351353 996747836 858313056 16494533 301707602 153639725 635727588 141984181 171899545 515525086 752678949 867888064 57305242 191858709 594934734 286870233 297561820 676771268 963962852 60584779 490361163 362846586 348444050 206151875 606872713 418907706 608151338 488620308 157917491 885909537 889453217 770219423 198633231 457063496 277468897 829893877 748563871 551899234 918738080 226894555 219094049 269187300 457565676 495540427 479406641 227429295 392785022 756000597 64506462 188322202 561823372 595021492 253364436 367793416 901985465 9198446 470404298 577171854 284070033 183124424 45913783 985650683 435694514 472695707 86537820 713844567 119844482 277549798 90485968 783895479 947611917 894534383 306742318 511024312 654706447 595430197 62012046 812504634 609514772 858671359
96
283817031 530698980 691791709 517605114 427221817 567586719 692956005 971985603 478936391 258313690 648631254 607595856 453239760 481337347 309985977 340779014 694953022 414734828 24121916 502044341 857541646 738466621 692023309 659026239 368085174 159973456 610386172 599509280 551817338 451097323 73859768 141303509 452238780 502311027 271007310 490728000 588519605 584362099 543662134 236061438 471048210 606825082 642147131 496628550 272567244 514705558 714128222 829450251 567548187 402310349 395521450 643334023 852684385 692448373 638202147 635628259 418504922 345387866 504172059 368459724 542402338 664744402 493273540 407825036 491555140 758910031 645005172 699873894 481267918 34993423 177400920 189560189 257029688 333086175 559081274 621796727 353528957 195361754 137856616 157931228 302498957 342607877 344330888 599923709 431771307 320765003 323139821 609131155 929390211 661112091 395306635 181939532 228004523 483909194 701175053 431169094
92
264358207 749475806 649828708 253696988 370210053 386257122 175777662 333512698 350029061 234551619 441465511 544409408 453739889 604551876 620417509 490320998 458942067 629677450 580203764 336883613 272467937 515782771 593211766 152686966 166447475 337360354 562242001 598835052 512279107 511344158 293151032 536611185 983775054 893399958 417421779 338979429 809735739 653894025 419031600 506602232 416981631 255062202 337114423 354342628 162281028 536364267 800838376 816647442 591407811 139640495 531835439 676867829 624933409 938962356 863901345 486064485 586815209 790097240 525253687 489714992 737347514 532320468 269023061 223066270 345820347 592284083 660806518 482246118 546117970 950250605 645455063 594914052 643659942 227288925 214004682 396186640 406504553 420262736 337978737 493582670 514615970 533400862 445396761 242617370 507327624 721125296 815291129 686808360 547699037 527106461 712776717 469865344
98
136760026 225618906 115772333 211213029 217680556 253188751 505630928 324409716 506337040 738229807 554648960 745801581 544328848 442865557 629903112 614002771 435081433 130868469 77463530 447214082 533093598 131204990 137490491 421284267 441215627 450679602 625219590 721780275 762718263 491209052 559981727 740777899 478990082 357806683 398847552 625762736 821946126 678104386 435488682 579057599 925688296 585837319 341725838 291223685 247606264 630431881 590461014 354979362 669470011 731995150 592026915 822513194 493062614 119816562 558872384 696968771 376756987 352047252 709687734 595904222 246018053 450809138 473221183 280949911 432111078 423030985 453663770 674556112 438704978 594591824 924958067 882820542 670097714 557135470 808720915 726318511 576298303 384172689 524325658 716095981 263356224 438606405 689660210 534050740 499660775 255138446 478633513 681585825 239159143 492645199 736737975 280720185 235653326 577747346 615524890 629404618 430394069 67678922
96
442238132 0 213957347 305770231 462770695 570539371 215554692 259923098 741510840 715434234 305122688 537585969 624530408 409728055 519913221 374353867 113017856 189444919 175589766 276710714 759256856 546969242 425782895 626985710 286585925 358122099 369583097 435025064 636339015 269356366 327854346 519201242 455105067 454281911 677185265 917153466 888688510 651347322 428735007 571742040 422881975 371029280 443062514 507292754 466110573 163487265 530521719 724875901 493108886 605989491 435698824 320266779 763585027 627747185 173003305 274749162 702750196 659171158 255954961 380409213 756962451 873941381 467441792 318177254 641288096 607590198 386088784 362081606 468904137 547691668 515203990 283782528 272916408 702710050 894516179 544027527 355445072 248236119 172976115 165433275 263683057 473297897 326860789 280351198 521608078 358989043 403307817 552617674 354083427 255760271 319795632 634982912 549550306 359303149 705632555 496359303
96
252039385 0 443485124 679013627 391379089 203562107 159909083 596442169 635026284 422746036 462545554 672499987 875921787 832454686 703326738 428418312 255989543 372249609 455583550 464506073 566019591 312527468 117514318 95849742 143353839 507200038 642213154 435442673 416289411 281919976 280578010 660102131 522448654 302643235 336338525 246256626 514130949 652609483 465090886 616000210 749335661 639032623 290924055 340238224 434271672 452008014 532921012 323251648 598830062 654236742 284363747 336196310 320790626 210457931 532484480 871129443 694108165 672250390 807635349 705760361 528744855 570032047 841958140 689693994 525707234 389463744 276672207 508126257 789694797 792803679 800292975 736229983 495918348 425701571 218465229 20232786 58048906 350596843 728757237 630102421 691525023 499060730 307846442 574593664 463290571 560677173 703985143 662101777 689525059 421619889 261457452 672619200 759129918 708408059 522715767 97474530
