100
92
323430085 665752864 568503659 345718322 214102302 590695871 996701554 563060142 307411185 430495178 498649749 432535843 603010098 793679637 739192957 774581356 623066711 291392722 128382711 416790502 855453744 912842091 592909510 554793466 858622272 893154762 573855196 268741765 367127507 813789740 576966807 195229784 574574431 504403753 186492637 364541897 659399010 798145177 719560399 777989175 746824004 659848719 574300013 558385636 616316540 694875989 639229368 469419310 529944386 782395809 733675604 487817132 709576820 942573247 536460363 131351989 499009506 560209998 279317225 277640940 653986729 580500250 443936531 886768611 753316262 704917206 522659133 200537478 386214001 737274749 692417076 376489432 480435366 409417404 335544355 254457328 290767445 638257119 625835549 346285731 536699385 763179701 382109862 299463353 535488618 376001057 544191893 514825112 581226465 679936624 214688256 90419308
94
301710483 707238276 537084546 145032469 394025769 533082280 374649747 416523674 186747523 203656072 342232565 236807293 474159438 449615845 149988381 438401082 610614404 524254491 494866229 526652397 491675001 238562240 455742472 767047937 672979472 781072511 883148202 672991993 341491662 214946215 580392360 880757802 703913882 580143368 408353360 292994527 335700283 208388825 99770681 489480976 463799032 55235568 412098649 662322535 635859951 479893821 215257274 158639738 272936429 259392384 276867705 241166457 485553074 498745868 287254154 538155894 535901215 232951312 184388695 536926327 837708137 760919787 306583180 45428183 22272500 425509527 442972727 295068909 710660101 745560537 309007975 330650401 486885775 490861846 433989926 403012257 294631860 367614086 747936346 660293073 458306169 261307075 229681878 254377149 582137977 810290348 481863441 538135008 525522799 607919031 591169013 407049950 373444302 68859400
94
453826777 505715793 228910248 286919993 344290328 525207469 676534689 866398061 939545259 873921711 622906754 489745790 638669198 502649079 275183634 289040194 402252385 708565553 987661012 936658412 919508140 902783182 486789487 162116447 394264158 608791894 318158877 467761443 669600670 471444397 285100074 140929796 368793629 682460567 774232072 415530582 434298023 477330783 445744083 759861081 458966399 218120941 431499399 328430577 234734157 471389704 755058324 948879663 698926793 466583720 439510776 199466673 296419919 517797806 321358019 100646495 470601847 573717171 417545319 414417175 236270950 373028665 444105610 511781338 484060820 421731995 627030618 649082622 459998532 320476955 267040684 467626054 482751828 221423466 433851530 483383897 393614174 319420263 439389599 402411619 206816846 488268169 402619984 184506231 506459438 559559368 326166077 381407292 442099800 464018883 723074735 635685481 440116033 309263257
98
953284377 977582723 982376700 614475043 867939817 817082504 138295721 355536058 754070237 561958827 770492238 97865785 757350368 254005916 288853683 169862121 114339802 56934527 988928153 880552390 407529712 654902473 495106574 935923109 80638264 367982503 793835019 253837261 983260719 877593337 498672359 237952091 235054949 243476440 931806354 257990811 496123924 863476045 723984991 350338625 49409348 388105139 519158456 469215736 24065894 286828678 802198316 461625887 614519122 896691319 526682242 110558099 905358583 465103075 837099426 457288531 40481564 211653813 599828543 899895267 135670337 571394717 218911480 164299024 470471611 734952448 852958307 11985545 28925123 738010719 801703552 159192796 147416896 526113425 736167779 681644643 587891836 259961232 286434526 790025267 278088048 369768173 196847352 836813799 902365076 206048853 113733541 378773877 773917572 365688481 609937402 417504941 323658215 617579882 527027153 447027101 34511362 650318898
98
332816066 475216750 271534947 617443066 998523480 752531875 488117067 401977988 274134089 144502588 159233770 250221352 422302695 389180837 386071243 610153068 785203071 603730441 481581277 784354008 590481040 564717489 585633193 486377200 723029616 503206545 298568597 656615648 556526842 219513700 206575464 174088338 276305556 618280325 646295187 380173016 355263834 258236847 263269007 370023143 531187726 427189355 289119180 425484585 676608062 666585106 337714172 542478047 751758973 744843904 878972468 768479172 341806867 447339426 489605774 568139164 554019522 550036690 882500279 820025129 883766933 899332362 734471903 663888261 819072381 807392641 757690215 569762837 368106261 421502856 416355937 646288553 909035915 815522713 413835268 550006961 977019870 750818582 581698417 556885040 313009563 342909217 409816449 617773279 804898716 532346260 527437931 852243396 703098445 299598592 520683340 778714840 837157722 508284934 80745578 494674859 902553071 466121994
94
139136809 533741155 784712843 888719407 994419084 902759978 861341115 642296095 216341811 34037746 460576285 461269803 215250693 440500470 369209156 230230136 318275922 494708594 615994858 578165085 303802704 309299529 304500897 462601181 615539592 278200812 283852964 691804186 601584616 229924785 400594122 357491303 457446783 590257319 270174561 368565396 453331145 547545503 578166228 416872533 602396738 637515109 417167334 217172401 184605776 342378629 402395007 219284885 308887616 566811952 602180873 647876529 605151604 687595625 874181812 947626615 570547290 294466543 698548028 750199585 770255051 737271105 510624082 313217884 180446574 197021717 242780315 519836831 613940364 601790387 674101978 701820109 792203886 924718438 702040805 444983614 262545618 318348069 757367850 624061559 467414342 454931170 486248807 368332693 506880543 530238742 115393176 462820984 706687115 798331416 722738701 615592620 787559399 426306645
96
139513080 515094420 461928389 194330848 448696562 755454625 552223781 238078346 217101964 172516590 553322727 724867877 567821570 790738649 651002457 684701295 579911041 102263586 32909456 192621726 465901689 313991776 95895275 407855967 570043400 680926329 694414805 434436786 309912583 620196314 690583373 293019255 353012141 324204782 87323583 440630311 879786765 926809925 673156856 504080970 428295692 534427312 561822375 312495843 579345877 484332671 308778741 482766612 649338600 644348108 318000741 446941477 610994994 623427640 474133524 128870501 334725430 575523420 300393447 308165845 346985299 245313741 524045138 675730621 545064955 408370850 341928621 398488408 443544029 301593890 173843476 354226419 412594429 301177763 487329484 714308315 712665375 450884923 321608101 601372621 835880829 845353112 811904797 665773563 316226372 72075998 221697868 554073480 679676343 779311414 779635157 807084996 726097180 295053074 507087949 449793326
94
533122811 985872164 976328155 828545399 670861731 537376231 228577388 66561559 209041995 415780580 739115838 785756276 499560151 374078188 191873407 69411086 339559695 603992195 754094599 654543557 268384359 341128372 773810000 734778532 309346190 155282353 172837367 524026064 473666066 537376309 719145074 711920757 552904932 470387399 588273994 512886143 411875830 237554465 468763425 516946800 728995528 796785336 353790461 284493435 718977421 768678524 328419600 351079325 399137309 347192607 510077629 334474541 132497134 464007281 527790806 523571665 417270107 157128188 190839838 332502710 658450284 705788933 662431367 387623822 382108894 805859331 602543755 564028699 829574378 638930883 340630290 383208675 362556824 153093886 294555440 550678163 570314825 580745984 499768971 676311867 769954419 462404514 447444884 448497868 616820839 655249902 402363520 300442778 192679117 147383089 117481570 160202847 187016754 81065689
98
186023216 44291697 566125131 543953859 58157288 696145237 832369908 553027639 48552572 349576680 32128901 234920036 417138062 750756062 367753086 592873091 43859940 917767821 608921156 356123581 222882439 732892255 729545108 105131769 961084968 816826593 101250607 560539055 865764492 117904087 62368591 119594077 249305478 83457089 101873660 817416411 145846146 516354789 808295507 573892679 801773870 945377178 307720205 882595374 39849107 57257791 362487606 49513032 55529567 342246222 698275976 922754360 316220217 103218478 244476431 42275361 217989966 86705921 117699212 791308104 608813805 62003094 791643585 55886216 238843082 496679567 516846370 262317695 561688785 139074870 367049985 695801159 803232566 255596219 736513999 896505473 918527499 169312186 87586975 519162536 121425604 929092842 514798042 473710286 237400392 373435687 187199927 309841642 745584711 170488983 843883880 647006747 436419305 276882501 249818033 189299741 436147271 374839859
98
464357646 852014129 867735774 519018945 111277747 396969898 469997712 510355312 596559890 413914936 320840830 373452285 457964872 491674900 699979511 536941474 333358924 518622317 342719889 471515420 465180221 186783920 277515947 226169609 422633891 501615381 482973878 666830608 869366165 851556410 778327018 729696891 643811479 675035822 572174879 563245621 433427898 206050309 433053607 687900294 878385639 919551289 680822064 614856261 569600706 664634935 594028117 312181325 614105598 792250922 781011965 683623641 653466503 931986170 670178452 251574652 121152560 277117845 366086785 610678838 590909960 391522179 640384740 560030944 309227431 260424081 222700338 170566468 423158537 652299609 397216243 362546667 680640957 567165868 494529634 574027532 437491231 279786859 406136978 618327906 587713999 607389216 591496458 348462562 505754974 526877832 157581186 516166057 896656150 876428904 620982367 520504434 614928802 733617010 848528513 778663396 516199055 131705837
98
107327051 0 360087947 556731173 636520374 443335085 158398295 624921831 875398869 869808700 473631599 27600509 246776520 610136723 827859000 462391143 355874260 565474793 241490207 508802395 608741676 433889163 589665346 550426310 405148778 157499778 395411674 686314165 576036686 336489969 339792822 582739572 347607893 424346288 761649393 516905721 224917106 218622473 283148800 151834252 326422221 712898121 701897142 386485826 247041725 189126298 152830003 382978929 686566767 721103675 615442477 419383631 484508172 710104777 604215658 684500619 516687427 272482167 571471409 905686083 781297774 647716556 643418439 653439898 767749493 616189912 312746489 205605274 607136958 741362019 470653312 464691037 689519961 620881105 222678321 214066769 305156471 161902190 34484562 40938269 316446022 733891197 864432066 735820738 706002693 563839365 222202006 490257556 684604552 736838873 805957530 515661963 321585136 167713413 179901643 473831356 528449432 181995447
98
86344167 281745551 476082593 528091516 477274925 609028111 724282204 654563155 744907352 673229642 576171839 826522433 605291813 162511418 365684628 571939934 450371005 597538338 497403787 238619082 254352688 150975087 455576505 447061890 537926703 941467937 686007627 592926434 574857251 694167937 530090601 281041705 383642912 350967755 216474031 168980624 448644932 686938478 441767386 387334632 614603940 764162040 894278776 458147007 345455623 672599363 613510412 455293951 491497417 424535752 491639111 421929093 312993434 601464329 739292203 635189028 555436583 408858147 368363167 678600713 931600421 546118824 460787945 538326472 279987951 464165507 563619896 756953710 624042671 518763500 647432008 480399125 637396204 774417482 682268946 439470665 400367693 764066009 631088858 175285839 131858631 197966000 111492267 197655333 304040739 178521921 78366507 448000687 863394745 914128738 522829635 549642485 663963424 250698288 153187351 138361744 151690631 100268727
94
286125900 494590937 578130895 659995784 495201603 241444319 171450001 142064580 409405147 656413629 546066601 412520876 263196074 436207352 808572631 824481119 438922058 181826366 340282897 303801696 491222105 857042153 546705568 302306628 541947753 630390672 581166219 454035200 327739860 288280079 258833899 411773779 404254349 388141603 806671853 660724519 529784881 719523253 527523739 426409371 361532614 600361942 707417564 623218555 796404986 964845465 993354876 929860094 673501992 314705540 256448403 349027249 735351468 892473582 604369395 460297284 511262749 381028874 212200006 590935448 618961391 246708224 163307344 401930786 586900319 375903079 442082512 585491332 322258425 207892674 542413019 585374945 586240382 730655607 449713667 230930865 379650255 449537547 315145734 583898644 597419316 666460039 986402931 689326000 385388972 519111799 813482443 545060353 483664992 532896903 518990911 562636390 650771520 535299084
96
459000494 876844927 731926656 576601942 798603042 776455441 601051123 709840297 798905688 848476511 696783571 782893351 570476418 128694102 136919057 318992967 415132654 281602586 450338585 501570542 408148188 305982630 202819726 540279868 881893448 563391377 338433419 631156589 579588085 598413620 787768023 645507197 713288442 530834345 131375899 441687788 880941866 736455079 369549495 601704431 561039120 410223222 470384982 334363668 639991213 577319818 570310533 938283010 879843081 614066716 385919634 537440657 526008020 640788325 686849397 699729538 786773855 550965681 518964938 741108555 954111048 511825901 148644827 397296266 715355111 824749372 821101736 752493100 448321323 244374028 619706679 529378928 433144493 676480034 386302744 304809766 579758695 476500399 556188426 561869978 591602865 942408940 879434574 585485484 596609265 794253187 736094855 895345218 615192005 466203859 654744393 608325801 565519733 551239462 458143050 174289971
96
493672135 655406823 168146421 345460401 639536161 537573063 417306270 360703876 185493746 477699715 677734860 628775577 894890199 873765959 712928850 558274313 552048097 436423537 369571885 364770403 176200335 487722732 473857810 434624181 705090783 602019859 641138136 772143960 908037577 797352943 532485995 654122867 737949128 750118311 897537931 548478786 517513211 877958269 636417687 299489274 338666630 355243250 246582093 171812434 274546709 444220741 663932218 585438200 524281225 837988372 804648795 641151732 760495964 527513750 532099097 566560206 588643897 511162086 175523503 317598239 668061851 534291804 174274914 159781875 296748738 604090114 366909637 369250621 569939837 708983239 733171875 408290095 348968434 206696227 65748121 214541799 645202675 763932389 455922704 240881937 213973949 361925250 700838028 922087023 871880284 507685190 396579830 661075760 644155266 477343067 189395500 205302671 319960537 635148891 934808947 440636664
94
40265984 107798851 113018028 92699221 325592191 573603266 670844591 400108211 236046936 636069308 555298218 430854798 479400418 568342361 487759938 115947037 207351582 344866415 335752007 515783345 794741013 729884515 304149775 358997377 440883034 127095382 3858534 452469699 785436563 566623124 595368671 745699449 452473283 170690426 80839696 411160844 586563174 544501004 775634594 389257697 188295230 270881252 535855695 584355713 370570280 418024371 537318553 609042950 398557916 194850108 171889964 606733696 865660707 429351673 94724557 179718531 352321011 387363859 386453524 296045994 342616364 604452104 548958772 236931311 224511061 368797380 252139724 120425358 71500602 159346658 426164468 561073589 458180887 487717397 750307005 839274692 536533129 176260955 226376502 361974763 295653457 335559714 359285807 419294781 565736912 659478041 376103765 143782316 149189671 450950312 569388815 321232103 459802115 280002772
98
389590513 0 395719800 558866423 547194816 783470067 440526058 492499996 530010235 476609052 772911657 719131272 563124740 254127735 123428784 316163370 647492316 541899876 377282200 538727627 777797589 859809429 600087291 248502090 454123410 849985229 644779409 283236806 257815347 244384749 99269900 423315632 446740419 549640899 597641521 532371402 837133049 461952142 154892672 404211850 377639073 311499845 538294518 641386726 472986513 328078266 427725369 733150842 471571872 141769566 287730689 449487442 431022831 406900553 535956430 611393609 398516545 359245984 655760293 680655540 453747594 471302679 782854174 598298530 483659047 646129661 549698882 432121156 678772818 871539384 618411496 601188825 597795948 360588824 278012642 378583117 601989995 513362819 232435781 529694693 481681317 26970243 188756213 468353951 714213915 667104122 477154602 298187733 482993359 676278908 430592185 638977428 616264358 219855201 147898749 364696866 388376204 104776466
92
201106269 393940350 203163657 367865923 574656831 396547943 279204113 355771961 458239845 275550091 377208498 342192550 227812542 218674791 44523443 133700231 368007133 600626693 804518477 617407477 175396892 301849001 551134428 559172823 649189423 653504719 333697233 79846321 344995178 344845589 449674307 684017513 729442386 943359367 644788729 341252283 451927446 394810763 553440875 781268027 442493314 345011572 773549118 507818178 39323548 278269651 659178381 651084097 491745547 642530092 764645453 625310930 510105545 660678742 401870050 80091430 252013033 287776988 123412267 73952475 426456731 574765843 444435196 444528971 481457635 531623479 294950639 179970819 358056976 350126376 560883808 559392820 578263016 938883408 785354702 578301194 321306324 296408439 421242657 176782085 110696148 562243653 862379852 887897008 588122145 587954128 975761626 535426969 216183798 535187806 499783675 127577320
100
689087690 0 355978336 637413974 552705589 619357595 576319567 595480183 401017199 132133669 583726556 563718242 90951895 44988359 76147349 104002125 324631421 639345997 686392412 568209620 515787506 709006903 728136504 594145248 776150807 707380117 705647203 805539304 544118944 227221771 409037540 383716138 63318237 254738408 524902247 566697124 517822082 693066520 509421787 446431036 507910087 423781674 361992465 149182873 434248464 740261073 492840356 263624017 246912241 459002028 762831298 459381653 390471205 846667860 686849208 466473979 508251264 504138363 370941151 560382043 934483646 776633135 666183346 508340647 279682822 340095683 441443168 723645476 575599585 507388840 646305963 679177158 650781818 215624757 397179150 629494510 553621955 718850361 667542694 435709642 470033394 351303950 403689892 379477649 482799404 491158858 428782995 633253495 296441789 152717115 310213599 461949520 425335640 421920751 707325633 463432204 467907830 583129749 177686508 49710355
96
77850635 191378558 630024088 727691708 605870009 764433892 851906265 567435116 607956333 871752895 431517760 321308479 352627849 257065294 298332218 384660916 514862444 486269503 562783240 535717718 269549366 517924943 506447364 454854062 571180836 367841379 218321691 136801286 614341848 843576176 440337561 201726711 316124438 673879857 765273437 378480173 84933406 525718428 761750966 434803538 342670792 678208404 569824055 222439825 631624401 626237809 557045999 518156477 368962955 473942236 276281499 99666767 345291404 566086700 680513414 520528368 377434528 397116998 380992219 361508205 514865215 907285018 773547890 442554163 526719086 601092076 465482106 671081523 762272401 824650642 674100371 238345943 239797673 314058355 488987830 562093304 414110851 251967077 569016522 699408723 475899056 574711048 358908362 111169092 383586739 384846440 410915159 419920438 173432929 295886766 448143760 479904457 416715069 602596592 506869898 127219859
96
227026401 402728865 731665964 624258627 184280724 149172086 326131111 461229949 547266182 393912955 287783075 704337490 924723471 677182820 671698960 940952878 837409900 608603456 393393162 584917920 739843923 548406417 503471042 524640665 799892293 933589957 829549419 725356606 502406695 590683752 890724845 533532354 277201628 743439290 891338517 550342425 339934230 657148104 583851221 467577060 835419367 845564027 538733071 252854219 580857815 539546970 410906673 817643740 679059181 429740311 460708379 617511189 633738010 315287496 290726628 475377640 444539619 340561162 675219505 969519548 920924553 847386046 894123656 612430061 427102119 635521919 361986080 537850932 786921696 543198996 447412066 615223941 811037952 578051542 418201688 737682989 670926337 669549337 939302285 539170133 346808739 545788591 573991337 778216016 829602872 657962370 402231984 357401798 330716769 512050453 723631304 469773193 242373615 451425253 734188557 386681072
98
529297493 0 148589655 318663161 215625773 184416095 490892091 736212291 607170416 650013261 722156786 524769566 506514063 744681927 847029039 522934447 499426939 362826123 279257329 517339003 516520026 540043995 691059380 916406023 583960320 121709544 158028287 195353674 545662474 685212381 539847567 812655083 688291439 591984957 385792455 271102808 427691648 639080813 554488598 157121313 437913605 436128264 473976889 671098103 615114805 676698001 760434774 619660195 690238528 902458403 835710632 452448446 522504468 692979592 359028815 213695399 282233271 509381668 540974915 286211953 27270784 253623459 503172585 455852501 601120025 716899101 736713290 424010780 498075581 912444237 749351831 818983304 979318387 771408464 656384663 592116856 397710668 349078062 283156718 358433753 500993475 346608490 159891760 137139755 356719056 539725744 724287627 890059542 719936378 413408262 243425948 463274219 722992415 666181576 686592966 588178325 422313801 244850026
96
57612135 250656405 236414422 411074896 667570448 555047216 428759661 556222059 798864626 502698971 187896348 430466584 768147254 661987620 688423976 770660398 335427740 437407442 682510748 576916366 402039253 162774728 146063204 388642846 581435924 574914380 745207660 839826173 575458452 197964997 182061466 659647493 663772050 453779391 755050248 881358018 928517185 944446525 510462339 303814433 697273819 799130387 387079822 512894595 485684879 518004266 725308874 250470730 66358736 90013411 489933042 643416472 695014752 525363887 471259659 676599279 350454092 359136436 319133488 344210293 429298683 572652814 642203657 654065410 500391851 408053109 545618633 481785431 547275393 678878107 788768282 562446159 431543542 773169414 862657120 849470107 971820224 735507055 516971675 496790768 616922328 792919274 498195729 256344402 215267346 525060635 805809024 665306706 731613695 445908660 96411454 177613300 208557827 98166854 329540388 314378251
94
121980356 231650548 193366661 202874040 614904595 845153642 377151360 281885144 408265568 538981000 724607134 629022368 724177551 740174146 409949184 134435700 467111617 627443950 644725313 933104025 973856180 517544718 114648631 149484323 139745674 343161391 720488830 637437131 476555410 426201035 197158291 492714802 491750494 191950331 494216836 645733255 451234135 375708809 223543355 452620792 521707942 361203295 473307923 370168479 387288877 596991286 591108743 681379272 596397871 284528508 337869302 324292036 327490274 519502100 777684956 461050777 387495828 745717271 405941274 113010370 427004566 507513340 443789952 524548769 273940695 447616737 659825667 391263374 359205009 245582191 92710180 246041929 384809902 342465193 533668508 732290959 687793923 533992931 383856118 553541343 602912987 735754283 576895533 521102156 733417542 776802234 733355054 320960214 278064288 540356415 408579427 91171498 206601886 196033292
92
208250638 658473107 485503588 472261370 932060643 869943398 872467964 556851564 405792641 803101992 713644651 474775272 650646071 589140024 484589838 339679967 225070189 440470034 306025578 256241535 608226451 587436756 579816177 590546146 503981934 830379875 953757726 651134464 549563021 582282082 252421903 193728609 248518092 291368386 314273299 573269970 846460221 670156722 639785303 449575596 244827260 373603434 726937300 713636663 433728520 689619206 553715736 109518149 96000008 255671323 689276455 679851085 228812715 78567128 382609405 425659202 182487127 251613165 204205374 431400346 717466419 357476492 389104585 476494758 586964606 774630744 311918958 355227720 423998785 284218020 593616856 618689737 361630004 458461397 548546817 411455498 279984002 450739569 427776958 145233055 149935687 524022792 817747948 494782908 401977676 445912987 443872399 721506684 723801052 395321302 329260451 226928798
94
26291769 84619140 134685265 219467581 210812882 417293366 516382284 297174872 97125522 381175990 800066385 479243384 136540540 325726842 475950829 436899913 222799003 91600849 163671510 279281421 358786407 187068946 30795128 118123806 455245383 405333465 407946639 676349798 382038628 262297181 426804169 421664967 199014664 174718512 450800950 466904762 685651107 707263602 217040736 179506778 349900715 226911922 526304835 686905693 305871675 320729736 267913468 328914284 467060593 406954839 709881592 493685669 233036900 465053220 459693314 488103623 466373494 504076162 784302520 544857342 81713971 343990802 463106689 462951300 568931056 268451765 428667017 757362636 524278940 305322326 242572190 69208469 419717356 748254753 330722703 196969663 491613069 631849039 563785885 247162458 204693418 335372996 600805608 554789228 387402457 457078378 563971993 398138170 21720675 261470774 267954848 372933301 447934606 89167664
98
289627268 738456529 735489717 329828129 306606223 462077082 357343206 579068057 600233463 212408981 248373897 593470881 419843806 498876592 840710229 446302859 499904662 510501330 388530994 367770547 573536661 885500743 504003090 238391586 594100023 557519124 401410999 567240178 504900603 716721050 892586003 894552541 969638475 904821113 590388293 313132003 372441349 766908547 710499930 333566293 311430920 637758143 721453237 455919287 564437807 681016182 609602430 545684463 487826463 703452755 582182960 163322072 420131445 668968534 623428583 766504269 657069775 412138345 391925352 243630465 201665709 250954015 227997769 643326807 952248451 786386841 545352592 300378494 406412059 697001925 841425096 761440217 800418289 754315842 379502458 548934640 677900290 292045139 124471379 453229945 858564163 850024603 699376327 833743160 623476964 214907513 345566125 706107884 884083360 827001588 615908830 491723163 639275408 514158406 319052781 432142166 382594007 141618892
94
370101490 453968206 214657578 520114367 400057795 273991645 653710720 483693372 178272074 159374050 489566842 578716852 149752827 484341715 786613957 515459098 298834466 136456319 192633137 297634962 338678252 575382478 783037528 812860869 728644175 572091220 347283859 386927033 727548706 757334242 440292482 182818168 126784496 144473443 194021253 354647294 403166912 606120944 614409667 254585651 498967865 807317878 562682036 631425540 831018537 534470179 334401272 393806452 550528689 310672876 20053597 126553813 293489668 256221480 207421842 479916458 813209129 575660984 284816555 486724728 370866117 539406111 684402834 421603587 652763521 430097090 71941506 362265512 313177629 142575782 456840515 424508077 185911989 504211629 612251512 436628272 375115225 584773091 406144112 279498567 455776924 502584170 506768980 284514481 444481378 765458120 470280180 125970152 171616231 179098275 122476520 273179893 537132744 262470198
96
904109155 895838909 511558862 168147759 204017479 86393291 375821963 654455729 325107768 52320147 804589175 443814461 556413024 182934445 88138107 190431736 176489374 105797784 517242278 291509029 133742296 76155021 195858842 477163091 382741334 22190072 416495723 338965684 478047378 276341087 337223616 20018483 129171990 568499642 73797272 984766167 413514503 857298744 255992998 654176682 810397176 970376080 151661093 867308923 454088094 181229211 109789161 755144790 822888486 668276750 804122812 230596462 234908964 569679247 389487336 168778378 307810217 220055112 346884976 75442903 747811187 531681438 602436373 53140048 715908386 156949233 581580443 503856783 587059235 386162036 797135111 185111529 716160582 426674879 366448890 21374539 18181311 966827752 389753973 430076868 975834008 587192987 99374442 488443844 662671133 328270275 618886341 628099157 165537100 791020935 672562709 201928969 104727008 401868638 280281883 808755384
94
84787009 143660807 548604184 438941547 265456118 684188416 263503475 310663246 439693552 429786637 293269319 845766913 43883940 161696559 789341372 449184966 378947490 221636238 288506396 594541083 886831554 944817984 674911080 931807328 657013624 841495965 287093883 429258258 78396433 936796930 309335227 907267440 232740505 882079854 549053744 33425344 377973543 973651617 761309020 831679891 443475831 761272764 713164165 232654665 444665987 774543457 158610564 164735405 754326260 87778430 997122140 527081464 116047995 119782067 927220893 196155539 403952803 546440918 165866092 226577892 411092899 868955427 236156584 760849418 91937589 72184751 974816563 958333542 871129413 173897152 276187011 56367320 719711444 370571070 747142665 282306211 348034030 75303864 821800892 899684632 834147177 854758881 862483962 376959461 872778660 436488981 333965733 127597764 749840744 601042524 448583270 5389102 111067140 212567163
98
189829334 262220866 242277658 238225677 338649459 296758285 320414852 299981412 283900852 755715506 666043440 569993972 651088585 555941686 474920610 399584665 551269631 387441025 254907381 299440135 470313965 497746799 570751825 900931079 529865594 516493302 570984803 206120245 427180810 628626882 641598242 650571520 529631861 285678635 449196122 591306596 279447469 509146359 726682694 376957661 271032584 239028202 386725026 586237203 440638348 394941216 422825947 700315439 933658280 498316141 267774640 681563774 618345018 205359242 127136819 368005995 363330013 536015912 528759427 253322070 710153449 693721698 229919227 425433791 808289037 598064067 624048110 811083975 572070922 391080911 487720046 427949668 362510009 552532581 684451143 580848380 308641999 462263523 525095049 326587211 405431937 343021576 394356879 753995322 603079486 546446661 928756558 667537297 334007003 565106410 461463514 205224699 232864750 187699348 167077367 163735773 547571218 522368600
92
461464512 721910179 668331920 483997200 270181022 384286485 269079474 566357377 538551384 316049152 771189682 860389232 549539428 550404123 630872728 530156909 656049458 727460648 813177816 674365242 283488241 123802077 539866239 723925830 345047043 591122028 588969432 172910753 319557712 541013356 576633256 443643083 249205982 495826190 770068842 768336606 872324165 959682557 897651851 742886106 475210717 357146751 340149385 175655610 459946134 837870482 540663881 254735664 603799564 745609387 472754297 228811448 313013147 329290861 400257420 562336849 249053363 401516985 714417887 726482939 817409461 570314932 421414985 655290741 391567532 516903485 730103624 667253157 630479833 296692902 207368722 248398844 211277093 212314987 384432883 633349515 531992624 395168118 628904927 558194623 499161009 484153321 662001511 632870138 501738460 795285791 644784518 710168339 997923381 531161217 310254074 305828400
96
365312092 0 139546948 252120454 330345811 295154401 104127675 239541955 303719094 348368802 301814644 47398502 153993659 195663567 95371260 517428192 961014397 928857910 576868056 404014318 281903609 477761011 817042848 494113475 367752060 288659087 198515920 309280723 318824368 398179074 365211428 535558256 836730781 431527026 412338170 709475765 763669629 548402146 359211446 445442495 643261962 714884237 645727306 805484663 788912425 471124852 234930746 258138602 260465755 170233633 242403397 318869577 292711439 640333269 684354017 418475699 523275364 595386069 452201824 374374294 398123178 563262678 772763363 529495614 352412475 729605253 897472818 842738273 508252075 325171501 389754336 190908696 201285332 219788424 328665463 750972643 899354548 816055361 528737764 281420021 478244067 435871935 552892307 816399990 767024427 418091244 440589971 734819993 522509681 690291506 547442860 413028721 591643323 554479769 612979103 299739453
98
416493315 0 99484163 233511930 171817383 266181913 579358451 401895890 184393048 359982694 228375393 118973699 577920320 938414993 561503495 167576939 245215285 263562649 427697466 613838671 601094514 668962846 487009683 242882877 148316107 274967904 366848175 268946515 229905864 481081361 429291068 537251727 678024373 538277396 840274858 676989479 242130064 491412274 730043262 744191332 904626380 530535265 579969388 670550502 624046335 639283474 666424356 630279327 598666946 761771791 710199406 514815838 134208020 408873886 417615149 501873633 581004629 458867604 830210060 537633870 422825215 766196614 884929800 826053325 764980810 724727785 490825562 391610641 327381901 332664228 689976631 786258921 777106625 911548430 939760311 857812074 864573767 679540952 208864714 459448341 559703918 355919820 487884740 531976036 395270935 323430685 242086003 59921342 86574728 436410857 615286942 590783288 615937402 617968578 736968321 884612534 752215136 258554372
98
473874565 494555994 449776010 449727023 329591946 696369526 623846270 416487669 465043894 763925112 607784192 208462684 444739592 454262441 397327519 437994048 218496320 521771697 514761092 109626937 371807539 500657893 503203795 781889593 681518324 345196828 377507996 658006980 879213451 862931465 456601537 241115427 630378626 915276818 640017724 243033560 437713625 403002037 467486467 954271723 730988468 263324039 468711869 549084921 487904112 414250535 111627183 450780196 743496191 480828396 501634119 784755730 609439450 247095073 504764496 947627592 727995095 492311435 304183980 79768781 326051407 699909465 712596647 792846390 816135831 574701817 287040957 504306533 479837827 420261487 789241941 835746581 754295649 645524234 720458064 440139616 128970984 301308800 538163861 336642766 62224062 444564335 435389898 394367128 545620791 600397179 529539441 416360174 348473506 514102407 931275100 867695263 854798250 673697217 245509945 529668634 620837754 127265183
98
231337887 548105290 425514882 170163216 305635913 435938572 575783667 870224234 519352393 133738576 410799980 407518944 371445777 751654233 816463620 667834002 761652586 440626608 320630311 724657315 506390473 533305817 673322211 532516626 711937346 910466638 922976013 484627336 305376706 357036684 325337159 459370175 298703292 300221910 470772157 551011271 621163141 614587408 685179769 705204525 838994056 700584605 371305463 489395086 483754979 420767065 383949335 509647058 841144179 641665493 540897802 619175975 627160029 522480398 419457766 661953211 555250479 546487675 692117378 339326506 330303960 469689394 363490817 649769791 774332865 747184284 474872450 453475788 658804457 261587507 283446003 667518546 527600087 435394380 753066080 898031451 487616421 410795964 812209523 776295511 699039305 522154960 376784529 414824076 428572706 530926181 802382746 867514009 645784705 541551693 704978354 647558831 406393067 354260643 305119953 471800959 672982518 350960875
94
322081593 0 329400921 642683351 329963425 167792652 437759702 679688321 535465694 434849586 594461525 347359497 137430394 434209715 409701676 253128546 419373521 580918847 578110369 349463102 223626032 464643638 578206170 334889022 259924309 487886802 716989138 637426318 576896736 630959705 585952156 580295374 720079520 574352418 631423486 625145541 604451490 447217248 237031893 579192449 681076673 387779893 278979484 299650635 74123994 31817486 245830321 470459817 325138163 88729568 519081828 587388874 276020079 242465191 532091018 615994572 204741621 237189590 190427795 308048451 664192145 773565676 771844941 458606286 142047965 68699425 419467288 831560012 509542758 553055871 865597435 728992078 567160062 448843811 390865610 499459056 770437094 894270385 512449528 388297316 741354165 519808084 259094275 658633218 662375369 594636842 696394151 454296498 508687058 533929541 585459855 447879951 523924581 448493154
100
307042432 0 459866803 527591026 439479985 798917187 705078472 302560427 47559236 505801213 664846391 618421109 528431997 281315718 417442174 598105316 592984091 565583823 770775344 903378745 734638444 510345776 485121428 338112022 524339533 644947509 491925273 681121712 726638087 591147886 535072983 452996594 658919111 837773678 738566134 382082234 441512406 630750512 232668023 253365781 463985274 549167140 747056410 576098462 298917574 445092211 340370901 343515147 668353556 850240182 537701998 97013801 465048036 441982076 411992756 772746246 681872319 736058893 525167309 175606508 540625307 964975047 896465198 537673573 192035198 188696804 393946541 349330123 540865503 621188567 202593347 227908056 661213381 942449727 924232899 545275132 548604408 544847686 266190464 505662077 487583154 432554288 547171262 462952212 428664619 637672128 423672643 221051386 499643441 733229414 805898805 468865799 428091608 677383047 727251549 646100069 288617312 248897636 574579971 345726953
98
67110479 205773108 257630660 130055345 365550335 781704282 874688911 899464229 903864204 535098768 577924843 980273458 565225385 425477154 534159891 341928131 654730898 985684899 802229832 773738971 783412759 474924334 336662072 443921621 669137540 825549391 824148418 677812031 474128302 675242464 706577028 566843949 756693504 802785908 773534612 505953729 439374280 488411845 588914842 555706160 490231966 372526711 331905745 553028625 275968840 122009316 147303446 100684166 167118399 439109897 591403974 559052710 744207022 948305919 912003383 623344017 450983286 696473433 760074180 336335098 494594164 984180691 866786452 498229587 317221191 577600293 810784690 569206271 303551612 323372938 498967695 812969473 768539788 391205213 172706502 573815528 592918524 523401395 863003858 493135003 354761395 506244829 277558569 326648506 410109569 228846441 276364976 540570381 399800130 484649519 709048356 443461003 459796961 771583505 559651078 460583858 465398365 91538808
96
480112400 969990974 857696460 439857793 156442885 530888476 534337806 284778917 642656019 687852076 584560015 834847221 640464425 531984904 607309562 268911938 98013840 266144498 249956058 518538660 536345066 157495666 589730593 707594902 568518549 744105900 916481850 623607331 464551339 578126767 719850609 945317765 521456696 429111654 687266832 401878366 151410572 361456111 388823088 377588127 752682782 560104192 240702191 300218469 459896864 822222084 982073812 856830390 632343740 401720129 606513700 837630582 835840900 670448903 356843042 155382409 484525187 495676117 457959540 938846471 962864726 934192693 892484435 436570629 273756814 378015350 573565180 485114255 479769603 520127419 321129366 270662232 60630846 292691476 368094350 559605854 662685067 288726821 381779285 684410473 787681581 564368773 338875684 493906179 618391915 762223230 776284196 427853310 305161099 325056368 546442952 878375313 939100792 495025540 251624231 249604837
98
414733772 881733244 593524452 391048160 388457694 275622352 401777373 604861656 666525463 564736410 651489971 614467601 440464609 450222112 699985562 790753260 488523433 530664223 415297112 78184198 425363985 671569186 591810458 411967631 436502182 378657377 233915866 573627360 643352810 718399850 492792934 309454965 573556920 323769523 322507405 412052593 579516233 689819925 587893689 478520732 348414322 258233324 289366306 504966783 712018017 982980478 848066834 774326398 475492032 145044952 588782248 703767179 409332801 258584480 444375928 612266414 466079570 372895380 348350203 393789688 406636646 486229384 301028377 532713441 555447102 262183647 459358843 698227870 887256384 560370721 551677130 517917460 108956585 74626777 247972803 472754120 579935761 434904739 228185587 410520670 570967692 688869098 768881902 353498694 341160788 815902466 964087771 622228627 349474075 243791793 317712573 385265277 458204628 376545168 61679160 77369124 435025244 401012725
96
315583082 206090548 848656283 416152223 975370216 276719259 286966953 909945353 705458038 565057159 231851367 996325452 535352973 892028821 818542466 557066348 82780406 760584441 479535309 439619073 834529807 694167141 457653910 263125450 266615229 641379506 262283611 230899009 968470118 683573706 227216531 271920470 638897305 290519099 2921081 101969844 587286306 13372178 908577079 633080870 595106875 415277488 374358560 444452673 441854121 919916472 183670627 657941875 773247446 323298934 499387515 784725582 309603023 637919173 249184487 967875500 687315836 287890022 548393740 486869532 242320317 221897718 360500290 686664628 620906931 735628169 556989200 710475445 177303098 563220810 685247759 55816505 235214319 91230212 474748733 722796911 551601811 906248263 778185627 866120971 537191602 507493680 596227878 437620439 369382300 619150615 491799678 937824084 106049751 975745180 28588605 660397042 807294590 253612667 577483993 123624984
98
584665189 0 54795866 233708312 577798784 426552041 229849636 515795779 529939977 628681146 675307200 354909912 107719220 449272640 639985826 445139259 521915069 699406850 514073446 357212342 745077521 808825147 546235212 619886183 786655012 816087989 811642826 542861155 385970769 580714394 473211919 402909632 744200230 794588240 569871761 404768587 616178619 805802678 631901770 466831688 611504768 648012675 570749798 633596008 660941179 812422770 863853334 441879620 25173252 197399755 636136754 567235319 358040288 351992519 606276060 699464505 492855225 480534796 417976092 361231815 572059251 605197205 605032598 825950134 415791381 101517305 534440504 788860958 534023747 220612845 156836561 514856112 860448745 918959936 441363194 105907099 327191925 659239368 867674630 758644755 734154092 440532823 311405720 461622147 676517001 730767195 713731192 919699373 758977804 693623588 579072381 647104794 613380012 497298821 737259925 805435471 817893354 419537745
94
305211955 785525278 616362869 444469730 608373228 519610603 376495923 371204322 241354286 359562270 462018851 429107311 425847854 454306316 360180206 505691470 768051081 440144190 537360145 496845520 162753148 150540655 347902441 469196770 291729753 543274252 760566410 572524108 541059115 739649388 919773373 629079520 544670095 378306749 269493969 492996538 504317306 303283416 389916121 795913916 915027475 512040358 463439439 632554147 600209156 387540640 35574746 197241404 372757621 308280348 359349823 580275506 694303466 597688802 721074431 553685650 457706625 513660976 281301449 345690419 303182006 483695257 373361364 307339346 550764273 723893557 630419726 178398077 101210325 115326152 484323588 819563101 596205694 694756391 480300510 130818696 549884915 492824670 153767350 426798019 446440589 589915007 833935008 634161461 287163188 489813828 564531922 193481544 416824504 806603551 660979396 294023328 412013804 288187965
96
105260228 270720923 188751400 229815396 274214826 160941203 303677450 424435595 357853903 621510550 657951594 663992273 856069871 402709932 92143528 288270907 421792241 226280664 251192897 716146116 881702633 870332736 419549231 354141546 780598487 562322425 590699636 773503726 585667246 377831868 190298150 297963971 229510343 202426771 332201086 370121802 303273967 139931040 325304538 660692915 751038396 499308074 440186888 711302242 600557270 204360413 378835886 401882307 244814297 241108110 203674617 210163128 480341902 509687118 108109784 227184073 222136481 257456994 595592659 512216659 519066784 653285816 354017063 36516546 124174927 125186330 130929198 544625086 452376928 253084194 643451215 780864428 727047147 734205459 436790601 156524100 95612885 232434321 295607924 509615224 761262635 745153888 559114873 203619688 98143619 156925931 265335048 246290497 313237132 346360989 357467343 680832636 848275647 544338646 457413332 273700480
98
130566344 593623932 925398336 611654904 322598689 662234482 590243785 583330547 533184732 419236259 827055854 847674711 556100269 247663250 191180945 530709051 655958651 672008863 869038001 582021679 395888985 519009235 359632261 259854617 605459025 480260636 264812718 585742940 739951456 560595371 278465366 175109723 171822479 170431972 295629158 370398009 182376573 127936787 307549872 251008094 61154289 48958501 95615770 124871406 154189377 320626751 292157705 140535196 584432260 545502284 141779084 600534988 544643036 276858533 536863964 705173332 591532446 387198102 339718826 637028944 763970932 284898070 235227953 287200611 266031682 343389876 619708472 726471147 452043965 587578717 555622479 266247530 334034102 546926210 542197018 612174034 514691737 343255681 242849320 136317155 226994794 429501863 491990590 419486774 625552528 755152584 538551782 550672959 431332088 349455493 683178427 416673848 319273331 427930396 343508771 575768997 721870146 356735329
94
412477081 659465673 431149635 532628246 428511062 247083039 652608726 493543019 35593007 219430420 248582176 142614434 251576196 208726467 77981212 390397883 791844384 650082712 526797351 570817446 719812866 466181568 53607807 140487422 334481965 514851446 771684085 866748227 390079535 198661953 342611278 264667977 226538702 199563754 579285296 985622723 699228036 316062983 170183790 459719419 464046127 378506346 542525234 360171948 149964245 509776491 668896434 594391244 540510422 424887798 386486482 391395545 704540323 825943606 523374395 118314741 243692664 293587318 180605742 229244803 544411660 903689955 941823860 481185761 350949420 472004919 448510300 563854346 712879128 688313387 391439695 298474756 614792066 742476256 704016347 801249887 457436579 197536800 255952099 200157758 139904936 200225822 223424680 462284596 418161502 350007484 506365723 678279639 643072208 444812021 687450458 774758558 830444416 507422739
98
88627300 364387729 555749117 379482961 596345252 749898480 357012283 146044304 175113812 474913410 352032639 189956512 227511437 433644604 606985787 554834631 778356684 855853729 442988429 232953399 378015585 239961064 548826452 622797657 519283784 496834864 351027760 482452575 475012761 361953447 170899556 422287654 814471814 508646055 468301663 872628535 941166732 778317792 526135856 476702835 280367991 226522171 504211671 522389987 517739933 744009893 930090622 840918510 388850596 265171896 365443866 256007347 321918581 283563593 540673081 920640745 702820193 253375432 111214482 412788409 629098314 379501391 188841297 447548166 485789466 428131588 745403079 705889101 328639531 105454021 356379453 827495231 876384469 520423229 341160089 619445259 453547146 406648658 635003663 460065410 589728940 629419042 245476640 286174377 489709158 653966721 885588704 512687146 254065015 500221845 365876110 410663929 635505102 735904858 484219349 377946974 799323614 449407692
98
240033451 0 16341005 144230221 180459825 172735759 245528443 394571233 532077096 530844081 559790722 491180112 360950613 181428387 395320932 770585807 530140421 473342458 406965468 282841346 520851088 764831993 839723827 781684951 832758412 530220896 173085417 412821727 682587992 499146731 250473656 330232673 475393785 617152903 507839673 237853561 465741571 845426930 841627558 641211357 400142938 212451677 578518564 507762476 152097093 167107064 90763911 492827819 583881898 350408052 488064630 469686388 495212074 335520599 370355086 339611602 284048060 481184634 530114380 387421344 185924503 616481979 751539964 337720289 403906695 697910408 540430431 293587091 329805544 563706290 382608309 222880754 654781450 723337681 325159512 470680934 877943737 612173249 155014319 26757111 231336908 650940468 613906549 652569098 633152264 202757459 329915693 621316523 383169861 100470922 469852048 819831905 412046483 358073322 527187275 276834303 575136622 479319738
96
50277936 454512837 555909973 434927385 753390944 755137661 356908567 338785827 436414809 477896886 695103766 541488567 532347953 617260450 422329630 279831729 171635085 565498529 975885237 695385294 484868999 631427513 543901351 221780722 424261587 596655922 447078825 487187850 406384664 586256558 485206250 132692252 149544646 330906748 596505385 553843111 285948942 499088790 451180950 294875973 300133743 170941389 217990803 296632689 387535392 310317103 290055276 212783034 196421927 259635046 154081201 72712400 106340739 383134347 412363326 388026111 372568431 475042290 719082667 497541915 396552141 681812859 893098393 776227471 547095053 458987552 351578725 431531174 585276381 624178905 547817933 563469842 838743113 497255834 451688747 583740535 396701141 360730409 608739893 922755079 548334342 313395070 352092367 373315247 432353918 459524150 292912786 452828688 519715811 538833264 911996465 905458844 598425417 183950719 317479957 282059017
94
166597115 562193580 808502353 538305661 296801285 310489584 213886996 131821745 497063975 759276111 657717067 345541528 28844231 24861113 5777584 14809941 363991697 699533559 443712694 362063038 355773481 288336310 279624906 502720709 756446791 601926903 407816914 241484833 221421382 352922568 676199774 688869563 635642900 811991245 656400248 508547726 283746934 396312734 675444646 408293815 339108828 251567839 202387771 197316381 310376608 303841410 98334676 547617204 893881342 914352850 850329249 430392437 80596192 58359344 331207363 564900174 674549893 728178308 405200144 171925353 203063761 187845183 231784607 290391720 530203157 525973684 609094601 533707019 470930991 891872739 601195664 401466641 294553515 210291476 274779385 271577459 651038652 657219074 566521640 553365099 573936051 809831713 712925238 321271911 122008152 329831444 501932989 421405154 282826001 205836660 422491443 451501046 272264524 156793822
98
146694894 0 492142044 721171586 662401784 515550277 288822088 681808417 542137513 335879453 383906398 516214455 788599295 543006717 443257804 424630074 270264500 159606595 507730397 884691759 567055247 245762262 485387331 836914097 913974864 874009928 418978795 67801619 199492684 416611277 508508876 396528401 570663838 431520021 430322113 848760821 817218035 596082635 328317589 520882026 470116580 342335882 518017477 323960560 363566062 528344129 277250928 202975095 605493831 865490397 618229617 622234981 851573995 603674417 387270137 401754051 225593357 293352795 614408183 802601231 771238834 698410245 813145409 612887742 677283301 991339978 894859262 650321819 317352216 197730059 572247936 627356262 287300165 151184269 284720277 625790693 538555406 228699615 194732264 585096376 492309494 449976157 625464291 328316975 164750390 369557114 542316304 613886823 552088585 471543973 398859175 262868257 476430522 756382266 497006077 509736124 700755220 216875785
92
207898986 487224473 579608673 503450863 479923888 428619636 205919013 361677331 547775280 562185012 442291085 241187604 403846414 635989525 833101575 699146798 410498377 613595917 672753593 288142051 174329290 381445680 624681901 617626989 608722741 408261452 209756375 287896749 393655742 318898526 328509540 700960136 624171688 484735439 372853314 413733573 399641587 457597267 676305511 619392759 349633302 130237094 320914984 674599516 691677723 576287639 410834947 331206278 571538025 729173200 652323275 382598884 284321703 370799290 683324078 756764104 715546620 578702320 620681714 953501553 504975640 191223373 319858749 447994324 410899163 302134353 298003244 193581963 369081092 700676875 558210102 207650381 288956808 585260469 387770190 417137535 680388775 701444507 888841166 906145345 670386936 614914312 691239805 586022731 347835688 429379792 687445477 347653503 119898084 554808608 751762892 290929026
96
82697555 101733217 228220129 391543987 411144678 413582965 478518615 309112738 391961624 529391839 685735402 989094536 784493049 387610811 371605561 531741527 291600754 225323742 299770802 307069741 232412938 456224674 748001918 614949877 296772980 337317244 828614909 720334162 399267347 647927427 527648565 531414100 690761853 683378834 674678806 399039065 365952691 470766033 571393726 388695639 156350194 200339950 445275765 562622520 699457898 699304591 453372319 265424931 426196571 748239162 860342406 617710307 296407575 327050400 497117989 523213936 572296569 745876462 878656372 906425747 461767595 90688659 250723186 680149398 970646566 913541469 450363260 253044682 478184704 581884014 756962241 656599619 702804242 579707242 129164722 436838245 492301993 424671556 823452558 766459059 309347447 379392922 536035479 471851015 454260791 625196853 549761727 172508430 127480453 245152815 216074596 177792181 483795145 538035605 234724907 48605244
96
914544282 0 47050514 208611092 560637291 587304501 255536423 407163190 372409522 323391082 599413481 577308575 667349544 483482330 376831414 356159211 528473451 838747333 547202125 574156652 403543960 209086913 581130589 862803514 771446113 494880997 233735728 365848627 798981097 675610022 385515809 472888804 561748785 454125178 374924033 543832283 573131886 671906586 942127149 724787183 742409914 771555211 283860844 300362305 393090464 495864350 654324185 498968660 561889509 344495660 408428414 714114066 339376247 379284209 782414240 604435314 482823799 492738619 303799962 425573007 810783787 949661812 926224722 756522485 405611719 344386886 643326518 503413168 535714522 720386295 518989670 263028935 92014312 292670726 320230240 371399735 536535923 581039299 733852751 454218411 349275086 560927527 543987752 663174808 842145078 803430423 391025890 245894200 644735975 767277145 781102455 683301637 680807716 850834322 619331772 238249092
94
274065299 379294011 320675663 242213181 233188211 565536592 628933165 543955629 709999018 821678637 661661463 540299601 325037805 483871627 848030488 904891078 859878026 672569706 793249421 731332104 437724052 678418493 495298961 244024051 506552011 480540279 508955555 754068045 595146154 428164650 682964845 434522028 296469858 466513741 475689437 477457371 679308420 893558056 490224221 258159901 327272556 593460298 786903001 670287678 728843057 660189165 667262729 424166646 449804137 672547292 258166479 318138070 557590448 615109017 390281894 396875134 801129719 707408269 362360979 381841073 707659817 664587037 697564711 534857936 359712082 554948118 413685767 625163359 797067644 550134637 530224329 609609990 653113743 345698945 509061670 594178831 215402587 243881896 629943534 986698453 639633636 316975043 419054971 665483869 684502012 738212781 578087088 135390742 365619556 613198158 625802202 366002440 228195811 220884574
98
156742446 259072271 211260506 382628194 368361814 540103860 677830549 263728322 166928491 284970644 234361693 201354013 100932631 267188358 508909418 441838197 386619188 232903746 233516622 458732345 446262767 646537484 465597920 227612329 291951432 111955132 131095318 228211434 239921727 238840667 290397607 594193507 698481953 330275951 247197833 509030632 347369407 476154240 861213109 777281521 752164270 653481628 599652922 522849425 345210315 350147197 441774280 451780240 513141815 501104007 290489210 520481330 437253218 351731827 816895605 739027151 539814202 320701123 126535558 249536179 455626813 391006288 531810724 499297658 214196772 406129230 691741365 765650593 562550405 610273432 788361834 374762608 121582491 170853094 327999511 706606744 660411464 256813697 183207126 479612868 628769789 554454902 475132771 458694516 253283937 345955786 518166788 299065235 302763492 491113091 643688458 665328379 741222722 448587445 24255736 50411846 183581454 128167112
98
669601775 0 277989645 377968179 315236030 396729006 512309568 409059973 117730894 132064424 272942541 198184672 420392431 454247746 447556304 515087239 354540440 303148648 203210567 458659311 733450624 623918550 711445149 780397126 722639573 774437725 769780604 535578742 277823405 445214731 738421766 893691443 583121779 275306469 180442611 259763761 603540197 537332154 196016253 184803381 341988756 306528539 192780255 218517064 186135305 567823840 911869938 865497878 467950709 267289304 594002756 534761679 417688036 327530477 427352421 661608075 675407975 385788180 480120668 882306788 592294688 392128329 562988840 486093285 235997926 465704662 634562588 259299714 60199980 512256875 557376725 113884452 213079461 227645643 539762734 749292077 259474820 74630525 366562127 322673770 175467547 504245674 703330227 401807036 369504226 645870563 774943135 773492324 816859364 766094670 483048826 442855335 270868434 456725860 793314058 531267929 168092470 12401549
94
385062841 416061172 277400089 589705613 686820363 720379182 907548050 830710747 564469183 456634361 499229671 336707512 107765393 291592529 270537968 394161005 468235845 182224210 495065041 648134131 362713961 331817330 366303754 505113288 594737642 422278281 304587792 556700370 854866211 760069567 402172541 596703603 550955738 112286538 550587587 794503058 456585135 460223275 577603525 352208246 503134063 924696549 812640704 419380267 287215197 231840517 255811084 687958161 927179148 533796660 251362960 343333850 396333695 227526797 303336772 332214779 166433139 215032063 235567462 542973226 707021254 497169196 704193736 822384961 800007292 862570611 649940895 669670291 539042745 180336806 554931556 621766864 466707524 704771397 485609471 183698559 68154927 226420232 242469008 242427071 489226865 742805156 632302375 531080296 490808591 573465141 571678812 210848731 333790822 304518522 164935179 190648136 357638584 299173333
98
585916923 0 484234756 767766875 683917207 823149437 522313732 338615780 596567590 572886212 601860638 537654289 168113191 143222361 217328323 367827651 773673535 524647956 85496664 259175066 509577973 677107806 650599301 320356409 449243363 578674202 555199522 837495291 457500269 383503031 747932038 390682274 125640040 154914662 345623408 580162720 474551674 279879936 509746527 641814059 305171431 279193626 662535093 768139033 553601050 604186388 711174704 515173978 583160717 780714205 735447436 783992472 555829652 415364078 350286770 394969262 754710647 450220664 126466617 458287334 557163698 255491485 219854194 670383094 638550738 443657960 547584427 343937013 316189964 398856876 415269513 356200449 604364017 696204383 240006518 412436950 545706748 458385753 782174461 803944249 620016229 316959331 375883820 417410591 382855303 623363956 555858579 357722524 133557293 494392342 471725783 364118949 690672598 452337697 455114337 497238141 617411326 474644614
98
159548373 698865534 803058807 638263827 388522821 867471964 160961199 238831858 120145187 517484336 815785881 65824893 951889696 199851938 785242674 684164507 600867820 591624378 126082415 475345399 446700336 713666446 809027712 778642982 745739667 517794563 864295795 293033217 211745519 847618321 356860820 570227666 22668928 413774279 563979069 17639885 590968506 270276288 433946455 955082577 106985512 204189498 687950707 179849289 382788301 549047037 190336776 670673516 36723926 546095819 705418982 139063446 829555369 805778904 106495225 940304354 373210719 339126050 576269508 91798920 827402343 682707910 304323783 337486615 951381346 42313377 895151893 163028845 639912047 178625569 713116537 537041811 726779145 131659061 975484964 28509506 393560322 733873828 143790395 432866473 111944525 210044677 72932911 190922971 235110965 64685123 206947337 370835442 199300846 961568639 494418981 880559998 401927051 382672230 915440703 755707173 836047007 263434927
96
949327675 0 233979972 696800140 903712004 690168614 425478378 399579742 584526989 647225819 429520255 288290015 217416735 95615857 147937917 172799286 274773179 550404472 768651866 620537387 612337506 493306243 298894064 731501721 783144113 535363317 688675506 458779505 53404083 215323154 559898993 419854790 365224222 555630153 562889762 408397670 501553930 573801911 629434355 638345990 354826643 362912333 190405897 441999430 595402120 653667161 513524769 244799750 452489949 649139747 664148454 391524849 376187668 352718887 158208336 128758689 473618191 864892465 584086044 143323238 83942314 420703325 724634292 718319725 740997357 411855570 274369080 349531256 341671145 382184870 395246449 284126694 319733516 479293631 197624488 351424762 660977989 656673576 544198589 229686062 332416548 548756521 469459771 327093822 324607697 605760275 562732543 444541095 329386667 505932383 444435867 169749734 615880432 878716540 549099130 125953598
92
155941053 351023038 485384573 554177303 494281157 672158247 867658828 520310159 84868929 99932885 146918703 383537095 382452803 93858653 461939093 800432402 550944198 354103039 343161419 387054120 525101744 287845497 240779017 502556214 708866860 458373519 273428084 409065210 278706136 339469911 602394661 789968771 719970252 744791037 787743700 665457261 593241086 354589396 525294019 535670839 496472500 868820687 631249494 661014338 599346998 324852775 569814763 460550899 181273226 360656945 599184442 444618529 378443052 327493502 456093698 575852574 570375772 489312275 564522993 848642586 608617391 560512675 387110239 398659856 480501186 295784865 534786543 485330389 193751044 178393337 429374964 436199024 517700023 600729051 397232860 226387969 61907903 280540150 545095279 418672328 345568394 724816564 784318574 328920240 372398624 395057254 285748215 722875863 841077641 489575443 599471757 451869176
96
425789293 760711875 616346070 330593917 398706737 715494128 582221402 280139342 210151543 239109222 585281482 905367638 460324342 233732314 293279288 181068540 162697632 215620705 555260120 612180133 539126245 498271597 450597712 798615462 712557907 376941416 198985977 213432130 473180980 518216027 631528576 620274155 335201959 354344203 720065636 566467463 317977727 663721679 590087808 346223750 662213275 937164154 461712131 55949197 247365735 303264449 314896732 712415441 509017807 250337534 478320004 446129419 323983546 210217550 153098713 301123378 528046906 626893981 655504404 353376245 97590720 318442354 299310691 310528344 345760620 353395400 313344818 226999722 243077680 139235711 295467932 452934724 595255178 426655375 320775314 327725461 471730449 414697448 156326143 531031527 748796028 469439357 362797130 742405130 937122588 856085276 711785449 336057740 229052376 289653013 533871277 907473633 828345098 605922910 716367777 464224788
98
862801977 0 497733720 515615856 340820615 326120570 174233556 256856529 412680671 572207437 297371273 384593113 409553177 147198054 362725704 603384401 706255461 813737660 624936914 341244600 200535293 520118470 927976020 805647216 769653665 756750265 660114882 570252115 692087264 641601858 393815584 403946533 266448618 407061590 588679183 516241852 565951953 452771416 512071304 566331129 323361355 372067288 397943003 478163542 636295145 652135206 513974075 457837073 613060247 338566359 371451157 673920095 497998958 527596533 646911479 455447891 222265884 125768470 287896049 501938380 472760219 306975719 572544026 483807729 238102398 546570354 368584940 471843879 449443608 201979817 536959803 552624092 333347746 168429135 416502468 666456551 297228875 139839927 439465495 605024529 613620307 679336072 359573668 20826464 90735773 105685666 319250053 422550736 574795436 939953737 995436524 984786398 659767079 408191161 622728202 563591091 666098540 488152811
98
319429117 0 299661799 678502084 439325401 280660699 709280512 964559400 905479783 640216458 696710169 775822405 371339476 172425413 273971393 375633449 454913278 558856161 322329259 193742877 500462858 699929624 698382090 817275180 638206854 587464627 555213870 404695058 301282628 227227652 272370672 406483552 396690658 65612817 261177491 264714356 20574071 46280088 383263663 412885976 512309872 491218285 124754888 356496740 325898932 347382386 485537572 392440810 589742476 453559365 351885771 461946308 561027707 783068528 539450685 219701667 550301731 613908418 481396082 757377007 503544962 413431633 809901945 950835907 838670445 796502655 681389599 726884129 871136550 407142861 136103089 421707188 560005075 366531728 455522461 643741807 329798236 160035877 226005242 182087159 423929862 499650255 347751838 548050484 726864560 673191406 409771030 165941755 346681461 499622834 486249053 290378489 387907458 688651668 599369779 419728196 470972169 330313034
94
278019991 647831900 752113730 526995533 549925505 843029572 851266124 658774585 581761141 595408523 438792894 375949606 425279835 489230477 738046749 540690269 224666659 316248623 403730236 398026288 221091683 505014935 844616461 616879623 532902042 575480663 610675201 419177041 220749888 609679975 579811859 558037865 479835674 541218147 740095726 317861490 179571292 414671465 560113323 712198154 580447379 263497581 456709622 540694924 519779352 632889662 453112519 366604135 564053035 586596463 451931238 236724563 169363449 614538452 805454097 763351004 607172690 361529101 303740307 390969899 642281884 419575287 491954052 811380375 406181040 238411241 695128730 751309491 685024816 852761833 910813751 893031202 546078947 288287408 563769238 575727316 277941121 538259333 705663104 727327315 603421001 317123825 329506056 440519373 524023738 472290421 313244670 527190171 694221325 356348745 323295842 553053984 569460926 224442104
94
9579623 29531949 432018300 754206621 641924570 610157080 613057285 696274074 718248707 353142134 244110221 638723451 680904866 315847722 260278352 501650865 684972796 763808903 427763754 478454204 618268499 684282136 784561205 422051148 608401005 526292514 334793414 643235344 783481716 486856345 91227953 388413938 370710336 117787214 310621248 696525042 903122471 827170500 675665867 367879407 167300109 284356215 695830616 705710632 383436750 281876954 622034504 598155592 378406267 271107460 478452194 756026056 569665656 389102508 583213858 977587114 552569297 449930117 738505025 558032713 694966648 667180634 303660958 434218655 322363056 157239168 627205295 517388689 55122237 508076861 966461867 749415871 556838673 492988282 492666378 625631128 473523283 421674876 389947461 162840327 527783929 956843605 986011667 907838969 746689832 547795929 606841226 563599593 512269988 391474942 331602375 751356550 668881784 196223090
94
506610234 874135905 618844018 380413396 210726684 579958310 606653242 286928194 500389602 368654646 239900370 332179697 487058018 549006725 350030428 266127671 408164026 399439168 311976166 684811272 862970966 791919993 714357929 645318025 601920662 424910039 243334631 276033106 367373375 572062769 580894795 339715791 408856284 417517359 504011829 480397331 634660236 712314986 456427864 557568491 545143526 443723106 690066204 579169426 168667888 188624054 662651920 836361172 746181949 552980747 604590039 549191737 285455722 281348873 548340317 503164872 536315883 694880575 465006405 414798056 597573735 858311083 721481573 453108440 475615797 642947472 355692836 81753455 107353238 405911675 644263229 547615662 581288756 689808156 543117109 691684967 525303246 475278087 720210775 698053728 820896534 605068565 602608967 671147803 705740532 725854830 495047049 456684683 647832135 713590678 442273248 510456926 803920745 446869014
96
314207240 581819917 590323912 598808271 475096119 637983565 863144524 568062225 652796360 543820515 223169294 380425376 369132095 302718726 426550006 784253675 840852827 846397711 608145259 338284123 573775454 709704244 569090338 560005573 607443643 539105523 659468022 713138760 400083157 357779074 702015834 794436409 799792752 648824676 340242870 178532531 250736763 536543755 656471160 603129226 341133514 205345816 494620859 676648112 561737192 413104892 282350946 447065795 424132104 78755406 322833119 532948798 648656319 720741804 796928205 638116137 401937036 690188685 480960905 254615151 302747699 595187996 697955172 272457272 199353577 177427850 355468276 727154483 493795224 445904904 484883221 457785969 439568075 261760818 204960339 264054070 720456110 841015166 780456691 833647602 825509568 452679640 388810011 752039700 860705094 715242569 548569583 689100509 857582337 917388592 905937036 466525878 152314199 588220597 689504582 247506536
96
375135918 232141252 625426182 550442723 263971925 413347974 568558860 485231676 603282840 521872861 53646107 563360648 950814308 503116240 219654630 321133607 741158286 360160016 520625211 652420066 536469664 517945590 148950491 401535583 569259091 536755188 648235985 631073492 734221269 508719614 403579327 461603217 658637561 91967364 622116539 994633124 372711207 18215958 3311140 560676796 411847880 635443499 681561880 138725564 956485807 430164009 775584042 136523702 887285779 723704699 140536143 181821935 887188011 265033781 443077093 664516735 686794371 342972534 696225094 310946625 799874800 321770206 655029355 121431185 739202560 128835644 947820330 36906442 396362907 244049515 747974628 614641324 465605488 200527849 143357163 198730431 570520714 636572599 30087230 354154505 426966690 301201261 3441069 849595375 946216386 66280697 626374475 728211872 741289912 865872946 973323369 115617044 913480341 373477977 311472126 795653582
96
478187833 684543806 556965750 724146443 904541961 831843038 576342726 645613784 795356942 663449741 535072122 757486785 679967548 290669118 603443040 837267516 616823755 424922002 540470355 758099550 753869513 876100805 932526125 855089793 755610214 837562125 801364676 763415843 840227655 543634703 282890598 446725678 534675765 335580271 297447431 609131677 893987729 915712670 603241436 572441071 895186451 536059094 200368326 575902894 826450682 807071579 636371894 512129825 512529494 369381885 445733019 799957348 646944085 357651222 364978992 557287070 469397143 215068942 426865191 558118272 397045203 399328609 429756832 428983600 320155577 269665014 365272904 393483474 431061157 219617345 101125505 494593011 794368968 545304383 600740584 628748673 437733981 400553667 675303880 736309158 642502849 516247138 174556509 146226846 126172698 504112744 997257164 789019318 339794770 272190275 629758072 925083102 934981636 733896685 338909365 78908513
92
396153358 450521067 475117832 666438406 621869339 726096623 387511774 159460414 424748733 521894623 275253235 92203629 299491857 597919142 568544666 425828276 406852527 648080956 606521926 595951385 656319213 445626425 237895075 87294062 342459837 306214321 358059161 345025017 27851262 179975875 266958040 173975636 259307150 285031042 145209548 179865717 501873641 489019085 103063878 133040483 214117433 473703341 767777705 518842818 544766311 778291950 628948178 514007992 389861617 246304393 232805338 104511801 95029787 378279366 589443422 690073309 516192708 589090049 602389600 173247416 212271841 185397265 58537351 390639126 697629807 415603336 313135068 452471623 382718380 539707317 365604584 145313708 446037760 457100131 182544359 432006468 812256506 736679136 383908179 244484622 394301204 255790827 243364773 407271247 211945071 96746377 501973449 881180422 584954023 323236396 443883977 238017863
92
719693075 944322865 871390583 266825252 222771637 667002411 333567181 405560511 793912089 776448871 2520201 559250726 599475798 277846028 74718638 870761119 43353252 800743199 580222771 169774874 197383373 140028019 448288643 31694711 867945429 605322456 446275959 29794316 514629013 893048592 616162213 669112143 755554154 58745689 22685784 342206650 668426233 333075964 294484411 668950688 204922595 764948050 262511203 227690583 848915758 682431936 831440222 668007561 901651728 589501364 583637264 880174660 467595617 744639856 224198683 420083951 825532698 550922028 765058291 14638972 806948037 198227975 381231491 786937316 116760494 927907126 50118108 205612476 616024661 280066547 295328059 447451193 106393299 23991349 629915477 115002730 898226406 14747363 37372156 379096195 192838183 814048364 456942103 251465580 765978555 296814700 914196248 275502479 521636657 42517945 48275392 20171592
92
328465452 395019456 836068488 997979870 25764268 976546356 152227901 701052864 486961261 84551961 869895653 802270345 355885580 95896520 352434737 39660304 453082443 288278169 142895460 163314704 273393066 796416882 858670349 634964204 21844979 830821371 402154185 681222046 231874968 524866380 773530597 154982384 692799521 358983461 931708034 696754755 322357097 756493815 37643935 353408534 628729046 86032669 238946363 622145931 834440488 814961557 635703615 351117852 69686304 367065436 377276912 235103441 923487785 215520092 312606073 272819815 81798423 757901921 772853387 163859052 533721565 326878096 822456364 257622438 935374653 560119906 818414391 39229841 243611897 833456484 709670043 497690040 209741638 935153386 5654599 824613348 500125199 188748508 172452951 753785310 457828565 249100661 97763720 592607762 431839448 111070872 683797655 341959640 409711047 95624553 823991140 284567697
98
200152119 234822335 111925704 308633578 670171493 495220395 191444894 404687849 602810509 583320446 335115073 130359086 344399129 492654311 629599359 559782822 314292000 354011473 371785102 411321561 353398939 228025843 269913968 255040800 303989414 580088432 613989670 764012090 583942940 364201294 407010424 371629841 418130168 322140049 617855874 915686047 947527514 982657334 540467374 352142435 562527730 288645899 552425699 787516122 670025475 799102548 511441720 559907170 533783259 512628731 739676039 735964998 663805855 355913155 237027806 148864992 167315939 229723579 501773691 917527513 686325129 551796708 606107444 543335845 498816845 647004888 842193518 479922288 366217244 702473399 645207765 474291260 378743989 395934103 464133703 625243758 838425146 860325035 935334354 950444766 904270388 807510881 521676730 451372716 728944649 531935650 256025695 296939623 462194341 783189634 669163886 677434265 528012691 78773179 126728434 298915429 314129082 137299758
96
940536511 0 60590302 392298663 770483594 687045021 553970908 578229772 400222377 224216051 201762713 442870041 529659041 559258326 543464180 259971212 503961194 544782685 357988501 521016477 752598279 614965713 535962599 661722396 488153409 220418642 467000960 698097496 712716288 969341037 722671873 597789061 761632346 589938515 286614572 578749710 906300601 608534085 329319568 634955441 616142336 614993375 698279804 583696084 629028075 543293936 587592164 334547194 84959313 304587239 274034613 307202777 359524577 91689820 205693561 316253503 301870642 244271858 554318919 682856940 382985234 543211782 811333112 594427067 169187106 77345611 353439114 682649543 658408363 715247979 589412278 565856899 578550831 583942769 492848615 180928733 498115118 424015490 497654369 921786259 856842469 861854803 506345317 224794738 254106359 392540892 573492709 311118796 379198287 600795357 588015378 641850582 468934400 359128853 452541093 218838238
94
272896262 763652508 534373541 231068348 557939176 563483493 290980748 324092647 694390159 670353850 588582489 471296773 420364756 373960616 413232803 797811124 542820449 368095381 428457411 379867296 652754506 517053395 193752712 172917357 398402233 586308399 573778026 617281365 273227873 25790181 367193688 678409209 340050299 405134565 706589312 462432800 454817557 439381639 392676035 358393479 329636302 345462787 336730406 483154211 630115177 756796969 711518763 476803045 495619788 403840850 459121905 633792247 452440599 388195636 606256753 784772414 472575816 498689908 667222931 347811142 120016509 303755781 703776354 498248642 419450490 770879836 568695206 663182113 889482777 405023439 490671095 672083029 189525618 475819184 779868872 388745370 283495994 560996934 459600838 304093708 544077151 450184469 441824230 416691298 76176699 151902080 262197329 333734177 415230609 546615262 531475320 488754499 772207520 449477631
96
301154683 741134387 457168428 452875948 773930627 464292155 363163566 576843669 700507019 624701745 776856370 731053450 659093452 559782354 294660029 533486109 845894720 511212387 72318420 536814450 935509289 830869772 650762233 622007914 838301625 527444465 471784374 732401425 599232981 706937924 816324754 676298932 405852929 335413553 332460463 230505064 559954782 465342958 446866688 791425837 850183310 746199971 368778880 586032748 562700241 161270967 77520753 446196172 700861304 356591723 524877144 934524895 997974569 845451491 600751647 690163865 622814701 579863907 702957894 331845177 479933266 889041223 938426974 800879882 546022507 540410921 613130313 670260548 460756685 360008600 354062194 302261916 594816085 852407387 660624836 310320318 120458031 102091872 514475869 602191242 337488981 641137507 721460998 428507955 467729781 600687412 787415876 604411730 635160007 688936792 476888187 703859620 636666826 437326585 583993411 377001778
98
260696183 261317776 144585467 244366830 263141877 343186241 429117133 440861087 493731071 656960152 837542814 934285709 589643360 246978126 133482482 231940225 412395201 311362030 520324726 510517049 289554755 430378220 403155872 479299559 435220788 239104949 280754681 264802367 355109322 330515909 546179659 843018066 886420329 947670812 637844335 629141571 504367853 166649419 126499982 363596202 770207087 869642785 912187915 776693853 713580612 836870544 817060139 535719689 160254760 53268691 408785892 434126167 386894927 361600999 437813407 562222280 167711634 41527795 234292743 558841786 634040657 646252176 843831337 765343200 451727876 586226165 913993218 559212690 241439780 560283996 420121371 153007992 543592910 689929417 641605411 473194892 280238595 272640660 468518569 491915652 493512819 488701690 505879457 770590436 407601224 85305833 445501661 484263002 185405546 406305322 593354801 355694625 540758187 553959014 241871404 309123690 389125124 242259613
92
217008142 249785364 278752060 581843974 599470659 370272231 186142433 264221927 429128872 677668686 582197512 203912615 214616028 253618271 210197538 286729161 441712068 535716767 627177567 835066428 934219646 834719656 673944425 392915852 430622933 378924706 292530076 691016966 939888972 896700784 756721699 382036886 111718414 420968041 621253980 309042987 306851871 354760885 95242864 289450914 724833724 511599175 516789328 523002738 482367301 466451592 221234936 457485891 359757482 545405089 550818950 486161316 853074117 773087923 352201241 252525557 663931951 684724993 746095135 590896558 597468088 795150127 408971401 341890566 323879625 122860202 485927287 966869077 733066616 670508000 939634447 770543959 554509969 469408622 672549445 699827649 518957168 357149468 396729461 419597100 316421195 623219488 616236283 513830549 677959435 714795819 406187466 503941329 890153038 503234620 213719985 199332325
96
971689612 0 187629244 638370745 727073218 390661267 474021286 454743540 216962996 439350165 594666778 537835386 361931750 102658406 20168856 246448498 708810881 680585625 250286797 506126688 760820522 805547698 635566189 195093274 185801548 574834710 549991377 206496562 120968366 64100240 188788364 214257544 256617137 303316461 261387272 557981849 429071271 443752221 534578960 436071981 711126520 711692749 688065498 849493429 795823744 472806555 343572174 277510313 333405965 402975759 262424082 118128689 157423496 452582459 390520431 106484219 497333124 505797293 387960121 734784651 626783989 612994072 474509497 136663251 214685439 368619465 293935938 193749679 293250537 562214741 778188519 504249322 348584316 416756794 360179369 653009220 785822296 384880128 239245237 498475922 337768426 441871590 583837043 574587886 442092772 430756009 888993563 533667214 322868663 601471848 741482542 884189192 506892173 53960928 503044664 492356713
100
300909390 0 316585901 428817203 214745062 558717572 505047269 282078835 283667028 407329415 798132852 809522566 752087390 591230522 382205321 348164913 197808694 276566207 428764517 309698913 554539579 476593453 529769031 512337603 319047484 426627544 282417951 433593952 309843749 64922043 271884512 531293323 596088084 416198998 216437908 95200434 38608908 118428413 285403477 317578307 613523694 839979408 657067180 691435017 594225759 645993129 762836102 545487610 606932876 754826499 603422720 257619984 344386948 450087533 139234132 254726254 561767579 337523793 217816955 466811347 426140300 234875051 459757617 557726165 652941171 901654928 613092090 505473563 507779550 607006875 789231338 590083712 553973960 478272080 479743115 644275576 453704760 293117128 490382378 690651580 726422237 459275435 301879379 529618324 630597585 512809894 579179262 799003710 647727726 707544000 511236144 68104560 156990134 516849007 605223891 252878322 67883114 248548094 527195537 318221156
98
189331973 545015520 379774114 224668125 631942286 887450962 737966643 646093564 569023245 597064318 724029030 502174279 320636469 403475156 491639677 440048313 169403604 61801655 163681592 151154639 520011984 501082911 50047470 192090632 444569864 284231519 188752926 477679963 796112298 935762960 742954261 274564748 49409258 349185849 276815962 444078615 824079683 439235095 318771626 658673089 651805181 614332134 751058273 627631955 278362999 511068783 652349997 278214243 549795319 867086497 616045694 304831301 511134541 686051902 613235071 428654172 311975604 337132501 427891915 628520762 727116244 451412178 511876300 691791377 461626869 451445371 442728294 566068421 781256081 576127315 244843969 208141499 347680976 486555975 510381454 450793832 178709999 31121323 98764512 303270147 410664187 540937488 710628284 399580636 122401692 306694862 488342038 323974301 252896171 269365090 101290765 74571629 164412990 504514418 890245556 681870463 648276020 429458473
96
336495174 406798142 685409239 644852915 313933622 301019688 384474387 799934271 591504933 588840758 772448024 693379287 567054484 530954814 545222954 314393634 391464692 439928496 454536155 366558614 447240324 590330569 610356218 500363761 343469128 347747570 385445183 747743416 814257851 396587877 565349570 882816859 768895361 428015405 498722957 758312884 566588532 357201330 490841468 674986284 540420455 501084898 575664543 395041296 160396122 482279640 770194649 485574577 271536631 612552701 979686004 594571867 269022100 736998960 642259001 616859120 601890789 448253314 602802812 467182163 628487418 687140808 716220608 539307289 437945559 657352790 635163432 439777945 668206434 709814581 671063622 873048738 724791451 423726075 358234149 473059974 721775542 950171026 759285249 885742928 748564123 470651917 343197979 462235533 667136457 664463385 713665475 892317407 992072609 846023261 512615565 215638069 332907312 545551160 686827252 418555602
96
154087936 0 7526142 80685004 543047326 581474493 234210474 270327466 461908405 542214030 666868404 708210374 345288531 183252338 321986650 709023537 788416172 776200483 771605937 725010233 889491436 474922914 63400931 94029761 538471895 859469568 383834286 65926107 128940689 402391109 690604209 725948594 769310569 867201364 834364944 771750533 854325995 895291991 839287739 576709980 300840750 369949395 519311234 507075427 502965042 699475994 759521463 620299982 403799903 471996832 428721546 344939777 504051279 322439192 539092994 569625405 425109148 701200904 733602077 380740288 362206014 570267502 352037787 415681164 803444569 573147889 503645380 603739323 505323608 696566426 530350457 456247158 603417425 397574522 465197088 498193947 164003028 332578429 671284838 612939809 302007495 533185208 539913396 511620001 544018407 489446142 628597697 714268867 884799688 579469961 628493996 651109469 634237391 875187879 595851095 159728758
94
172492002 641817323 651826574 411281768 326736300 102824571 274799954 346542016 122305157 433502509 698826821 620489956 541958045 269821680 73161894 154857574 388445003 521980568 544503124 764970450 518038071 149117761 333551256 561086897 584829351 318505453 279955440 243935514 208706911 194078795 80058558 410131003 375541799 398289537 520527106 389852284 486619580 509804545 669230901 843009459 830939854 447037628 155700816 539528306 686161335 709692785 930903888 955514205 768258092 538163728 578567932 662712597 804852660 623523830 507973596 471326631 405375533 634838689 822933856 588345990 596931590 517397255 66784785 161513994 293927447 630442547 546749065 88118013 443009150 484718692 536996997 868009990 869735632 725257043 242006425 136354409 396927963 488517838 623469102 633556598 230523006 104215633 518335418 875241834 893175607 436154902 342085511 408403995 277147502 498946957 398271329 382411662 582837115 306849639
96
827562899 0 113226679 347023245 525670889 311785694 501129217 702651041 500110351 418470726 274687320 472686043 764257867 634559156 457600902 478864761 289433848 480281452 747852823 427397756 149159902 270727583 288980389 548403580 825395096 609711957 623688355 812315016 513001264 516653361 488530009 503408820 819389604 632500122 339579681 156038107 579582387 497579862 395985590 611278093 661229722 467750172 107001147 149794341 265548889 224512298 484370404 707084582 433486440 289221512 308807069 628132368 906006218 777349379 642602502 400817130 213797975 281061937 523751858 822267361 799162842 469221234 202553373 548776558 655048678 672501110 859333333 806688240 524037392 232132712 196415220 205484882 394582198 685029724 916780835 714217741 447202653 526369554 420540635 605147838 539223419 350980036 536951011 463006427 517537778 296916467 259186506 261438479 365814889 429170531 206521292 362165746 297697384 536629760 924607691 460857032
92
921950742 818608072 570244046 970077478 120137742 683999847 44987380 897302278 35575749 572495661 407470362 976356565 589539703 212280266 500689905 192802816 222753357 378424064 680381609 845776126 851542566 207702039 963548393 716594834 351909138 683405142 742835847 705416091 437819538 712122880 188497803 706136724 369645052 46616330 356626418 189351985 48118018 54248698 404156373 170529528 897400716 810843599 561704175 947688839 477140140 851198863 388804688 660444554 947506812 446156157 446640456 669141949 169190672 661305805 757783521 664137195 795714813 271097682 534903596 848657816 727722571 980530851 40533497 526735822 824451746 355957 324486142 910301289 335361883 154361961 71746587 687470207 737869994 409569899 330156367 502086761 582594301 227850123 451391524 852095521 988848909 139573314 373213075 459621411 441656273 280953711 60561107 245799972 841110521 812182092 87966904 503936284
98
441099345 181711507 525188688 370506097 837338368 371441216 819323385 882038559 135178924 78598891 450035920 742372956 795634171 234935915 561817618 325987999 67646700 946695378 275866484 666432849 478028846 699720620 966523032 921212120 655163816 51360633 953009693 298929063 181429412 837305072 265701979 292102476 288931517 625243692 983166448 546222307 500709929 427518146 968068166 474125831 92764971 526599214 308532521 573627730 120163235 562242920 176585817 108795541 59427523 833210568 400742045 348521995 169160666 737845731 438308921 761633374 796551324 526588231 120508335 716765477 657768702 225810188 754406623 725340232 275502023 336720669 659292733 603935597 620978955 945910725 274565379 17034447 104696644 997079673 411521524 234174602 168883688 549368 33462853 97574321 129367297 171332685 573325456 163484199 144802530 102735522 527449371 701354951 624877059 461692277 929482854 471003233 142156840 263649366 731895937 333711002 724296149 796680804
92
91860219 326855384 594448362 801658372 907994557 828209701 610543837 288798783 470860268 868787097 656502379 443879961 728200078 512130286 164789909 444215635 741700591 494810834 514498435 831890836 847570786 677351029 564355740 846656969 803848147 388773801 83976792 140641195 206282332 301199971 364344103 611820623 491788341 161695233 527037567 547395158 466185041 333497407 378734149 848779484 777183668 577765578 587770746 620514581 786511019 591948146 320910374 681167480 972222763 612375802 284472684 176963645 305255746 295897309 508754439 524535985 508383999 766952804 372465820 522966773 886701054 513556983 141986450 543988812 671326844 336673169 318219660 539183047 379957079 290766396 417237572 372311711 683965293 971994086 903808554 468724004 205177644 161459507 181165212 515277285 457128852 522921113 559452251 214317693 172220078 128165194 91021280 205902992 432222941 514989307 746682754 517359248
92
28038816 110985515 352243098 879999685 78593975 644002058 599959159 695074903 888752409 292101191 551242268 554558561 393081919 554502890 822101387 825356142 512429432 293776743 777033872 651474734 650774468 255384350 31873061 631838568 544024634 179895781 760222199 460014225 60172201 274724973 517795421 414705604 884675358 637566586 815855122 183220969 645869997 718704819 799388412 293756780 117140679 470750713 154591395 194626656 164166633 361437053 241358325 416373785 829181154 330413368 547752184 307480095 858456535 385895998 854492481 534909540 449697313 277191371 240057648 486926938 928771802 735479353 835512902 925868230 507521368 27780406 311743419 2700813 820015556 932986506 42386962 386097796 182715787 164409643 942502886 936899241 228109045 277278699 989852768 854867340 417202910 188237115 359752882 618552857 134228164 120691640 197676005 866657856 67496186 224730480 477752026 26321981
96
244792689 337299048 544200335 504639118 325952797 373161384 161534222 177127966 452064009 710665915 459720351 221889242 352132741 301274593 393593821 714593931 553812912 348627697 585260263 649174248 454646148 495411563 459237748 280563929 288714966 564852247 577112033 540592126 637761757 398317690 500255676 776516710 615875836 653491784 749202555 644519590 637080864 540283327 307423878 444140457 528187137 174587895 485199541 822860304 735079143 552294887 600640989 882122518 752237137 426611023 465167539 580617836 783080430 997651988 962603777 534115399 562427611 802570692 713582658 527700176 505567487 724602902 364905454 290801671 585206194 631930574 692291737 636568210 710354881 583558081 587597635 874904775 892970810 805060515 789546122 585552303 215023387 415299819 823017021 984419881 965269597 780482712 683954828 499517555 609308510 718056324 476460470 401308671 518189107 557577050 313490342 209032178 451350209 472974333 307374589 230537106
94
25734815 134894321 539140879 927000040 550592627 417117366 445906758 476836402 465004108 434609341 469817087 211802129 173349313 457744498 522176035 618429177 933165226 703985843 518334395 372129445 194676480 149110150 468005101 510873492 121967436 104210984 554356910 798742309 701825869 474614647 506924368 879353805 550870088 416585785 664099301 545775976 242608995 442648303 524584507 334339131 677454556 587804908 486531765 443001365 284743916 623315883 559156875 293800808 341490353 285729133 537406996 872302305 661627864 230683556 379763396 399594185 450605898 658912188 758286339 716352933 235561261 498708828 691651353 674132617 736814094 309004557 416620556 806437278 428129492 42248800 435093067 796221783 542560524 604415056 751963079 557101287 270450202 88920206 398830846 418291994 385406147 689740750 900866793 766951633 394006521 582186286 702389978 588491640 403382489 479054215 863861025 630859730 255255305 67983920
96
988542299 300361574 955882387 435298035 145032326 284684039 203774898 633351736 844455387 237728279 841062835 737817216 398183 799826367 62247808 425867628 903640951 645036343 177061187 716808841 942682661 224950944 422876847 496933096 58519417 886664078 620242909 39778838 168320296 101922855 226974972 22607510 283262827 743254665 35843506 478729669 512750745 866248197 194180501 311705367 985950359 537666795 461712492 515051094 354175519 990033055 974263432 764558067 652268316 87096968 27447356 437437018 62990166 119959556 594788259 297955438 462299056 567978977 540497558 290300978 287287439 443471953 445630429 21594680 400970589 102131357 387445791 207415563 343564367 959847326 705661222 34725278 731542916 233827024 683017672 432022470 199184272 275320617 95729537 204348785 540745137 69242757 628902229 751160716 150994796 274154163 947565654 496704401 21804097 417298262 919491825 164506378 674026067 207909634 277612948 801853121
92
541610012 735305450 718633267 895541852 830623951 694805897 649041570 704811102 534651576 612249089 534995416 302328084 661755798 812886733 444446094 468306330 734728261 507495660 378614817 455641281 263207949 308933246 724352232 607596753 281218259 362525242 467046181 481904102 356535695 321092022 256454572 309123961 704304928 884010218 728906845 793331487 586925666 301409265 303198705 388381685 636953632 569722732 382202127 377661409 506756393 429685440 160792213 406034836 681194615 659981387 796667609 673365665 440668025 739083156 548013417 262330067 451488152 369538013 533008076 721553003 534726681 537317666 730176079 840246548 514244718 475236073 817247643 468606809 242661297 587726669 646919567 611271625 856252705 951144705 944265951 992125806 558368439 69328255 206885513 511930562 605238830 343513345 350671713 595487157 712462473 651213847 695651325 898529125 697653076 306872506 214220411 169456609
94
267612777 468899138 616352100 605980690 369857326 869289022 793906749 514923158 194841676 721649382 534242683 375820883 188393789 317219858 90951334 64761466 214021068 565793048 127779831 48097563 61958519 188283964 995953379 134408393 204640794 859412149 116162718 841940119 234347885 562355802 372082098 45909065 339635323 863381286 316826223 431355810 885041696 203627149 966408539 849237606 347102217 54134637 695127290 919202909 735832841 100562994 496735741 761477129 408449117 200568553 215223704 935349494 929696286 394333848 716980224 499018484 604661050 629974099 345329781 508610483 466280490 941445782 473307901 573085014 117079614 505062982 678227382 328557001 694893969 245448646 298550261 173120229 649317779 794228527 552996597 673402722 237326344 866453589 980953867 53865762 223709170 139622181 265634455 438183181 179822706 989084679 839898197 842955873 167436744 895901031 110740720 260983713 759333917 391789171
96
826470461 209861478 207310000 236935222 29431272 424433961 160438293 950073635 722312095 986193414 302371982 909214862 683475403 705370440 30669950 579119964 846152664 497734593 216662837 480040087 65761636 985774274 248929552 76954352 553837662 121643959 418589478 959522060 452809369 550345071 381042608 408846627 428012082 926345676 351161518 65566576 834410627 318176337 460212860 523690319 491166013 854024014 842945520 245787235 107123414 259463210 64604519 977901438 312188696 170975670 642090568 969089458 748154724 258089170 294898306 362745403 120026341 122458322 386500372 100640895 160797553 519415988 390377433 630624503 4229457 315178228 593716476 317490818 147188553 599613844 893767849 458117312 230121437 824593042 104142581 225924350 833953773 186144727 715279598 445376837 455613851 809115059 448931845 125247331 935190278 37613114 390403787 495196757 757821655 657869106 972810241 349202516 413493733 4640140 203329910 123748424
94
125644873 623169550 994934196 811998210 508536320 220890298 90300313 86485447 329730370 491690489 212696440 281208849 645134790 857323105 877288047 610274872 438477605 691696707 762986396 501002944 232974180 53905474 60550636 371199999 421043321 540355067 838290704 411012396 184350035 244776929 236713496 530384423 762834273 772037071 416081915 172516949 331332812 426252858 678023138 768072903 586163537 307756342 239245100 671396697 564482533 182233332 185570025 496110473 681072372 587239376 715108968 426314022 127682902 373780886 372606487 529226396 709411354 569134740 433358193 595210733 946459815 827231838 408328239 518394707 913222413 526991916 424624890 857795715 741403945 437655133 583955299 548079988 160083355 470859879 593187908 182745022 442394896 633116900 304167197 371850866 484488222 294982151 443575928 381118012 422773994 747731960 541263781 405519872 314770283 349142574 386548522 176947592 544921004 483973360
96
196185084 361438648 608646394 633097166 378321707 236273420 340493174 761265026 723699094 717072878 529917619 101399993 50525419 457553106 791992780 492782882 390122274 698770699 535663998 226439974 480656221 686817493 738197872 879755678 655301302 194122111 87299970 245943803 589921777 613404461 238182129 163005518 367756087 662244411 700842374 333177547 438042596 862595868 662629988 221390747 344383607 432718076 231734118 292455105 589002990 875285540 567239960 543707836 643458345 242830186 75722109 386532388 454924634 516236610 748914931 345082056 191488029 277007409 601272661 774121552 483393556 401965700 574075307 513481878 628751578 916790042 578774242 296874238 459475190 576249041 709079479 459085503 33227484 39028971 218178602 369573067 522270582 585904424 578915485 538593815 293293801 400268705 563163352 390638278 523278361 732109775 401588866 300817271 494281674 459560647 460237655 297779771 435721993 779743731 570676007 187929413
