100
99
500000000 1000000000 500000000 1000000000 500000000 1000000000 500000000 1000000000 500000000 1000000000 500000000 1000000000 500000000 1000000000 500000000 1000000000 500000000 1000000000 500000000 1000000000 500000000 1000000000 500000000 1000000000 500000000 1000000000 500000000 1000000000 500000000 1000000000 500000000 1000000000 500000000 1000000000 500000000 1000000000 500000000 1000000000 500000000 1000000000 500000000 1000000000 500000000 1000000000 500000000 1000000000 500000000 1000000000 500000000 1000000000 500000000 1000000000 500000000 1000000000 500000000 1000000000 500000000 1000000000 500000000 1000000000 500000000 1000000000 500000000 1000000000 500000000 1000000000 500000000 1000000000 500000000 1000000000 500000000 1000000000 500000000 1000000000 500000000 1000000000 500000000 1000000000 500000000 1000000000 500000000 1000000000 500000000 1000000000 500000000 1000000000 500000000 1000000000 500000000 1000000000 500000000 1000000000 500000000 1000000000 500000000 1000000000 500000000 1000000000 500000000
93
106788348 175360194 377251009 612106651 227939487 208720425 207344170 33364237 211971353 287627317 401129335 543318959 225269928 89231804 111544389 352405840 513945234 221346673 393658318 683780300 649897427 676126398 560911161 353775115 300465426 52081716 71489194 521327770 418218927 418159189 405762769 210046608 441725681 438580572 227653475 156608559 500604782 404229751 314363014 260339313 267833167 692318665 409583724 340337867 307056138 336367164 422528357 287390296 312671090 147795079 174141382 260069672 233010247 60067925 396636170 687267627 294633708 327221201 696257645 388322963 129829394 270048240 240232821 441823807 409476506 126322025 43304443 247442135 634740944 564430691 405430589 665553144 660639072 562243661 468244246 258814401 415001521 711564766 646885108 600947452 552856265 457782861 612540695 442862546 108109222 357570214 727840775 572601607 378729207 573843863 813878893 493073019 38490111
95
52183566 332387932 633088794 492149392 366354537 605088156 528778420 361915775 728326235 675652689 445514745 534725918 280595999 91578811 81840389 297609644 678461081 621433132 308879077 287782209 315560434 432914192 723922579 816951953 579467070 658617961 662722949 265399080 545802225 631899885 399849998 683173351 860729111 529492833 178891788 432454025 888464995 672205431 378953264 260203726 399230761 505982769 499014742 662517678 463855443 609182222 549334614 394436363 821859874 619257940 482484254 704995055 384814840 411664512 370745927 158227819 634557806 811834047 630246661 735935159 586889412 375996423 657473119 754117731 793265172 659806424 473941121 652403699 813045054 618595145 639586609 781610527 781094021 916308476 477142062 406229635 808666450 892723877 827783364 590441029 467979248 728366022 706630786 524054228 510279204 706754474 781116080 468982487 311754136 379993947 406270078 459254324 418958509 286376349 181292544
97
227587822 307696145 286533181 375910155 302880761 518435594 638557101 283769993 206298753 255309357 472160049 597595854 507046994 591261957 659226885 686104692 639001413 579401113 302786278 124909348 352206068 768794202 940167472 495269258 511199673 949000861 654875811 509883275 377611753 454905274 506016267 348712301 424417372 424927066 779554721 598805414 469841143 770674310 904698176 573061343 341007589 536950032 546903162 480559073 688061192 552103065 78187054 409669271 606422489 418598385 477032547 525130250 444084120 341564754 630364594 708938175 237735576 316116515 614640355 592244230 402330111 583001472 721488282 642373866 733670155 602446602 506319791 465956208 702753170 742281857 695415326 492982875 378911006 632656281 446694807 567294209 626000248 541756166 728843961 894338320 550001086 365311356 824635811 807125642 776703474 548448499 130543685 505339942 754843044 570888566 695807330 700675114 697249868 481906817 501006188 931094480 494188962
95
331789318 638100076 449325184 483004177 685537823 556466885 591383160 624706135 197457409 237656148 362863646 526191818 799160609 739023195 797039454 562694416 372467009 336034956 322622082 474742975 277151072 257542051 661012474 809296314 500831418 337708581 601795001 547464495 578684400 424630390 385169444 456630317 105262382 223483028 628568560 433881830 394575396 689336241 473698859 461705346 555609870 706407434 837644675 493982945 392230264 574528292 591806448 315497575 235036413 328730519 359319582 592700728 453866264 445230286 334584816 346805399 780341513 613660714 404610222 229923476 112356179 385617241 271502622 169001238 398827453 439201049 323798270 399558797 531199952 696051652 799020112 379360407 431581397 519442892 86564324 18011975 310583252 680434229 741414163 341315204 459879297 564568244 331831382 577313795 420757452 288857267 302939988 58623945 45323592 97599877 126123807 145498644 85906854 128170634 60255413
97
956231747 0 477043415 528898489 52633837 237328349 253065265 197179786 328188863 621862688 539858984 515419917 604728259 204546510 456365114 624031434 677117398 706760332 312970869 140742656 143752985 308549723 300963912 218836530 159966299 158423368 328698818 181714204 408397952 882783640 925876668 452416960 263548973 301425994 521033387 535222989 369571064 536192986 398141511 472968004 613978446 434691964 318084256 260059010 354799402 325415079 288492501 361976055 286334183 420620570 699496948 557646515 527322821 748123372 542145215 356628663 457980108 616931562 778582130 979393636 617372732 512456254 599619104 620584965 483854716 300409745 405214493 437956322 689753754 840807686 844262619 804109874 675280985 701704724 818611458 645015122 572115045 798646387 648891784 644674537 735785533 611728961 793227488 477351956 482130066 581711752 310565836 310927315 339700832 407597036 216283617 69960256 172343123 458089556 341163289 360112625 335320001
99
288689988 0 266476206 285557030 364108813 827591579 533891055 130486796 98863076 372491689 442434316 337704159 456331780 284686215 553467875 927411591 851037349 876525207 516420681 65337809 257269311 580981499 804217952 751152866 674720964 531185279 176362574 255226736 433961564 463163640 549283498 653092070 369182963 199329031 687155873 629789703 205449906 567521088 901400306 836341200 626414791 468343646 333313258 548338516 868945876 759684955 782985206 450133659 436282541 594655071 562000269 812105987 931569503 841811320 507371241 262677874 489466725 635666095 456777421 561961354 808662270 544170954 168012822 341368856 426459642 215254358 535564486 632797057 447813744 457325869 593600739 579202918 227599019 218858107 289159640 459757879 822245713 678951691 555130826 818763204 834289092 587273261 279743660 295207476 471000668 697153560 455119231 203251345 585938139 806560260 555326888 464182852 800980465 975387863 599667337 528892927 808128331 837896022 451604518
97
137273059 0 322098739 349588781 518056677 554812036 120725575 400759299 686428309 834046696 714797805 283529609 223639578 257072847 353905608 262452833 296130866 480823124 273098948 133332469 131297944 475417241 395022153 466424108 500514496 480786990 718041700 328536166 254921042 367620266 592709786 918444051 509608150 344033216 377526926 217352333 247272556 458095167 720045059 517358651 546755557 466635188 451270771 824209971 549775017 317048875 520815149 573182602 320879838 527786286 709782403 592447826 663435655 383197564 245021216 583518315 796116449 611430308 398809740 564878530 419591798 135507312 384059206 729717965 763801776 567238341 460733366 663879206 912620355 577546238 360284951 438771208 475741381 320705252 198966714 181541979 432313431 478240712 501633511 427974909 133611623 582737520 956614835 783226781 324312684 272958780 485532284 396655076 354984318 558603897 800206701 784957625 441328706 316538879 547422982 737894211 417252905
93
529016602 990831829 364948313 828969249 862351024 155922931 326342622 73100306 179371504 256242354 598921647 245567374 613808132 307130530 87311693 401651389 283928339 58182757 699853791 810757957 40665831 29371859 284206741 628383442 703720987 71192658 406186608 817795396 32693414 692691635 176578234 686759005 945948161 374358530 127744997 328966755 631759994 312617667 814712264 424561722 379562935 466971861 749328437 922991756 544823777 981759813 78978268 585042411 788762132 579686252 823240012 177105067 617138600 895864069 510082837 364011642 51728806 238741228 329886802 598296214 855152452 513818209 224069476 423327434 107304801 492649058 490584814 725997572 327154817 584528944 100389216 984427784 950745306 156785641 840295910 531962895 852829222 160124851 315549302 434374763 938531083 121595708 998141096 611022953 670543505 572379907 476090913 950449390 27298916 872444756 764695165 385586086 988352161
97
117279718 147577690 145274419 475221699 829848135 655467734 279849057 194918774 288408112 252208348 479518828 637895569 362141964 304594798 386169231 532028195 636284745 646151483 472848461 323406432 454629018 458880036 577981985 730295176 868039065 664233838 545973854 728597280 759009028 584870005 559978763 622372947 627215898 451581649 448668733 668810021 605706155 540336143 647220930 713150844 732864641 506545045 108357611 146667150 578988422 885402807 450052443 391206501 594183285 568811226 454626566 509968716 862166001 566958900 263356713 463017946 382358419 376957282 343711873 250175073 464460008 401028291 469878810 641312188 781747951 586841101 553082702 827546138 778316215 501943056 440159434 500596753 363018772 456357715 414556693 573193040 563022497 519215175 438731010 139088700 501897243 791813651 661080808 636500501 759731192 672089282 467685701 430489189 558671417 553105016 299956179 193265669 420530747 723375585 722138328 438538242 135024030
95
957576020 435408272 922780446 562008501 196438875 700739302 448799956 549225998 819021795 269322107 335046766 153771815 646703343 304360957 771472618 76528454 229921254 714609564 770965462 275900279 431007881 748984629 360501964 361626611 965393546 355800833 872217437 833663719 721334023 425263250 87064021 907773121 245634079 648289717 284667729 35718852 10827357 153965932 277924027 291364359 107809851 774718897 337564772 507069370 967353480 118464480 154580297 759165069 188911740 687636493 369869999 604156877 886286305 288161038 399619037 42596344 891627674 272264105 664564457 671346775 894253186 575196641 138263508 672542997 637266906 75461094 306450384 895791726 614934656 719823234 96131862 328179839 102570401 865944709 814987768 645349695 149048689 209725913 109579152 787250615 806813863 829450375 959440826 841720637 188178822 275357225 728767494 349781815 461338057 451481119 809422664 694531828 838248027 744164943 18501374
95
383823974 722742691 817591609 555223846 358671346 429651660 271394037 360475879 493567168 340768247 191972348 302971111 245711744 131039260 458491755 807799260 776904550 440025628 392405355 310186313 355187677 571184057 440557504 467641800 402021817 292913500 502523675 424140424 232019211 376872332 523395582 477444051 465858412 629688797 475249151 601134733 517955188 204377796 593071668 566918407 385477752 598873515 765906778 607905039 441683822 375442701 408874520 426445488 356983967 625817214 420686618 247993666 312524151 387426573 343311789 477928944 817783331 653819266 479831078 240759404 386172833 566798382 621415389 761740269 513504194 297204495 637646558 716343298 606653750 508347567 450521682 703550647 756393506 555393901 630340649 502463508 164006073 231716784 214049014 213520184 230345590 135622533 269492238 498328351 262208512 38347750 333657096 707092379 583023408 288532488 606065261 841939752 584347805 729387263 495312989
95
143355221 282776338 612387353 282304288 660635685 100639242 48094201 524652614 277503596 46887503 103322547 559730407 888003616 552480025 808082708 129085336 802132304 893990382 43929779 509605395 609891581 977750358 268325331 430288631 559245497 109717041 550629366 622362880 267222200 106705184 241661799 601709822 841188633 851531650 272062476 32366313 447863657 636410060 789640816 306295488 710779627 703668427 681509933 717315476 653796180 675046118 317106692 472344052 157043759 94165914 74661975 861311687 111043925 971969640 501370242 408014965 379165463 226836866 280141601 587717941 340725107 55630200 207219640 751516325 29579377 491572639 559227400 580616205 172374503 739593141 529470986 751444967 769323691 741409004 666190518 2290133 282517360 964819092 175870203 481455975 903104387 444731928 992798532 983101542 151754603 355459620 689683958 278707147 778847821 729870821 266581954 364977055 444348587 339926492 851653091
97
204883868 331708776 385071350 689682448 761816392 658412827 847849005 612386563 245343835 576403767 678805646 558249291 586935328 553610654 457195109 549528621 543684276 279678871 588292902 592538840 517287575 615417582 355670759 621746299 569688265 250927195 612180989 539104517 407441380 825817809 702376819 570564090 580126819 582030958 710429581 438030139 298188578 246113362 545796434 964054322 821358784 578121863 638423196 610641073 394289376 680685899 653630856 426174821 628534693 820473442 535692182 310190230 443973042 428007667 377160300 680637824 640774466 581593611 790102397 772794758 519829332 574830662 573764481 518308452 545400146 469305291 435288821 218845437 493766644 781590748 512838829 454841304 505708382 219596162 450716633 844135373 769785998 766816773 867006150 728771856 785542706 895645668 832574091 660076461 440644630 212073207 593795225 586588808 203760797 624129477 852936883 587128777 321339570 277412630 611471658 602309032 211198765
95
461498020 546711704 560941054 703211591 265750100 139027742 557555948 781656532 719759885 712759831 828340350 998470734 876132628 525206867 507760249 449677206 354016606 710273888 781753218 804566995 704040435 641454594 903579548 840214533 506616799 399330959 386524924 447569965 775294572 833607055 574286656 388993813 369730076 303366501 619153183 805429141 352529373 507586284 850912350 666236747 559410048 444381392 479733136 366451808 387759620 716942267 692200008 746781603 556859011 583706691 637093130 327846508 633107169 895062164 680847553 795006227 680036541 623944657 593646076 535463598 786564643 452415116 371301768 399143227 115079088 367915540 606379364 748682094 528113660 469452826 807933571 793858422 601664320 367897154 675562464 518417593 281151622 538640061 783811173 802671754 562982307 548372177 789877542 745596605 451528469 329655649 495234498 728272048 785134055 825059084 819691682 765674873 477024599 452688206 330314939
99
93078128 0 27024600 28856008 304009581 537341422 476955489 431135263 209175303 487654911 823168811 357388687 457891275 546413696 324223689 732731092 862538434 516897775 560445355 858292768 757460020 734764982 498870581 362199146 391177950 479244286 762864376 456672781 184347659 482376823 655254760 499422062 291029204 350982809 472821790 457182324 618187752 768994661 873525024 544240901 396530996 621788213 787832123 885401210 585944652 280468780 155490476 359306125 522927314 469218891 458776075 248747366 56134996 414718266 515267204 219562874 408000880 727239704 479622074 467524342 509685266 116247476 42149982 482594763 674128834 487251156 707926185 819296892 666920099 617715423 487762717 210182999 537010636 484996146 264817192 397807493 331994985 218526285 357815228 625392514 687556616 676696086 740284864 483787147 352718561 462080897 351781528 252581942 38221316 439911750 752543094 653187744 761556699 504481385 106758384 494919211 813511709 644203041 295986180
95
457369017 0 144127637 210255564 418827458 496552244 265561388 376946046 542786612 330684258 167726469 513161709 647822759 715497252 792355953 629647062 491735867 307797722 252147647 584111133 502045868 85894887 489729811 643156187 493209083 665080021 536328334 386719734 263609461 334617897 541022066 614124795 749159648 813913153 820443969 493399052 151113946 340578691 551409780 411995095 192491941 174235459 191049802 202566413 408490534 394095288 287905281 604844258 751100468 665245756 621593861 331483540 534148297 635303385 623305564 727228270 560168143 497726240 285776147 403370527 497249708 345554387 633873153 629308793 502072734 465509083 272452005 301751847 428774871 476749122 216567575 97778261 510848953 824576487 636228546 285985458 241931793 410639853 296342510 342685378 460936675 324950330 219825082 337565857 360057529 410116335 331316593 336742643 713202012 680792812 587673708 402399889 496051592 874691705 455431045
97
126233968 153301715 532443787 718285176 624295080 750769756 681243523 560142773 685415380 659592147 423902542 359321761 645040243 690978815 606698964 810214247 649626977 427851163 422480580 404895930 361640471 689433858 542104941 550549526 809357920 791702141 810013397 416716704 356447664 756860828 712841736 370687325 390911681 443235534 623191559 683641896 718922661 623347523 584805532 649242379 235681906 171970723 539533618 696899382 796599417 726874491 544529475 722229601 482233442 466553181 489312085 122747300 522296475 918342500 477400210 124613703 288230817 317478291 518112641 502495127 432953843 536647115 235647515 457303777 878375778 680165843 627598564 611073261 653056754 611355603 507547944 463605436 312871826 376860413 505995285 771533461 810997139 535324969 359191509 289614482 299410469 345451111 420584044 721360480 663605799 533320819 579909439 733551771 587073867 288724411 576142907 504218582 268033775 526718801 470980552 443622875 339658956
93
255364101 335058802 314378518 614268771 535377116 381523032 505977894 438121168 653393224 831888650 420880736 145434867 239160152 352768511 563596066 669335284 395715785 277132485 412129443 620981295 796660913 868816620 789190933 456315647 464163755 840656625 754131464 353752319 133687339 297611234 465565859 474296383 392287797 258328972 175490828 74797778 276640150 595204898 576531710 453025642 321163614 364927586 496427936 414951893 575024084 460188405 155476752 364931194 682765613 819643321 561532872 407622248 591211486 816937385 640054722 165260493 16201352 233454051 462069634 410209934 668819681 725222443 409810353 565673308 777044576 776570702 655257236 720552362 845942743 692436562 666788399 376564393 469870544 514826302 480011393 925934270 856892237 711158696 787604893 553194443 221685599 374022432 427344611 220422909 129684977 89530236 156463324 525877505 780328402 566698174 367032620 437169328 252374699
97
25082355 0 129803969 614666908 979584093 766336561 285946827 169197567 282041137 356434436 302423871 340418247 329079254 92121006 35842261 139907682 251376322 356736538 366886035 347050983 298686986 219003602 509962556 750745700 789161890 764909340 655909210 615041204 679111778 798610803 490500625 172608298 534717428 417918327 372415265 507248336 607662656 811592230 477172324 370824846 697854635 661873309 694950968 590386438 370289129 775391053 602476201 395325989 485060060 485026732 527237186 720998847 843652473 501832766 484632186 684665513 438718118 496903863 417542135 97473611 538724964 484148585 236002037 437433243 310187542 241748060 520569854 746092510 847774735 536401348 242284407 371302519 556650223 738921106 505477425 549652778 597979233 567026592 878829438 782878533 706261070 658754834 741281067 626586906 589136551 635043328 303066229 143597398 487427569 848093827 576709244 611469103 586355942 475797844 419111390 556879897 448552648
93
191340239 406388341 337602155 459206182 779083016 879073418 689432958 609915409 772733163 644176750 526979147 416186838 308175024 537309671 602734097 321605930 312141670 683699927 892905670 735825233 438691194 655385204 753556678 433181356 651013309 591875284 352869671 547778734 683014547 420627192 166264441 345460973 243710351 227769889 475230146 445303119 645099201 868619370 799770782 623957732 347550318 402151084 621656158 704271287 381660062 77616418 258296801 682970411 814041459 436254406 474251223 561579813 653036210 584429929 326574065 550037449 661441324 499882822 517900455 460735840 199933679 494022983 612816394 260182285 102902589 327926234 727497451 736462375 580118849 524136387 610807555 371537600 99175238 389228795 510668954 402040466 330702926 171724826 415807679 495061313 616198492 997777481 904690545 478368445 370872014 502670089 299963951 350879471 677313058 851198578 817534385 629411155 240643423
93
386108618 741515391 529323854 664281150 921114269 914185150 937244600 544887900 439293828 794543238 593042883 499399892 461550718 173402171 261226187 554342208 600573102 511376615 522173604 413011511 453170864 368441811 229331913 187162289 512928532 760695909 569919131 580177661 624589131 600321389 576998400 351924649 562349705 848133577 808106052 514225646 541514229 859808265 788922473 927398406 673360384 649135386 596548245 244006424 479635337 820893973 959211579 678991685 545319686 675733597 507405145 269867406 505820883 929482731 791279751 309036407 110099722 219726206 215240288 371068180 814155922 653232283 431214659 377577684 286254775 278462766 452118923 790528414 682205580 447830039 302266946 644122171 998416383 622422682 350121062 304403356 202835601 303035101 324715462 324421117 607215133 766579398 490213096 547875482 716886640 466022527 497902190 546759654 484198887 314826180 436527026 798661940 444494496
97
469386179 838624094 453393456 417160835 369946589 435465771 895627483 996624618 854684032 382896770 422047175 627225806 459703994 551234263 792316524 630140685 350443080 562507550 397204499 408707574 794360270 846838304 505483138 378550021 624003736 752380024 485093647 179326320 402220896 283481396 464853916 886014288 753651916 759227146 595320980 252426569 348975285 308632767 311815073 694672295 670855884 275231777 454133867 857642604 629265551 503575905 428233384 109518863 385224817 420669783 106486711 230437919 603777599 510687108 426351813 532236372 630351192 468404639 194956297 203993139 364509947 780382973 666696288 556627296 364015907 256460776 331997793 155482238 463341256 755239324 687328234 830488539 958610078 801042138 821107249 719601710 515802761 712629537 806486421 629291029 378290145 332983895 597277546 409162514 191356158 192326282 482423282 539134499 579259693 994025825 870085892 858901560 976430341 743845373 523199967 649472901 381674057
97
492009899 751964129 493077485 732661577 632685313 419660602 417294352 186965720 57049504 55400925 318229501 203085346 946944273 312730478 135578783 561788193 962690698 187489008 657911004 977190874 293547707 238119658 5273954 445809225 769048840 408385506 10225145 840842271 289917729 445004671 103894955 428386190 412661564 969995885 185425938 642400671 230478445 455293781 869869237 161646649 625724216 492883698 916231243 96340613 39214737 108120524 606867569 85163165 565743847 647251632 103074621 508485643 87558220 115285913 280477459 298590368 858520322 534704454 128319111 139858484 633062349 649394883 770221852 906736278 433675314 873937015 30843201 775024815 253562513 104981485 586775560 364023570 774992279 120591036 617443732 364803667 835002622 259892845 679392391 683334615 265858784 997451468 523280407 124826008 476839049 464921192 677306324 763181037 597798846 966269957 338362683 525896990 822537417 706067441 548746060 373583293 866106697
93
657054634 160668515 800811836 454473425 886119123 464161913 32294669 53934093 200182558 837555093 592548958 867408371 447226036 972017314 220184527 93702309 610037268 275459298 569532565 778469256 786603478 113372840 52730927 128229157 597117768 568825986 491378053 417091551 845946966 26526955 158314934 966913654 791462998 109089951 466369997 136572218 366059796 748024281 4398976 899173047 94925179 563848337 105731004 256602137 822821420 162846603 557875591 49445778 563467051 703986162 552766599 679851569 323797134 333715508 329909345 388208066 65938405 764184560 99701107 44559284 52333375 212155155 947433873 393929233 408685962 139916715 781349919 946156430 146696116 317179724 761634308 244710778 799710050 649956582 460834161 576655178 389308406 201136335 318091757 675752700 772964633 54254207 463721879 161897041 681020938 578671489 3597833 75362270 540192297 745194742 407090565 371515738 896885020
93
416347584 513459949 575065038 582394837 317855100 635946495 926725774 664348015 582927590 914985589 762900375 423505561 291680059 374930049 697498630 747839479 566329623 548656867 753788800 494956328 287330603 646168628 412041718 150199445 372573103 576026683 570385471 721432787 740977680 487468418 556084692 681884937 542965136 339480596 281283765 605006694 690791251 708457947 884204181 655568617 381677225 256608127 272708297 588988063 502159734 506053423 901470854 681962830 609655040 442798362 262612903 310094968 367656672 470800781 422128731 638141983 694437828 754050242 740086665 439568816 632163877 832932365 616831778 349916258 528989292 506512488 279821973 442768846 451985882 319929017 451148625 741755054 828853058 479175288 574625239 826407996 785346030 658544641 636149582 691108445 355454650 249512640 388664564 296780067 253774101 336255250 279938175 549062012 425463290 154667554 251971692 492598379 380238920
95
958443131 784455852 180533937 696247905 446482590 77790701 896205823 425531945 519953531 651917488 16421159 932947999 33698648 359827553 593317747 48690961 76352187 203227551 698910339 438191073 246229003 439207916 416530130 512500848 432720473 130389328 476517170 52754420 497923581 190365292 372935261 292918406 367191045 145782097 627348661 672556807 8151217 988580606 681261 915537601 145667848 396719334 269927914 240288146 858546132 119047402 61204078 93771873 987232583 374989400 448399106 29051661 974979975 152990351 785194287 680981308 242017479 823042870 808826463 436586076 14718058 809959233 3174140 186310946 23889484 439115042 287570325 457127434 845526468 857357745 368916103 768022341 488753662 797869513 589027967 611002825 607025857 87716869 370303927 641354732 508869459 416590034 862529632 432588983 779857463 846678066 818445990 70323469 73904667 436976200 228495766 724595636 815797833 585086494 287397055
99
48582363 0 14852612 245207870 352876027 150450585 258459163 589929083 466209754 466333098 846740958 745640302 426023071 389759292 633477538 768164162 843048091 496596908 505352828 586219117 156069061 398363105 493345997 176456950 286617898 533595288 637658355 776095570 441317088 136025595 160195058 304536161 337519439 558198162 564080339 276970341 392774336 514972335 734228172 702454421 322286108 113599934 547237397 800382084 640750940 761515533 614990618 471253461 565914202 536712364 420808547 189502264 74329450 411143907 824250564 611885361 476846360 654540543 486505673 179585990 56815997 487271063 923810434 554148757 364799292 666992023 732657614 685465151 619387254 527277045 530316491 608545079 419877487 493979311 471313912 102603029 508114418 692513294 304439607 387944072 444182165 241258498 228006769 350742191 631462336 617069111 323741690 532514698 680527029 286435717 97593407 244434908 394673395 408776517 389356561 212749991 353881561 659359982 306447160
95
72779231 712272779 721565125 440734381 626385371 86618730 687659820 286035808 901291267 18778865 863446461 207937184 510059498 607267981 148292222 91190169 856291903 68113553 545316120 533217836 294284644 307882273 888740082 561560113 889730887 949725645 889622087 346929225 333722578 599002217 582641234 604737978 317016788 187283670 114906307 316769644 713654411 605024529 384819574 37790687 710501367 408314217 307260327 10983398 331827981 111799934 612921834 1427122 668534522 762607966 732844181 955169082 577099673 413997745 363450712 198638776 505130598 929920843 289479911 800003765 397699573 347907986 656994730 981411794 948701065 236758715 252487821 754856722 658374717 808126947 811588087 681148884 492895172 939470786 875117647 872378578 139009342 305591740 190708736 860640082 378868227 101812206 72678553 143556930 974325301 542266776 829440420 937225146 768983611 598802455 724130462 490507712 27243355 300278351 645486626
93
96856568 321056249 471804743 607239267 617012253 279753746 511103256 566693774 180688432 419851566 662860351 507728455 318457479 576997877 864816641 739079333 800084154 988564919 909332109 470977139 276681352 443180653 412253004 401958356 484682629 685465534 696688080 360516004 400348374 679490068 844563883 894701140 490116221 484015355 407945307 80611090 323526982 456315040 584098703 397922477 249734846 727853390 582211052 322395430 453476091 473393600 475107359 419007999 234194978 197821507 535934624 594946375 657026613 761661575 467374568 188993027 525215244 864295358 856881542 486934413 488411454 931026801 830258440 643552694 746060353 692165318 376022626 535634658 754992702 814675497 813116058 546311163 172964991 48577740 407103988 393246236 98815100 468374161 553288798 241259206 277393853 360533193 184314917 493010065 494403629 90442616 481688250 888729794 975153643 986500221 736192792 693791039 454206436
95
54318056 161826687 470907507 753224394 384135975 392369229 672151189 693624811 806826670 733650790 677536089 481963137 372883324 652866267 421758772 265647050 614484423 616660396 545414759 559904826 269092178 294419761 659322192 448377246 177421189 450302708 792665289 513186188 469599953 747998889 624870942 350198439 279580870 444246564 454835818 285993668 541416890 769610040 287344326 77282848 307541048 426952837 463410936 657568479 650916423 282410588 364401347 556121696 251606847 425661730 757802867 818395978 561052650 460344137 401976090 260608232 624739904 648435855 676574679 897215092 600325540 297252406 558865937 672103563 626732143 355298403 176398580 217574138 190171122 331367443 374979315 191180193 57185261 478932181 550775954 535533770 572380521 443906009 666229000 726288566 804060045 740317154 352788594 205062912 440834203 448939782 131420197 312082702 659145065 491039312 412576976 250835580 32818129 168528190 102259105
97
385288729 390383166 109089199 105692353 480747968 892275984 818197428 467136273 604104774 984697308 769528759 485400530 662974907 615154423 598138600 789077171 611708815 778609247 599836086 518646408 736958810 725542380 479142668 266100976 274108264 493727857 803702221 904250530 653429509 410983009 778645755 734446315 511582928 535862891 541401664 700903988 610399136 636719531 773133367 682403964 434839592 159972703 188964509 257380608 539153555 543364391 537276178 663191811 493767213 303857783 465453759 531354976 579228419 703198710 470372107 336085253 163023476 204589777 205616259 388093333 747838150 602198154 541690755 503553733 377534080 371317167 629119021 499773356 321819951 367014434 413886051 749027344 541185031 423662775 747302835 563165006 554322728 928109234 688376236 688467666 625540699 297023111 615835605 890604617 747839015 536881409 708128807 758792955 529186922 299712310 172749717 598663328 493844378 415038205 893335825 574596068 92656170
95
212958530 384249289 715949986 844839863 397555481 163010016 600994474 698415678 541367422 425225048 414238733 630307494 744899071 726250356 639471715 582459582 705326297 935957664 768572468 351662350 355228030 728884619 602879258 259203742 218400185 627237443 535412633 529467146 561990824 371806751 720291486 625112178 435964219 298772948 279702572 311762011 196641181 418951441 515519591 370231056 209548491 535539565 795035381 425317118 596731778 823758211 810145203 896089601 488696033 591568852 850734033 477734474 185546000 448968750 671507815 436940360 596691538 689294756 348851976 540522825 971801077 966547098 477991450 396096430 825502418 900709786 549790384 530723701 503088372 527777965 931582158 992573221 854575023 590564165 454772838 702635908 694041181 427958121 369851484 367615174 667088361 638276450 259398251 545767072 689593746 426614539 628257673 495762984 431862763 406977187 411923809 567653833 606917660 735801761 370921721
97
270090284 474620942 555211001 616344757 472508758 645381192 453310296 127939875 190279413 104030718 301950479 560964534 513729679 524935291 554603129 638990562 802862410 734037406 581707577 582550264 450698339 495220188 756586438 580193840 157135070 383783781 705412390 540962378 484055806 639225532 444971679 153377120 407986145 654227593 731366731 626257017 531468892 709923443 589153825 600318854 802913950 457072505 122314745 217627195 561925611 408847331 499669749 904627950 450155261 250983479 314534167 409212443 486775037 277651566 209667626 141358170 220206529 523716558 586232255 491589997 361102422 141773853 457687577 666675005 678772141 590944971 402336188 551086037 653140669 676151341 474730507 617103280 516722144 182431632 398873407 673742853 579450963 335307113 271935586 125385308 268941938 253412867 84574615 353818874 647772511 406851584 364952521 528872083 627584332 663874783 221170132 346362409 816336648 664511870 325302181 564867046 433632894
93
526352364 688144403 314714760 362670961 566553878 570927901 614803186 440717659 428270621 804375188 602515022 653426511 923616219 525570873 548054414 615496524 422008856 394380398 201332163 235091742 619699826 838155285 537093427 560981769 727610712 792414735 729942128 425920933 493272813 665739992 450468394 361851075 702071861 615945703 397320480 699895796 651785722 616299629 602379089 676191280 972511826 975280983 717056109 418296007 235887141 417992312 750864950 764183668 755649998 501071951 419926891 674494802 836971445 755895946 535583887 402693909 560061672 859203634 637961765 586462074 785029658 439892356 444086898 635109635 452610228 203276045 411154404 490989772 467917995 688743578 355081718 68000509 63453567 72572818 240201552 356867429 479576825 604601545 361328408 307171317 643509126 523813674 329467132 262561560 352760841 651884973 809364778 875267412 702627398 771938401 580532584 564548876 482837002
93
37218832 296840054 725547741 909229619 695607546 543812308 622732166 415586167 543145716 887307452 832414384 451031115 172931409 220122081 365257429 582068555 346267761 279431717 342749681 402968736 674351646 473093046 360443497 726945132 930616763 711557326 265758370 148110868 502563074 654636200 609356675 672477803 407243562 138391581 468556202 857810959 817816802 694635726 749854117 782130352 762205598 577171537 313661852 493916206 478237395 538574897 882249632 922401105 981145349 619207348 601044133 631604183 157843666 84084448 265439924 305242764 525539201 488101519 100213879 226259719 655274605 729113460 491973375 550547452 795924671 550355908 259161696 356831382 605767570 525768021 422777825 401873491 109548305 524442869 790986903 349939690 349370049 658776286 554820085 645697002 768588818 736245167 753526073 656040892 379931387 515148305 865265134 444080240 231274203 307991096 581956278 942198454 485553403
95
251747301 458275431 216345654 96011561 30040988 93384830 363178111 685711365 839132530 827093008 461943257 284852929 416060016 402895695 360531830 114853259 346140993 560536042 272606176 383021506 438915034 177302326 452458378 674892125 692529070 696482707 581184514 320366024 159983830 148246838 112893541 80468651 167099659 533057562 575571902 639457112 803794195 608545571 291989594 524531943 537893838 392195861 332253131 220701041 228605930 433968395 608721801 663323026 598096380 533950507 689483188 756639019 652130771 388981887 361708129 630210450 620119079 420970206 622606014 421794131 446477018 641980185 585273838 793573587 612448899 329672023 493125758 660868013 565247868 565828212 477224588 213540903 464187056 499560369 184018212 305530707 668538635 648503635 389859156 486406746 463769628 425061145 654303747 631916189 296009756 300255660 425543530 592683818 678797169 236981396 347069208 496110799 95399402 326037031 310669017
99
338502754 0 317204111 328437606 103012252 420347456 582006909 724117823 966340862 700013659 471986850 371667205 223451118 300645409 394673254 460158800 726647956 556350486 112298326 68148161 355896675 711919714 587750668 266778935 420902783 540228086 334583349 385145167 326277401 367763140 581123464 577161105 527168578 663419048 838636981 572375805 467869003 353518754 182747775 380994253 597828503 768514364 783406964 719397266 697832718 525202247 523893176 457842257 232854458 244419746 365983005 580946249 638439494 662346045 572354171 451700922 471917175 259368801 166507842 324171223 614761901 593269270 606717939 941484291 619728645 319432028 652692505 889541667 455655752 456319179 682720965 752566523 674250132 548233417 502529172 562721416 736765714 381368587 533174417 769268176 597503357 382691453 536530111 739705856 650505930 567529455 380565046 497809572 679911028 627956631 415847044 506279577 729233090 530849627 223571132 495955088 445882607 267995828 263935065
97
330288903 561099919 524610251 403701134 339089002 520606416 651181473 736113499 545411594 431501842 563915766 364392763 366674672 415094952 396591878 671562722 902099361 841252949 573736098 583355427 865713938 983347695 799913159 696350908 672475778 683439785 535568386 565231283 863289472 702768057 785331544 691186499 518511646 430602443 321908140 546774301 665494939 793262555 824011381 636443868 718386786 518377112 413869598 503389111 580098412 915896361 908563349 499916561 133001411 123942021 538511174 848011628 826082564 518324753 252270235 510700947 850815641 667147771 566365040 470957964 502536021 916192854 592332829 495726446 874676647 815519387 750820606 578757505 675520690 930275831 609052154 749053975 638495135 590722080 646598320 621595179 828776077 531695994 679452487 719400987 403708754 656455687 986971230 641755830 638563815 724760277 258821874 281387502 542749816 856532161 993142544 710615493 690226099 560704944 524634850 936213295 582532980
93
343560965 539420875 401762284 322028948 320042374 447130144 586796048 429514938 598606830 549947470 237896327 444102878 692763466 648750929 319267455 545482909 735724534 625032754 861440873 710090432 298103165 294086068 342873680 212512303 149790368 543999215 594384178 202107922 607094684 909467149 639146979 353231984 448263690 534392275 455832824 647664000 600569864 304727275 579817869 615210878 268415546 212368746 127271491 161227271 364243688 350353494 242217100 661024891 936338099 780928615 605034931 588382111 688846782 675808013 777833585 531127582 474179087 557331982 391745708 374738145 269836944 347463200 546909800 620556890 445582259 523479041 444461980 399740023 727640651 555371803 359009787 340914376 510580778 744032002 837896473 551446519 520485609 936031665 606527040 651740518 846001966 792772776 590001260 386721589 710565355 666120171 720477423 587879842 619107607 593498183 169671363 417399724 377363302
99
102849789 0 111352213 233325913 398180556 747577682 504934873 39772959 121153618 222567128 171119652 230360873 384919889 423549135 470328956 468409105 405328596 304667125 210227569 396773022 355763020 267781249 488443888 734138554 701426858 506776788 277138088 191666482 560345082 504760758 195326094 263564156 453565266 297488731 111135954 551784299 593538124 561885176 889613623 624976211 305672274 570922205 634424087 511966462 805432030 682269644 221106018 339533098 709635435 750353460 407963645 420192931 749672630 629295875 298663126 535153146 672752055 277038465 255270461 262669830 429910719 360423725 402443140 870095949 547041149 146069293 278318647 385197476 476002299 765217937 798019586 320316756 207149557 345566581 428108216 588038843 788519289 546593541 235324984 399787292 229430116 242282542 481771320 456871549 431853641 353739831 165798660 186526875 183192093 269694977 318338886 287273405 395618668 259923275 558477214 868762962 713192138 621063288 291722557
97
51191768 0 448243666 532616290 207503370 361122646 524014423 373531595 409302710 522035349 657269675 538259363 110690604 279201271 301803189 543501825 732678631 718885671 535551730 79776506 470997075 531113542 228761637 464042451 354409534 210251445 467099327 603998058 525983657 527173166 369624201 402158377 385499170 373743082 658615575 520111675 427139237 490276464 569687687 632466391 352820094 158205003 180718866 496848830 670541034 579825610 725156857 434391294 425759242 410857470 234769629 499789212 596557006 639579522 439509119 382430969 682737888 450634294 175536400 188882093 327124516 523050113 681279181 514304528 180756803 415277272 363509677 310595860 383079105 434491433 579889293 252990447 24767672 324888624 769970784 917889456 545871116 474523382 514522343 373740780 423215044 307062751 480171560 359445704 55948158 474051966 775480347 627279628 286246347 184534604 385488137 263853096 207756166 409891003 639559908 606959574 226922295
93
87056769 314382996 693680826 711037261 672128716 828851578 779726039 772833131 689089591 576050564 466074997 575255738 457980639 330661691 690853897 685281219 714121217 865560087 657723562 321077876 224447389 549899173 632292872 303932431 124492046 93658627 241418518 423591718 641188158 765507011 537544567 569340005 820937207 465840774 202214409 543853260 480285103 403357238 748376386 540707817 126987570 63810100 64608197 541342196 820396471 568508256 333212882 96179134 242426032 721070821 706014493 397411140 487664879 687649055 506499376 286727205 455998374 621243257 718211577 574397810 659813017 560810155 229568911 541240634 864660621 887323853 853761356 551409493 321538166 454574269 416640501 178404718 338125304 635687575 343071872 215229177 424066114 502124832 576337746 482794630 671804664 974352968 597121144 253810292 602545894 547119637 465450110 445606024 163833905 325122345 470721949 303302107 49706753
93
443356005 917882802 724171283 428187636 237797729 482430380 852340236 882182278 709378775 630579201 810419017 639091534 199568606 354302220 370565711 146513385 204846822 312129824 666600901 571240397 292195861 331347116 507670785 375358160 183142345 133238446 427072620 545716082 456150975 798800702 661839616 224871899 79458794 140332906 199414246 513064626 482193504 289158656 359630115 590680535 725138898 666910093 513380256 541294992 457335655 219802612 481009513 681507364 564044130 496973858 503806013 244871923 60475710 287930905 550214385 773851678 700065270 472363704 585083421 391296131 333071343 318090583 102178919 393541915 516831935 443492910 737966539 760930263 484560909 417088309 299443625 485880518 910391877 629710127 205703663 449627985 827565139 791035122 647956404 509620326 471489260 475670099 492182140 371363217 133642596 78194567 518711397 845719882 705156906 379680462 189356176 349744032 194646751
95
537286090 0 131574870 169843083 47991583 155577123 414636103 668085646 689209305 672516999 681042542 362422455 302122305 345861127 388035763 299420675 279740803 737867238 847992841 791224265 740735991 573837004 620476002 626467252 477408919 452012340 420270132 308303389 298850398 569540878 828458557 485801858 149392826 137296560 220354158 252353772 236718438 572480243 723108470 790399413 623970041 320283363 397772267 581154057 843829126 973691056 772366348 572978184 529114953 519247981 350905880 217940572 588822964 682911667 721106212 939520715 602221354 538652236 422292373 371119944 632024991 434284276 541081723 459209018 85437287 294786629 469693946 503078045 714414787 815359396 584812730 590090675 740909004 732634498 711838458 417616310 335466301 710176970 698629015 686383941 958571842 659585696 605501265 708538797 411122963 494178243 570682284 551879742 673776520 607939781 705953658 922642781 541967374 221763084 166553305
95
382018248 520650223 122957834 359617823 644023037 728492875 493805395 132856275 50693958 94678574 334209468 272233234 453975928 380617152 92774557 402576763 461481194 391005115 555362589 783674407 689816340 393315855 475020514 782467138 497601024 501770245 870452068 691407989 299080311 143622836 195673678 64703020 398161976 792592773 661903633 669589512 798410998 847896602 839123897 808551672 525799008 97165037 144654751 365778469 430564677 340837823 402461849 729501738 893523625 651853319 406654063 312438165 184742688 234272068 295555009 215097449 411653550 321636418 293393639 320701677 281494738 406013450 194522327 460247093 811853949 535180551 576162827 748416174 656827238 544533745 358881698 540949416 821145359 605344785 473707477 388512213 214630543 464736444 477561728 411226370 241115359 243387884 596120570 423992972 316327631 386916302 567159194 769427729 440732735 313352577 337491488 374505370 495592424 409680813 152112745
93
415402032 750627649 213395999 146637928 928144110 606420490 379661445 122286130 591720484 758413292 926734512 474836709 993335089 649425046 797497316 910017817 391273003 131347389 73267443 618365812 200114675 174296322 633376393 621063417 87953998 102300088 204629305 452022787 272624116 836064633 302644262 496759073 405963944 69082984 136658554 304576064 216218167 892128854 220585155 870766138 818517619 648372227 282995337 990883547 697994800 640036572 944837088 95945443 14670486 72881588 677252379 881612426 480929175 614789465 689096857 397801370 630293514 206606466 849946157 407551529 826893304 312252967 992023065 631081721 50734444 207349414 848081513 703546770 823963941 104076376 37740335 543365961 13621235 741625744 640975416 895246042 344327465 973928714 249542645 307459170 219060047 626243805 218210467 792492894 60530804 493629646 840167483 666657966 47771707 890039462 771757493 404027686 499163277
97
523802070 0 206921180 445670891 440126797 583466984 545094253 264907762 150089814 208049161 307998020 334305167 233534208 47634202 232279409 470645081 321054968 557662523 594685693 214043319 575367997 766378846 551116728 526006624 382791413 200848700 227963399 449680412 363416848 68360396 15731242 116368136 337360787 446596734 419807495 546003777 344490920 486294206 973415146 493055484 37936659 147240687 219811018 324028144 539639213 325649913 67311688 313064134 369413423 236697028 129627856 494042796 723001086 527374265 717681965 637471351 540927867 713412733 541358034 435766163 563656684 751985663 554668060 458806100 689393538 651473804 514444340 493281347 473841399 617338558 947403177 813041995 721278159 548687302 445344890 469924445 392672467 557876219 602293858 472997587 463554351 727739621 862417813 557369618 429312255 532857306 523684620 334047342 125214569 417677682 506255140 585211714 814728001 522209643 630050324 784368149 307450943
95
447776863 897744212 644197534 546368030 727563982 678952822 723395967 498011639 281624294 700954919 622008066 623532985 856462899 367354270 444519793 494932490 461765282 588385799 458023739 277494894 245732205 406344053 535369359 850708448 741966931 480275049 579063302 666263089 540331605 341740739 510638962 698720815 402621038 247119330 318249763 591901556 931975552 750922220 484020677 340999891 387792281 496850302 584688685 677995145 574429822 703938604 482705270 398950797 498516748 209077659 545549712 750865948 316409259 261308013 381696579 297270080 186323608 532390200 706660339 652037869 691156833 646892594 444500256 289947643 362333736 288603763 505711061 542643144 354091716 326216465 668188992 911443581 811838501 712083058 483366444 670921756 602707410 298688468 305831194 596101451 965854276 720529123 315882308 251854778 363104239 515832189 669429941 417427288 476736762 461819421 335694120 427025675 516701826 710462250 377208915
93
150656431 555681263 850176165 868188508 589413900 376962008 635772802 813799622 527415134 205930211 190477617 604890746 939238668 760555455 322369436 192836033 537845331 533985606 235922383 129242713 331693670 648483210 650617497 362974856 542367063 587003450 457436665 518594074 422559916 481033079 283973815 51030094 386299032 592524573 252575404 272434062 516137039 520144373 752754367 990183722 580678918 564377285 553347960 357307657 601192577 533982168 260255046 98570150 173592188 202308207 388662712 494417313 397048451 329391997 188534504 440760394 518326602 201995374 504260306 892397873 522646714 379509407 396891843 578329059 893717525 830510315 569554471 361497983 432079310 429163190 682868592 880467613 672861318 443558205 619962857 850248025 437453571 462419324 763868834 627687461 367612942 534018382 528676957 138338814 362465377 774750423 489027233 440261004 788654676 387441369 536625509 692567212 193547277
97
45903567 208554260 258827214 259264478 522296929 627005023 689294857 844333964 774676774 682944137 680670533 585457665 456769303 464252128 342248449 196142128 297989267 517659739 754618869 456803277 296813670 303856958 98522444 406510741 751991814 713379402 603012048 428500470 436680883 415040188 300630260 376198197 487579858 505994042 200863875 276431787 504740682 656089818 694943790 768298939 800309918 427220232 243598903 287192882 404422422 304532854 518512225 475676708 308046440 666341599 746499614 827465571 661337191 353996928 160695770 111044771 348662023 275350647 60489252 396563177 851330531 541137009 116238720 313193157 429311284 580708092 491139409 361174803 522664579 521544978 693667259 459326570 147072632 295214036 534856422 456071922 325279450 220595048 314166520 341526765 241165721 326368986 333655589 280600690 234708859 455197254 627980062 458068928 204803635 125092185 372367083 455027981 225429585 241127711 205098331 569895548 492498630
93
258999616 536683227 204619169 46955044 107536832 365117749 669034528 611982933 630546818 758022580 528395625 548798890 495935351 141306966 326368857 343441354 82511884 179699274 368090681 356785742 218186452 425108641 621025750 482682070 280714512 316236054 459838162 585491644 388636588 345199432 340559396 196102392 187201085 193810847 570762319 387480626 337073255 265995769 39636913 130402857 137572211 124350334 372843373 374566250 393609116 500351823 481286769 504294791 235721143 200754856 162435583 406029165 628881938 436870447 598250590 439905852 475239647 838023932 439946369 350296680 662425038 598137411 448222479 458867989 662324451 688790231 586834117 365269021 167725790 121464189 91663020 186836472 478497618 673441701 348832272 204923916 184502901 42111351 221164706 193347492 134620914 308161954 314183350 167657445 252586626 629585835 625791637 212478056 341487602 638234931 668356923 644863829 212954150
95
380570017 419723620 484165628 634792125 373165632 458209038 621676677 640444528 419567374 462827660 468247018 346595338 767714801 893418766 639228432 729744007 768704954 587301818 558131555 759583614 668131879 452932463 366694610 335210818 739690435 928299735 727820313 451541471 309119290 412872534 590693673 586938049 541705634 680689688 950741411 968387886 874316469 663793599 571849452 683098632 626449663 406197780 660509299 978815671 523751618 177163751 344126477 350856184 337270768 712180725 770354707 445684909 314240774 466332087 378561840 541755035 679805882 434370536 280119345 230797526 274075066 294872617 650501437 547800261 584342027 734227200 435917665 292888139 398675833 657186811 664318362 453757597 216998261 579035475 603364845 194136766 478358884 686937058 709203091 731186564 745377557 692165819 797117232 984877656 996054027 752387927 646787906 757119750 460118393 661197467 954099645 949953397 873747252 580509957 272021566
93
119309754 502235446 490433815 285577658 411914980 463239579 349332625 377582132 316329314 247443400 460179957 377251396 302667993 642672281 583237084 502127799 453040105 533221749 626971384 656416311 576766694 346081794 373606517 365009901 575937802 711271670 806969387 898380811 722836802 409444799 208043405 215404207 646503777 983371992 787694664 561524494 305646067 290825167 461953423 242230883 407528376 726083762 861353696 652392320 435979159 391682084 359339577 479478199 373156921 387977525 355984737 354306715 375016025 463828492 734262791 817980934 519264868 200206678 270242866 585681467 620852909 515875125 540575501 572284738 391181499 148177067 112986798 467952695 753528041 698963203 751012235 644417782 761439759 757355130 484170938 396944754 316103095 316152239 290421398 262204187 229608206 485881678 646105591 315659566 216611974 440679814 500348168 478687926 772775202 562181003 273882360 262815197 88802380
95
207397197 451253866 340730709 378057840 455408865 462954643 441191453 225617870 216143779 324872027 384236090 454837692 267389153 426640173 736502158 802393685 852253424 809622266 396038030 10476130 495041883 600403323 297125212 173429990 307185989 323348461 145278647 304444290 587685988 694861562 528381465 703255897 704942715 477393384 420684126 281788712 97578098 250886611 367078011 161685889 45055257 439707334 585689158 615642106 649911274 271039585 341706723 512035936 659788437 830817414 541058271 519004366 574875171 580614682 809707945 761200731 541050038 464901725 448222909 619904557 511155648 239470523 335503615 196366320 71910255 73588083 181947188 227858293 225173524 464326351 378363315 245927594 428299606 425178143 281301831 238721088 363929580 379493727 382862156 296495758 134596638 59470699 60941096 496809812 606821682 572202346 800682262 432650666 411555029 430175688 174428209 137697052 217097561 419659309 218057214
93
799965353 972745013 96306546 969121809 640235199 637223306 857724317 115131682 729424340 101107509 448271586 95022579 286745779 830556904 447027949 167904225 153096099 482573583 725250437 659915648 602369877 706453743 922568000 252478922 343988805 584548364 482950998 384350318 921942179 115045421 25253272 423413203 659274179 503631795 902000530 19228448 60026352 59644146 268312260 210625095 561295774 308029452 370428878 166096383 77282368 455835562 780220314 689206153 916010193 57829962 556873086 616683672 19240319 298011378 62494934 819777894 462876831 240311828 481047406 962384668 35212566 841111497 460556147 214221094 862334822 151060869 12649721 822024023 333779820 657609442 360099095 475165432 257644510 34913793 857474322 917216258 885428367 310067654 712532328 49533134 934662022 88998092 469048264 936593166 385542571 559433729 859797636 476101317 557771091 436245154 939394373 156612294 175091254
95
300172223 752153266 792635836 761357068 810782479 828841151 811143371 745030574 557749971 429050849 747454357 529558345 523256705 939294563 873804357 625526670 661168283 585627417 352486020 358216046 480949829 787476634 784628275 667525666 727849133 429341629 73495846 101605491 458840427 582728752 520125289 425566598 134087177 160083702 398926118 381150631 283534645 219120764 420617253 716782293 632249000 707622793 501867104 374134993 490989631 630283883 450945760 446805913 700166184 780701809 610510472 405033671 440845540 663048754 668469068 253263833 396938883 612700137 622374759 554781917 715637747 888881155 715694708 466145691 571494496 834785142 687936039 625300894 627497348 683279074 660689570 360372252 284850990 559574413 712566407 768192596 624903459 242583821 109724389 514953208 910676453 608784444 703527302 983391042 776209395 622849971 438595136 194130907 502003144 877783930 561629816 454514099 695186837 559620282 218788783
97
476495689 862936697 664325682 364177540 547450171 913189386 530003834 264370293 349774743 213978727 154188100 454235758 717855239 605126177 756522181 880725907 730090627 852924507 935129137 525382393 214191022 378973458 639932594 520707113 305460314 585881805 942140663 561577512 458589637 672783722 789145250 858206317 621102080 341246805 374130548 445025575 465214735 377750969 352412267 443614354 644738142 655898005 577064811 832724726 665216028 401751865 492226314 758508941 883263408 880487701 789063210 566232540 463516223 617211877 560792837 685429552 507687009 288963715 727926362 681336250 574368301 457426782 432954927 483304555 549250353 783665835 801455837 522120329 374907355 367110345 478686533 803802395 529690650 474708573 379139932 106116296 155974488 423003007 651943604 373454232 252215247 396696277 460140442 750407102 653676221 362237326 399222129 583131600 814400841 540167642 425600684 370911041 137430792 607525257 779830431 460844243 231784650
93
443803346 498755249 179664250 221003162 132839833 175154813 295554305 302452181 285276020 294761884 175345261 276388447 622515853 470731859 344232624 269442939 25015100 413253049 664369187 465482404 588524526 465394109 541684488 864178582 867871855 926142601 678282736 623976674 517390028 405809312 372551566 293046212 643579863 625139571 459326287 532675068 422398598 389779468 740967994 632241798 336872260 207924019 403798199 760825499 580338226 214599493 53258605 337332838 585592579 436016980 457378197 614619488 474290702 188789122 381466437 479194433 125213270 368642152 363652858 272461645 544561336 685799342 539836615 154361714 323604249 783875285 673967539 563406282 415090237 325660939 658358946 561672341 546345917 497909303 391554346 741381627 966610405 951456876 917541598 723367319 502876111 410931394 218105890 209579076 246612620 116100479 274889893 731091594 791681132 578724710 360168107 116558302 34563981
95
452030001 765577406 437578707 318659241 340354129 258119879 161366191 346033265 396223163 298587874 599779802 616936925 635447076 667554652 635004519 805786070 900624908 713056216 583419095 416098987 168829575 515839145 776407902 496681158 132225578 84898734 248904218 358498983 211261087 39729358 198639242 225468526 205327527 609131377 613570356 380682818 549790557 811835828 702995086 587495512 642596874 515309101 572468817 479222649 558361625 518506489 207114652 495045448 527171688 542767089 464616827 227232029 592144372 577000811 335792780 334875978 338745703 476956960 462492771 359273858 398510186 680824607 783418188 672843744 542222135 499364796 679362534 499132218 503524928 584253242 300037963 289738926 336462566 389298373 666021414 689094594 600464707 380271774 74341314 376485729 606211725 416142312 433206650 637544081 414092932 172248699 194020211 253170052 506308718 681969341 638615712 607691593 404369559 405002912 337502998
93
55757964 154159315 344833428 294280451 251058220 664327917 690865717 523214634 372144094 229383555 210388229 67854619 65509264 347982773 556801957 418739222 588062852 555528936 289908003 384737980 432417151 407959030 652770810 641609056 474736603 414115659 257809815 594623109 645071019 524236651 751206959 705479991 695828975 723900530 573619820 734893708 481448490 225112005 597500062 742269063 773362306 797777653 607524051 375790405 460738627 593535655 460017578 194130915 275331473 433176189 504771050 409616456 288550348 234049663 235438629 226895042 360533549 593619383 586971213 340118820 85473516 76521476 30643265 525576301 513268096 86047943 159326528 282470615 332896182 496979298 331715701 272629116 279657104 450951075 615875407 475860832 557983304 357983089 386332432 324105625 99732508 529785687 690603125 398326646 374443877 211395214 258306171 422330083 293272959 478273038 754014200 602461993 204202496
93
391271738 550102123 700614175 953224561 811153584 463092917 383684354 549842724 673403219 683307485 357374433 361853286 674775696 541693665 528720380 648307134 407256494 571359841 941776404 901027003 788461748 449828097 559974168 622818133 567687149 735363294 597381640 458466258 672665553 916677227 871675957 712706038 510656106 455198996 609727214 588125786 596034281 549448703 346388329 761001218 639503604 309619321 329441819 314972114 329328019 478604742 627320836 348821841 310982583 695036488 879717478 677666220 588489394 430405682 616778612 725948596 683197100 567092038 435358988 782594905 823755347 786604059 738572027 678962722 636545410 550045504 362098849 590734720 809143592 703321865 741766955 627175235 614226646 689453705 837658330 656189870 468655696 806427706 978079269 702335301 439551857 491747641 702379597 902831369 715169053 412620309 617583046 948119017 540815763 323926697 494581471 470464087 297134640
97
246352476 472782913 172821230 453948105 27096985 377687691 781202204 757045286 222082054 564259596 459429812 191942648 407063096 549537589 277140284 164560670 168468681 576085790 436308360 2379726 41843563 219452366 626972073 968439785 900884853 651050222 983339260 928211653 816335918 276465420 189130668 703990678 289525806 772837582 151236563 442340240 771119926 185274481 386514607 778838531 477020327 418625583 118941527 788664589 235596849 945202631 41456202 347577189 223957836 620149237 187908402 922431133 48073018 214024959 380252951 316433846 487301192 139001652 698038816 222229748 272266257 559150283 45177637 969725388 454173741 281994497 156522495 298194590 645981902 659976556 205022693 47760993 121399728 525108945 110967806 560104358 641638455 563915638 83543267 628764543 461693642 467184767 168225236 276604329 81248325 327010225 649338154 838281025 439059877 269037175 912055799 335564237 810206117 897196649 320457059 699618054 984335200
97
116679892 433538937 544790686 654482130 869314864 902664098 616771941 422367354 513666603 408386823 551194562 847723663 654731278 458816126 662793039 763988630 682809944 386461499 111431547 219792784 450352221 474574762 579006744 405904321 472153141 874785184 482303531 214122981 252392390 387462132 445793698 638644681 910089104 515032386 359522545 494862648 329762393 198414046 561905590 742215046 542799964 448994385 345000522 537921985 424961819 292461280 500032339 405454877 357635902 562675916 568577230 468147217 367816236 122288665 291752221 359528384 216644526 202478278 302610109 680536381 874441605 765405011 518896976 302665350 264894756 151102912 350582701 374620662 60854539 120225974 526542520 774874749 404342966 143991241 54762019 78445473 446762357 620552824 316781944 474655255 734915132 743952122 513040290 410574008 667710642 442282896 87287664 20740955 306840470 607475078 560205887 529144810 305110060 271775910 513631169 552112503 289227545
93
110945458 490150708 572983927 231830558 371720534 555259321 371672442 255015706 350750572 688711418 464903839 141143056 387943977 581589251 761965503 921859876 785736469 669413126 358821955 294441987 632982485 830881185 524675431 119376308 440896928 383985878 79334812 389860264 425349202 112416144 424621146 442084542 142665211 305563775 338375038 232728729 425707542 329674025 69848665 521649373 458024098 295434833 765799287 550417952 416949604 792076012 648895619 657911735 562299195 113763650 16207608 28714232 300907903 316202340 238327835 448866248 721584201 709749134 319939167 487995715 784254374 562738230 513944475 527864569 361894913 259525145 281565255 490938539 513441525 628623574 511537718 376719027 703836589 534547187 478766439 378823651 204981012 547158709 441325334 171362476 363164688 518547222 523813246 336986742 270096649 466754815 278692001 364072574 775722202 660896630 625977821 678002995 255041990
99
471642638 0 6763280 253192484 698969038 717006670 397829704 189835374 498705127 551641053 449542897 428113782 148955035 235505221 281422977 420910041 603110696 619438525 398619658 309241763 485477610 439829514 202396884 122701964 220530273 168084597 456254283 526735284 494851750 859574686 733709014 480987846 572945079 715419241 705254487 395033612 198770596 314667605 535935980 501794950 655574863 889687078 760087434 815981866 822873015 515372198 526355272 602231370 292675201 82899985 19703665 416080324 457232101 294423357 585149757 635830179 351751516 434881614 853551234 512883877 497256546 758837126 395071801 467632692 480521169 515293192 695440225 620940260 761621181 666811414 454166485 251901541 83431106 199222268 376396736 529287152 630816738 340200438 207568933 508937109 344906262 175825338 389562272 426096383 464316870 385370789 440634148 657995927 571817437 656579622 775704102 638503032 360252594 183593005 139131729 205515101 420158749 445838712 180593652
97
302792182 0 203707010 322164921 205677660 568413318 542493319 427185045 404558642 263827738 317316595 106757715 107024092 352886632 634088279 467008063 203578724 237094441 188211342 145110057 439820020 458271167 162960099 505127606 874526112 702220750 671154176 705858210 778666728 942212634 919394290 568137508 173955161 193255409 345560368 593354474 813878660 920373308 695201452 447985034 491504301 521257120 502398258 424076868 559384978 800064654 529473218 453481688 488291682 417633152 765287740 814676665 654820338 690343939 445916645 159863362 263052187 496817340 656839459 514792212 247133766 563582862 748207969 299068181 534781883 919183167 811835436 779685117 730730328 684159520 681835677 473572282 229877934 498466664 501290654 250779825 569029926 509258657 466608698 740196632 380237891 421851693 487726812 221130745 540962273 691499233 356333090 335511750 368737677 158058012 281212364 527797969 383228212 220178454 284453454 194797504 66063718
93
680752068 65184840 120813348 580029265 779706465 663308363 53800182 985180902 100460265 118921893 208733508 301600469 84651113 893665301 914700509 77977456 873494964 889689975 411143274 157095044 411844218 649364456 706944339 262799897 50832210 903434930 420291081 559410388 341306101 576264617 702845575 979994609 968603636 627812333 603021620 58660209 513303596 36181806 865861505 927832371 150779768 453751589 96213638 838475004 464352314 178192267 401218271 745152706 576228493 830006566 678383798 833801235 188204640 410962520 4030529 50136800 508215938 26326136 812056653 970349208 946683019 683982199 312689079 969864366 294132752 622262872 507302574 600325771 338109009 610999701 733948878 358094615 400848639 97556919 749294173 129420469 28947737 815176142 519655334 126609423 333550568 738597801 75383630 525921799 54695162 97014690 224189328 292506813 64845803 635495963 552361541 923687733 706486394
95
126411000 223712267 291449286 437239754 494683084 709004939 799748896 349640862 274425895 566459950 425269232 613382112 755573567 674097010 473108164 245886795 421472877 678521158 557214948 188105116 377334021 427821619 366239801 261400712 111419303 434349683 510916338 598698906 677521740 608514045 674473961 669524413 406891101 116456722 103362574 55066441 490100511 902007154 636531479 261053233 279305721 639225821 445240621 75614356 406093885 528380153 323749745 532711054 845626585 506075068 209112998 362943414 620647874 614464036 274283663 332487975 429562412 469481773 636298029 443943906 408955868 442533612 282139261 210814237 521630694 929490794 713075449 266946423 308284375 654622512 485631539 386819638 607580259 817738488 687603998 674085982 965839180 970098094 502761696 409004762 644420904 520701042 683539517 534858986 509329950 743654245 416835425 391169123 475048514 651062692 769717302 561654306 601575446 377428332 65135238
95
233100745 370076595 158394025 426425580 748148133 420117167 148607387 170035794 532582034 600004514 338782366 277068525 288691396 279290931 241747418 373914807 317098300 313815079 486544033 476938536 544657356 344998744 91740385 405840163 814565580 886269840 641753132 450257675 518138985 355728390 168424303 486994290 455918090 195568540 428259368 682027588 446293249 155920147 374616997 326167920 195599615 225469391 272581859 392968123 669060038 871134902 649424699 538514743 389311468 279910326 589302998 646037823 683574129 902930624 820182022 396598858 201056985 250155464 231470450 584122316 858244449 861055289 783706902 464351565 305437834 502158739 327146127 316773982 651158294 717719842 516548891 530831462 627991957 364688093 271535665 234862295 196184480 527175888 527934799 202792418 172713423 555840606 775981683 454426964 422515796 419388950 152313829 331549968 718701653 448840964 158720509 383742757 538088757 497239573 219646633
93
18867805 120733818 401946596 706608442 866056969 531468863 556113855 796130107 565633236 741448241 711711185 562518173 673420187 338004229 168180800 581313625 800909110 869173192 530911754 261696630 401645230 306208754 321298296 555830662 371573846 302344182 563515436 687663446 697605834 626274970 844637343 812319117 654778710 452587091 446360692 606305117 433464920 657999922 553867122 70284202 282422404 281098944 377988233 379735772 403981232 723301977 714225173 586340821 416607181 627845785 609656723 492199546 442831090 518984375 556998071 365139405 436178626 438764574 631988423 579977611 176448393 414212070 659779882 705953048 484177421 298151141 421142624 232542652 130444090 356958331 410882249 307758923 365849694 703469957 540098558 244951950 637006739 936726230 742456407 558229203 726670552 428265225 73117019 110083696 360297509 488044410 559563781 532633321 221021373 251562804 456901403 519742841 263022278
95
232108179 0 142269606 356079896 381132646 198379164 350759837 463450278 583636758 527280213 567976495 762426063 600240956 731140453 556482366 338785925 396334460 202679080 299128784 524993417 404611206 226155956 498548616 602962229 626763926 523872729 325668048 655687583 400114893 78352598 193629599 313547097 609097895 689396011 700255324 672797245 627476404 671339520 468976687 435332502 661267121 733070395 791554523 589136902 359243414 273586866 405076168 818651929 865855428 565541399 609355430 613452446 422020181 657404321 484494853 340917766 443774690 213897758 493308112 672221001 581287328 690696524 503494104 542308359 633092791 388603278 462923483 452029967 207313845 329482240 404736039 651860810 530289533 112193331 180902269 199947784 82112480 367333555 369551343 85340673 271184638 438766482 289591598 534039511 741506222 729482880 639379376 272961312 543427165 611936880 525916738 413421256 412105786 701302696 326377116
97
484637912 510211466 477066044 734688768 782891395 921903985 794773122 397490789 258922261 310198114 327233647 563511640 340342718 88207555 293145535 466350427 295591471 130715183 506955158 523590845 471794696 394129266 439802334 464536783 250142623 397592481 404239853 234297363 346965621 342771422 215615151 692425134 829740677 704176349 550513030 402653606 285382774 319773010 470554258 309202629 473621518 836846190 851118855 812772344 485928887 350656475 362879056 520030717 592081177 347620818 685209046 541815039 233787047 651539113 681409928 395383585 470745172 532666204 562340767 601684130 724965791 914911103 786182663 379814993 397384585 680190559 429577638 307768403 421100965 533609887 833382848 551396483 495193505 567384298 252893908 384381178 335004060 346560246 480737117 267695540 312688987 486020114 376231170 194084196 426366512 859511583 840005277 734645260 511866124 605012529 668862262 363214123 557537990 419407585 279810313 386294276 139226663
99
834797948 0 358788848 523928155 209354707 488339344 743836726 500424579 434524210 693989484 488449686 242349918 682194696 703464131 672256238 521935109 110292121 141204527 318017234 516325672 388561050 456336460 796442816 704797726 614134668 464750308 386884857 663149851 545031133 497144405 515376508 495739101 582145703 579921777 753514287 639324210 355662122 494598399 402596328 133517007 465025722 442962639 393071744 622010099 379456505 531868627 502529608 522378081 836132330 662533077 446244935 181846910 477636140 897050835 849055398 753968954 420803330 203700717 601117089 808929234 707665754 577757188 457506514 569642064 421559424 248817837 169370385 329584748 507216638 191585928 68719720 369812688 321475844 400652889 761114829 818989138 779516577 624381788 390916959 188243428 139324515 257974253 281615561 355664486 614814237 393918021 254399952 404271919 421272963 418795191 322802124 140190257 247500245 262378597 259657545 377777561 317466486 498317222 344191528
95
97656226 0 163567736 570028441 784408324 649355543 693013042 858160864 888504087 594836093 298153957 629572371 595805949 597746511 881582285 568424786 505450795 636910254 575034532 621728800 353869137 263934820 413042252 188315736 54542210 245751147 618139992 616557617 538775314 758428552 793376465 590363313 511194660 529058586 359429407 557740816 553890850 110910772 393134960 425923285 179061883 190530663 81835186 354366687 559478326 446079180 531972594 356278742 67079811 125432875 317209343 291507696 255747610 495390401 613383675 587452824 661595556 662379277 378451925 297087310 479004019 685872280 665473793 478398367 566544350 528586603 352113224 523497556 611153190 461588503 258314226 291677937 247838626 68465097 141058552 126343618 540338875 542004802 201668419 626973102 607957406 629073334 575292256 140814834 538866755 874394110 466527094 185294545 364407590 263551986 283406900 487123133 312689324 340649321 241176628
95
256462060 440490977 344213320 438371847 415004240 390668930 256953595 245274117 469936003 622315184 425976170 338082520 501872191 637067196 636159033 507734056 329429218 485940749 494697347 378969898 754042592 834862369 590020674 434061970 320961848 127147117 71846024 56723428 435086730 655878574 376022262 296791226 333541289 449916516 365867506 225188558 255883422 108942444 116829396 110631225 3581642 310891352 702369419 713154583 412357562 446043487 679031139 539322822 447699560 629607440 884911850 905736151 755158496 470663876 229735965 233420459 255401884 308559990 674973683 511280128 48614937 126775474 318657589 204210710 327927596 508860731 446326444 509216951 280843911 306784301 704094637 480443361 364806657 768624938 651567396 369265648 267169987 267798145 224585839 498159379 567979985 408856033 710943565 814318818 792762497 567254357 518018597 426845637 133748771 478464829 715727372 290726818 29645170 476335468 419886447
93
637198209 589352862 942114596 373470302 70588916 254172098 928940827 568472191 701999036 314501451 216840268 861486551 66827354 381624094 211568632 229759828 641333742 357310400 167160701 991191640 518468299 787827340 753540139 82985917 378515831 974485041 114733937 1968803 621843895 70252704 484968418 38930829 708724353 855204082 971486685 729728245 338475162 553830900 721717560 318693693 290652693 703487636 236351503 156750567 377438456 711658581 349075204 538884383 991314937 649585896 245685511 610679563 650943384 631702704 62589052 641884653 127340465 380273321 884180328 260426579 513245837 290180033 260462689 827488208 220217986 599785383 893718153 284098967 138533545 43315775 466572552 310859181 742877642 182343271 537231688 4116156 234625178 446945130 286293199 893758403 300320386 164063224 909562285 970257335 914116341 871457944 140738572 307459074 838814573 57185130 184236093 278236850 424761027
93
149899252 299273005 419314708 496629164 229531315 334423690 371569388 526844042 726446950 417527287 227770747 374866909 320612593 119596745 513746307 696777917 511360310 402767185 575575149 404501044 278284304 467483784 701837635 537283711 379061057 743138146 774939661 542189398 488293138 797259140 979381184 833513430 545807197 689673056 500175210 35558635 412353949 756799375 618731745 285619712 112676172 224038885 250722695 569371051 673095799 473508615 693093462 866726019 532285165 174492085 293350213 377384988 381347279 516836219 445631800 355033604 263718402 419623554 625188030 582116137 446851573 556432646 582017465 427957932 293541051 248297487 230091627 409112440 521785625 604499555 581383308 268807070 210882932 94326313 152505566 414556150 713077667 819552929 568818134 581286716 638939532 313637003 385535551 634370236 726410953 676153499 801866954 966284836 619385176 262907295 156946056 73112714 39688258
93
297148291 491976263 352323941 415057983 383977526 523418477 462737239 445942529 760098444 855665967 596623462 465514250 540349639 220589080 447636686 691884397 627477033 513038073 207438756 82911795 77609564 262423328 678836290 547992913 276451698 231126461 203542802 653529063 628477596 607444486 633860626 305930440 173522135 402317166 433271512 419557895 679598992 651352768 831506054 528062342 88562845 431296055 856897572 830855122 483021208 475849431 599564217 579395465 432118422 292811631 317961449 186510571 280484502 369522087 238956520 508253821 423968022 423070623 694023798 725058384 679215728 517707920 647985986 694796581 718708300 593075481 444434789 460356864 267057439 314091920 765134877 874023154 857772855 952356677 879918502 636692795 264894904 268416205 417015174 384519042 360005528 416000262 519441797 537582586 696618758 740379897 505850149 294803677 540792571 840129123 697946381 415078325 125550757
93
83191218 185820765 504554537 653745066 359492237 576144195 766250223 506883085 650885775 475464852 346769299 511482706 315762394 135061798 512684579 744035318 421255332 173422840 48325102 333783390 285977230 123087750 255118668 156332604 349910424 660228049 668253787 425507233 262342182 622903449 725791445 679827137 661788570 527619787 451910121 338368153 194643500 135149269 237573963 375749469 403313966 472694265 688306703 780542628 486289206 141574175 524874487 957959938 488495667 330140175 652716357 516441755 478151608 705362725 649809016 365903179 404800708 383652601 384844663 316669220 148989699 360619893 540296216 616294233 500857459 577867370 842925952 588522403 458125673 388395620 181107978 369888494 754075331 810524275 419715264 345107654 652627958 728162778 543951694 594195132 384623706 52967710 149741580 463850067 670213190 458911479 267312045 525730228 413331286 15296741 200488071 318115422 131456553
97
180687007 265693668 470518502 400957806 147098881 433726169 634799230 682895703 487412824 407118112 588776396 484796303 656141336 680347751 714202961 815519290 398475708 437080811 813238551 622708666 487307293 533919475 772936771 939560471 539569544 275853415 554528729 718308888 730844191 666779547 512252093 585240598 842639171 856822963 380029919 339892224 574373165 428947741 665998459 587992400 336982812 488408292 308851864 288441964 519868738 719108043 937689284 972644926 919713559 777695288 393060538 643769077 907710771 894170005 887220222 418567050 212287060 276161518 364123973 751728262 685510539 438194641 764007732 969461894 932248209 894021764 697167254 617785992 655142730 486431113 244871462 130618162 438510086 432374397 555192468 784849779 616684913 861697259 783770189 428758733 721565225 913262640 884531240 998030587 667694200 627481362 558647137 215390660 423952528 726351407 689540144 429827510 640126819 752136760 342976949 620803867 578622285
97
155949051 174725096 329296664 622549154 423360146 226742551 428575569 337367076 357644203 455883645 351815709 503913960 671441991 711259809 500959867 446702327 623591998 613835082 309563157 516718308 868940121 598874234 229491177 338311269 743869857 908374733 607074989 336191288 307314373 277068144 320359101 209113596 74115780 99134612 122289480 539576731 863970459 617269034 341032401 341903110 604020232 718740579 491460353 518500623 787505657 451431697 332072263 396417839 523609662 855961560 645193952 547959149 862755791 645523252 256244236 333265858 414457731 619751853 564844999 480858223 443215143 246710584 313069059 666148426 670960626 371863430 302981943 240661703 459049320 613500844 695299837 603481585 249847093 167959465 136973748 102135618 351366936 393984013 324705124 550965935 804356526 933137408 880215858 413226244 234616678 293273863 167649271 228927522 187680046 515163592 633407568 393553797 392897199 509371911 362721663 94438027 83081231
95
372001900 384439125 251080299 401557207 484506517 755563666 783301187 428487535 443088234 493928891 336606995 490211851 491552938 458940922 337321300 275468065 591215493 413818186 419242771 436452560 164121168 573706107 923143054 941118229 565967829 316378054 441714304 642314650 520295393 179921221 215488664 281829269 600609083 727565757 724452549 641922319 445081728 710352260 683205110 354686754 494206712 829002882 489101283 42620160 161124724 621592423 715051013 668927436 794480974 788534624 572140851 600374054 692243831 433955383 623720392 574056955 166160268 111699423 259761396 341492620 301741802 294335598 196461917 224298002 208228031 410207498 649688471 289406144 12893425 16977705 304386513 777392396 774080072 605769033 659099555 509546580 293588579 376885631 378681306 199970100 336888521 269777478 306686925 429240550 127077495 119454559 182323148 231518842 507172184 582741236 320029418 455996923 559450695 486835190 307132819
95
276752723 774176660 799891750 322215968 318151757 674582972 540305821 619097060 564151176 246702816 256021619 610562233 589046201 596749646 977683955 942492136 890393242 429765198 188735266 279039636 405195315 808409933 998978311 837599100 595414279 692729294 878136510 894196435 805129803 762281201 428212043 499197863 536013056 325054178 561662498 297732941 216872297 700372298 895417868 884001135 855667369 456497665 527740322 866972519 925117383 913017952 840306777 742151180 758705342 546010044 571382726 491479505 168609730 591314983 500767892 103850202 233719840 589527633 669584342 757549542 504386621 493632816 809311954 504110628 259547273 526692923 559277687 212580271 131057523 215335175 562037549 714728783 680378222 443368159 435874645 725531702 579030885 512361997 496767021 302215703 424040301 585644230 427974855 389927992 282228408 204606339 612238788 685930761 280108753 487866640 922852932 493394442 175183884 220743386 75989775
97
133834817 425387274 272515250 30999413 115748281 477334186 488409525 146542979 375037572 305852212 336566893 781515445 807417062 744841312 587941351 224272492 103343966 498453607 672164003 468030083 251954440 183414821 296988097 380836737 371045391 171146271 152682087 198956757 106648668 207296473 283310644 349452544 283259008 276600934 560366790 357179145 149492024 169726619 181965878 525791838 679196734 333042065 174987649 266902987 582802905 873290020 783022148 481392987 428993210 678431754 785279527 868639080 813771901 704856427 337909367 338536187 505838501 447131992 668952179 767748735 586327082 486308941 333332533 112462245 209683775 329744848 389556260 537652240 671192737 462808277 435153131 487156153 374795396 327483079 421565931 752572614 552971719 523961393 532482281 421314199 506198775 608103123 800229388 426699059 227086485 244926027 365368030 635355687 362855260 23923527 65034266 486489176 641850119 663643769 526425536 348709902 219501484
95
73857011 421134478 411706020 179465341 433918889 458598166 269609414 270277236 187307513 278327938 320020448 429913081 613985710 406677201 325659088 537982132 742998319 697284674 612699353 707912467 736758191 743689426 609076220 287530146 279954988 581173530 487871155 205729189 130181034 176744535 542131049 852256083 663513363 556915151 563737533 367554851 641301405 739489263 733624217 733557788 514699371 466697447 445909921 665067763 861328164 700361901 725588271 778090321 493581494 433701366 460600714 500722216 586885027 571288365 597122649 565295790 757377986 656777781 274145112 596213814 795764560 392756223 207630790 384305392 496092012 737135888 866946166 814972005 553915092 364492452 706402330 872252050 503618810 147883275 361122930 477925325 681117597 987741933 519555061 364685491 595550891 682430214 631968061 457432154 495490395 567031125 368022181 497452516 802198232 486035191 340983889 371619188 548308149 868664609 494854410
97
49467235 457328805 721762239 682369112 657818675 370588443 346273310 644446358 832206164 476984676 27112989 326260736 451077424 371003497 409264985 298848800 322065930 442536599 294584615 152115763 426540959 797660621 789825252 527606361 254286605 508408819 660822727 487849741 546021254 672890927 870082258 858337647 803419668 548798645 296659440 201864409 221117276 226415313 119753638 327638424 409830110 353261883 592044755 398826794 133295007 440753190 464906888 385167782 307177849 86569161 134635656 294102289 635393325 900637916 527456332 438963741 515716500 439670943 416260941 542676616 445662726 159222488 213294582 91714322 397519864 422071329 40194176 356426705 370452960 310941185 343655172 293722246 408998776 474265402 563366347 482926551 323196828 203279761 376896687 513593754 420187574 635503716 587220471 208730287 107088690 232902484 249570656 207741942 507819520 707451288 492889962 566137045 667836354 356693318 498183981 635256440 261089557
97
346312190 397711642 600333285 620896432 223273813 447970979 615565710 785822691 878675045 898391500 915046690 637417071 724787803 902584142 859685130 830798705 658124763 774679392 999466721 598147779 479228746 780303794 626538696 413722498 630789174 576466265 357506443 503660631 570071300 345711777 174465566 154853228 547870187 644500712 272999325 305084796 676952612 669333740 323831678 517855809 705874685 838773789 642081628 251200787 429278146 653783701 446196149 470160191 658711669 670486119 844289945 628142967 184458279 243054936 380722444 373984265 622336565 562764898 438306373 517541048 440068817 510825799 476062048 709020794 817258430 788604705 548812096 193157970 424069752 781017296 860650947 761884819 743661629 661200691 353735947 557377332 834112668 685684092 408508788 408951237 577900280 576047711 860176283 600757670 335085897 530952932 492209102 676296179 622780561 451147641 828678883 691749786 543812138 627715131 684944444 477604738 68791620
93
87443322 469009241 570695027 524638126 803948227 742934393 738590575 572325173 169058743 210820413 244553791 219919644 330436940 374722371 430309946 741129105 550183647 317911355 419425306 446943992 316000217 270516493 424149166 199430200 407373123 849408793 504523577 122673382 198168166 298796113 190589201 292681254 502913441 314983392 104842941 151626284 624978146 618664614 563760627 535921933 242453139 346839789 244317130 169429791 227709384 344588648 520374373 555683306 569834969 386759876 412883938 526013977 282003635 144702546 364102869 534064208 500091277 637623362 464234643 334108738 312311409 337080768 774725998 942491166 603723945 405086871 578635987 723228766 552689492 210230663 210799861 591126195 536039205 213420750 264896752 189414898 354572844 659237738 485055711 404933633 464231928 287880120 382500105 512075229 603133057 660318474 294411780 85138804 278335201 572073233 526340589 394077491 225036964
93
313908534 635732292 1696621 227975552 553460737 843486585 218388897 29489188 872865389 192749817 842584604 608230323 118443051 318364801 825529872 795658364 908168001 97778359 94673792 747039620 453188063 95309004 340533023 591575979 716091449 345487977 333307986 385495024 141207052 191873595 368085098 971547889 118150023 202497775 812834326 624478858 24624210 694628034 222123701 437694186 630457744 660086919 23872512 442657245 483304137 730498851 678913064 260732773 240946295 415520079 812126761 284997185 668785197 762489428 68457089 470929151 813609788 62279462 480709580 756967723 890776684 574329288 808095020 183286258 221337160 263442156 38130323 691768018 790984707 857559638 364392683 608805378 816724380 710186725 835274205 273244502 874394323 728704103 7589528 367820196 365044327 869391768 765679316 567511919 829647477 326908416 832833381 103070197 644623171 96520462 380194942 838466722 263351346
93
390912408 765555518 871743507 518733710 504801921 512241342 458108849 919537887 646175472 562437388 897507896 583557175 402066526 457456014 510280874 388588760 211739488 185602336 71099828 381943381 794155740 640288396 579756083 906906116 725926820 520525921 422009121 303381150 588901645 912647656 816518458 709819867 498513175 212491787 447044542 821375334 832830255 642320605 618266371 840263411 679865501 573813941 845489219 671713366 501748989 362018167 533622534 809372668 565161173 555512484 402217794 211034833 603966024 875034019 884806427 934892855 514597793 336751896 559951200 647201991 794697026 438289199 345839354 721774266 612317361 268126193 408085668 599483777 472904709 346932329 449872489 358500649 318879005 758390182 539689072 194635128 237084912 276291643 658790276 986549969 533420136 180840643 386991953 442693835 598137417 529666125 449765064 800984931 602203966 357649961 603576257 760501461 404644631
95
651141665 243444977 928697168 225602642 978015418 610103930 275517230 18220877 609231272 693985007 13706836 185047065 725046286 401264833 384815564 525486144 841196718 428659982 330027181 941573181 800930606 157749152 456476716 366041596 103150955 880132345 295957472 709353497 84033813 759632483 434516551 217682112 641689522 400015465 443664032 128908119 256214453 434849373 133141064 749973435 505161495 636416830 932306022 56205293 339456092 194329906 631036242 475531353 722582997 317833814 41438273 570975095 757408861 649229274 554607552 331291250 109118445 918072626 281691179 142314259 165508826 123178020 11718697 428475337 41131585 778162759 394606624 522339942 587425503 772740964 222461180 507644688 814876208 698093933 514968519 832401890 390282774 810897006 274438173 241633252 527479792 618777650 186128077 921491450 198741700 131075377 380992317 820341368 632204728 74797931 950912930 915280508 218983500 16598039 628135686
95
220205184 613593558 325697373 482378778 780994671 415661613 242833635 534299343 156149540 110170151 312323584 965642193 266818000 432025669 913084055 627820987 465296103 205886757 277216658 973518108 931935736 805396036 77821129 533205908 121409577 306064194 57379270 222214252 270169839 293976311 278962277 458558243 617301302 215977275 755424811 903462688 748365863 268229612 99359448 919846484 129010605 242793559 498182210 185279023 283343944 648696023 704794378 944689082 827885334 600105839 299356237 558212290 131135331 852181755 449542201 170629525 839822485 420592329 361541590 200479360 866502063 778832837 34643549 321717560 451566658 822217852 511465175 495700640 187963635 940368204 72077820 237901976 103125410 945935956 633949892 617016148 480314801 657466050 905129440 810598881 746863187 111815341 602470344 601200568 590291681 711061221 620410765 284496807 263462561 876821672 925884131 853551601 221358119 609353448 208907193
93
469772219 497608478 173415412 280016085 396700508 545401739 389356429 131671541 177282415 196202253 140679351 146150891 438373378 628225196 661717700 768599834 546680014 368830141 432782640 709538281 649148003 674071247 785640337 511507285 263710332 118529468 362832385 524423568 597384959 637734961 601631270 420352535 190676336 521212481 632017389 698239319 789756781 693313863 595703473 644105062 750614194 513204543 227449228 97852942 279904044 457698417 650306238 568787564 207928056 365615322 511306750 634989348 452466346 420558910 839544578 464519224 71254689 515644588 700302107 716601486 992659140 814990794 810426436 784700764 298906455 424522365 709804871 426210304 290381675 292853745 498370127 414026995 343682531 360757082 380460686 341017665 49157383 513820002 788602565 742701034 592058724 334324765 618728241 837205312 693686127 495962087 473620270 477815140 465240387 758647344 781092466 555341160 280805932
97
941409511 0 460853024 537109103 294460359 624355624 460953484 112948739 294841450 318180797 186505738 233348582 189709407 224529767 195271008 468557449 842064521 631875666 591910425 636810625 743329131 631535658 577641465 768391326 399567795 478209594 632506533 561258360 598532959 310795229 301724990 299155838 260424110 242086103 95814346 385728498 664696039 523912787 572076792 566392607 257520657 159713834 148884296 468624716 816270868 776706317 679461352 756372142 923088939 684449352 276279090 438384443 518145234 285433136 364366918 350934633 149948701 163345713 533154388 603628310 467404589 615787245 575799229 426534172 617164354 852670038 814478129 496106758 527407030 861235487 655953892 272606402 441294716 674952310 792166346 708998247 418335462 660096873 935062831 804561227 354338532 180239411 426053246 362913896 457459225 498509916 217821230 152317250 229433467 247518928 407344318 729011609 693917325 697488543 494245582 90842597 19482335
97
586786539 0 203901025 370930844 480544068 333942861 437519095 558249858 374096458 425871918 554618636 811251736 857623926 493989642 246675407 388041750 359824593 625484393 500284498 103249888 544633797 861171068 898778153 734323338 417403543 245568266 400342698 439586719 565094634 669438571 438072400 623899711 806702152 431194820 232936480 266698660 335069434 489055633 276191409 67764129 67764626 416381393 779785429 538401739 375731092 570003928 598369006 754056931 749592202 446534453 270890660 310157513 308247644 193203295 561519890 876646283 776112305 852009133 687284204 323885308 126582076 196445139 498043273 729389299 573525714 605479090 500708765 305380655 374703851 180771994 481236998 918326117 987923935 662502030 584408895 796612865 629473933 280303302 125298531 239101967 355897568 339872280 224382150 144966827 370036277 383106593 543944251 923060662 910999319 563757543 234560531 327786413 440371656 654020133 591576238 503486539 316079804
95
262699910 494696139 461993339 247337320 203275382 259330617 518097982 695525154 708669599 501844393 406861992 469798272 514470725 474256180 278333156 331820127 493901806 514877660 482046710 666824939 617128560 602988354 652475641 681639569 798511098 489059705 516251539 517642015 479041120 697642671 341761877 140977594 259511307 272636801 127706090 426969273 654120391 547420243 496120792 688964366 637513573 230679425 335133073 626098775 393853570 481035808 824282863 826878782 596876370 204200086 331470893 782616395 997188960 556159082 374322274 404760585 262045855 611019670 823244448 656406870 613207648 482008540 242720917 347874688 609691530 552308950 712628887 572472893 511927053 715983823 487414152 348512440 206479491 299594316 699482331 809938421 763692360 529306458 188328040 247416236 359380252 346500254 194547389 469927290 695019040 450861618 327747684 384458326 628283239 599322409 664274617 522583382 274024414 717008876 527820452
95
42817582 95762727 162012648 525195240 635706056 623045162 512552017 416782500 723008243 593658288 502887377 707795083 891449852 965374849 764758461 606800635 736662797 467305389 231572591 690877411 639409341 550855352 662051717 429550823 504724646 693439463 520719806 343283631 212742996 180997286 556059501 577245961 454645255 571800143 463134210 660925091 642118001 440842752 375897233 372973080 348052910 332327969 734156944 767990116 575727173 285434808 235401557 441959492 270552304 150403338 391761860 759192681 986511154 720996472 329779711 222456181 159274986 546477306 835703133 775859393 886582110 818636857 806340568 772543051 507842621 291113107 544244845 815649579 818346241 884025658 764177939 627289743 422595410 313340695 682909492 587748585 324973597 483144880 716042255 607469560 628165267 743147912 507641451 452584713 538001484 795505970 551908732 244936200 520863763 696348289 829435526 632989354 265753515 444055201 338225685
99
946418235 0 289664308 756585310 954658617 537398344 293015468 713710848 775201960 359274913 411881235 644452998 309167595 103610202 212265405 266058854 340723398 223216540 517725861 879736861 605989687 305653178 285991537 544928798 351450862 163290982 631288395 536400460 508739661 699354726 384110129 332092742 501954206 759697900 629916466 591732709 683917686 768912698 869275131 447504035 193874526 369900494 721400064 779332482 463205087 587396314 500352450 266426859 552850653 743915661 709239130 414878921 483507288 735336049 478835524 199756474 514852946 459849618 66862020 166342582 377497417 270140886 298890962 466489690 190389067 404457815 618100653 586653094 620693600 398848496 375096851 405657500 183849161 264026687 645442881 583828300 457042736 608634052 509517199 179195930 259009979 525404764 341606096 502412745 585688852 328401849 599272010 796123892 866165422 969821999 735917192 274442552 447695747 714368423 539609877 259970203 238856742 698087596 461455286
97
72801137 293875691 499080874 487018741 473488651 418824237 263368390 521772343 509442561 426992968 415985507 100355970 59065740 215646749 345447669 320526733 604479505 494525785 135448716 214904859 499640709 511644229 321976874 299060224 280585583 424178668 663548210 492429337 309316634 468863173 588640573 562255627 548468902 586090516 482516073 492800810 775599686 553202649 496891670 591409107 285252884 431251871 527848388 394601104 623208178 896688695 567148793 542994602 707394690 344553941 165387981 478409447 522576669 303795193 494573461 392624936 309784241 752613008 719913251 285137143 69857448 114103031 151312568 182779426 211228112 275728434 221406020 265627765 317894607 405864747 325791301 472278734 958910010 823849891 483655195 426047475 550098154 568142419 792678868 603233177 434200622 497284419 636561778 768194020 488524279 430388955 619076485 734408506 836095053 906507500 567255966 389613589 510401110 778828689 950592215 633798727 204235193
