100
99
500000000 1000000000 500000000 1000000000 500000000 1000000000 500000000 1000000000 500000000 1000000000 500000000 1000000000 500000000 1000000000 500000000 1000000000 500000000 1000000000 500000000 1000000000 500000000 1000000000 500000000 1000000000 500000000 1000000000 500000000 1000000000 500000000 1000000000 500000000 1000000000 500000000 1000000000 500000000 1000000000 500000000 1000000000 500000000 1000000000 500000000 1000000000 500000000 1000000000 500000000 1000000000 500000000 1000000000 500000000 1000000000 500000000 1000000000 500000000 1000000000 500000000 1000000000 500000000 1000000000 500000000 1000000000 500000000 1000000000 500000000 1000000000 500000000 1000000000 500000000 1000000000 500000000 1000000000 500000000 1000000000 500000000 1000000000 500000000 1000000000 500000000 1000000000 500000000 1000000000 500000000 1000000000 500000000 1000000000 500000000 1000000000 500000000 1000000000 500000000 1000000000 500000000 1000000000 500000000 1000000000 500000000 1000000000 500000000 1000000000 500000000
95
369404226 0 375785841 713467738 599539110 706871451 811279575 744825756 734966630 637473907 739876477 888808812 436882143 397093566 491373766 421633066 325624653 409559089 633383213 440278746 266912183 358266480 792097537 714046592 389877043 615553829 507102042 185284249 408995619 723684082 882781923 539959340 398072681 486354841 675017721 844165864 400086730 410478241 519607971 166750808 43906323 469768966 915049468 954157630 775147903 454766859 414166402 686003560 588533104 581170666 706730314 520116195 453265865 641788904 867756627 569703505 286287770 260901777 547335545 618673370 264780107 139212996 525134068 828381369 821773403 793598921 402354543 120984434 161399123 133999028 95711184 280984709 481952919 706527117 769116959 433938870 237975456 433759411 732425914 462547549 144988684 375930154 321195807 218855284 296426454 482400918 586458919 448956459 576271486 789896395 675208483 473331471 512156158 426342284 118483412
97
426295030 833121039 858256755 798031375 569390850 259824866 106045571 238509911 617704921 722455623 556638078 562013858 370052429 548061191 839747268 596259007 251328925 322877267 628588395 422169719 496309394 558530242 547255385 680922289 609663181 668765317 665857452 821273368 855374006 378733904 80834435 367620103 319372275 490818009 457879027 53357341 302102533 361630324 416920222 331253490 36309301 87682098 119128336 106890409 328640543 264714169 367090443 782741469 901595077 734097813 361254143 274541194 269111823 466540066 647711030 476903823 297777384 400434444 626483701 773303184 473540846 454574960 842194675 708131577 481769849 520570704 667361086 668929374 638868712 507044873 672630275 528565991 334953490 738969275 676461857 564496603 426156232 110241702 27087198 216553058 543256723 483579853 390941529 493853863 357368218 123515054 507556922 832607380 483940152 161121963 360074257 781805759 466554815 476752029 479570700 376536219 354054220
97
934607248 658303323 551791730 528600039 886169212 343243359 586243827 486724380 953536473 310821276 880770915 142007160 350384044 75641158 967183557 54970784 227508584 563200396 196899038 490756406 823191984 611658197 182644587 964662396 360334546 790649848 199424452 482756102 209008834 800600479 975276912 751749046 243079925 840029394 980378935 344683346 293808454 339660389 966071621 182916732 608655609 159042216 45417614 877204210 25182054 430440212 148324307 324912432 554103752 973629422 138059744 356022602 580937766 767610700 99690853 239648823 38922895 616927858 612905022 972290267 612549956 10530568 470547189 864774053 922912380 207170479 380465535 920928320 601628898 878716787 199701075 958459663 67141566 601911167 602658948 473121046 627733618 540918007 358164870 832768109 462728211 179056556 496846704 803139678 413320308 842379670 678063631 511722515 17424012 933715 456841286 676094831 857459117 98148498 929357941 120979287 116404620
97
245471289 696557314 688638510 680246123 518817852 378966106 322167417 31022807 226359012 497301897 584509864 509641687 412216288 455297752 581387298 367279662 280598374 435609912 641061087 496249818 103938974 275242921 235294741 118249411 564763998 549000599 430697963 642804931 544735799 322621359 272992629 673193449 701587911 481584142 458547673 324728692 386089744 757889451 767500857 692791875 637860259 423921798 390912449 399030140 450357684 630332412 544539137 491833305 683239301 439310614 287521568 540144745 406582260 174260899 251868513 377600986 373626608 351023039 630561595 756056263 802514639 676050160 403597332 383666019 305048533 436444745 435887524 141889740 461153348 508633013 507912581 585307721 225143772 261660988 661888775 879449668 497402353 545635797 901151469 802038609 637553101 477812510 389475131 360009731 346816164 569899349 890732532 751191812 419366926 204708453 468488934 857098376 533496468 303647060 467497646 324903322 56022036
97
39741170 362408096 800408372 885390799 650204303 289967700 340912973 789694313 516977546 225514348 632529906 828100475 567693375 659648936 858173535 738314036 517357329 344184667 403409633 402340137 669592008 749963146 297755490 164311757 474621289 681026879 611917051 745792986 858962871 543784864 305231527 489856539 606959899 718258090 748192128 328880373 346696272 697021690 690777478 362593341 416589049 545258671 630793292 808748597 793896739 776295442 594954581 401657304 449931277 491586440 593710070 431356276 332364108 409041503 396978512 762850203 848224655 778179491 617730089 535853737 665548873 788958079 731660173 637392110 449258060 168426921 365794349 687213426 461841130 107473024 265811405 369898223 423511146 741692825 482969353 142008473 415871414 697609085 881847109 524662095 362788005 526884256 522402447 455738016 597593827 700472877 494405382 286658049 447879214 512979625 311194727 694911980 996998481 960119328 519931537 537336267 480929139
95
256053955 0 50371185 440398292 475355670 113172673 386222929 571194387 659850539 753448237 649203974 516551000 247144368 86902056 350382060 422862013 187061501 239839883 417302631 704553647 650066920 638524458 632663178 222975804 473288350 729285742 737900659 673299408 558095863 417351494 170436681 411899983 392800246 453319795 829714484 616673510 562287217 662178537 287917883 173580574 421372639 474914709 586527357 435233140 82660963 542353158 501205377 162180625 269706077 471282449 616729406 324717276 188413850 377629310 483210625 284583836 481584135 502728278 460141004 465032216 197500482 504080129 460964946 291640905 620113166 478050751 328474117 383372372 238918003 402337551 558428098 559384669 764606035 962021301 576134718 511817076 684264052 288139210 477936469 541969118 371189997 299965042 354700256 667787931 527833291 518752283 649545966 753656633 799510067 392167635 401942159 584867241 386186848 360721331 181531227
93
217259663 463183723 535940872 306614349 182347860 290888381 448398141 816989458 707250853 606350737 859905459 589134865 495021915 717186038 580433622 664139988 493326103 255408919 587814834 646285281 543301155 532482100 754068943 954150026 901494502 835310345 746494287 706873577 541014169 350570779 384902944 298524664 208319785 454424958 394208858 441836986 631632625 308828902 246175418 393542093 393939362 482817549 368058231 501951681 790740669 840267014 972254570 981175741 940718664 751490393 556616073 397967276 443934800 444238059 243190178 150492926 208690236 373636482 491268228 640252494 765030364 562892182 376600427 390781598 382379719 529658253 718434628 833515893 490705585 519694869 852471777 769945414 471715365 388971758 708720705 793433325 860931862 696452136 398066596 633405666 702496767 701303427 513991557 382301565 497502894 298458433 183875471 278923889 392090397 496479357 636246298 815184085 499412600
97
358683952 425838844 282699753 566613853 377817987 363278818 774462738 450974269 509220452 855389578 579145834 364089454 543446034 646716926 716062263 805291219 498041418 637779359 800027420 540892652 369780701 351800546 496653161 583059504 432281876 573493794 432916561 36542310 284549821 278596749 71502846 81884329 220440793 610489958 746351331 744823787 446682930 73008655 346066967 542011402 314752275 419085621 641598487 619259929 633537081 459920101 442723998 535059231 309657347 117601321 434078798 598609769 530680117 320613978 74513141 539083347 970710522 857679839 584226020 665080256 757844484 728821911 539189857 224764911 587585973 734657349 352099008 372453579 347793763 531564349 492807467 495760569 579718514 419740837 404368284 606094924 524847825 126742699 566809331 705215646 358529309 474508585 724933268 529537873 592809187 888785846 602227787 176518796 408714093 624578863 273180556 523334329 894882291 615293816 686003905 957923843 483707384
99
241164426 0 304425090 673389097 439798639 363490915 571666884 433349633 557914550 561236321 591098568 920854083 613536938 434233367 709618866 814969717 458284966 441057446 410304578 362604782 842986356 872241117 556736204 646699973 966762130 562236879 83566794 106033637 467365930 873101313 723094247 548244691 629327489 687859008 409644567 447299459 744772003 621012930 704761071 691179432 472984853 393103419 672061328 505335413 65630279 405704081 390789801 281553364 637895240 447466950 339105194 539404701 337496192 353972142 423899206 443971986 762205156 940785207 957283659 834924569 505310489 358008898 372186305 259809319 529222842 520730810 466568971 399637064 163074877 249933285 503413028 611609594 330454969 260700744 618652240 588480500 497073719 864831483 927942988 626053868 322364938 167487540 207478276 546091588 526675434 159767892 416480985 855665929 634219873 424597731 573500968 597136555 547001259 704834988 530674737 261727093 184263239 421487517 384331115
93
65433000 126556813 392290543 637060687 707700069 852978200 464663814 361789369 334741848 197910603 465751141 470476752 615173142 426739823 298776539 702449042 607267724 457743670 435799578 196882941 369596827 782667636 697738585 330828417 394148510 429412637 466506871 730199514 786672055 453653829 472527352 625968300 560289882 482769895 215858450 442997852 649378052 380610213 343665797 492879544 380628295 274787477 434452687 330039958 468880008 646122821 417031733 492515046 349238927 557700144 626503162 201588302 139156226 390150403 469874113 424423075 456172516 399320644 536316371 386759463 263005699 459077907 677672191 851695602 489738603 322963165 645273500 394608220 148271270 195910202 283237024 713404514 497603094 339794996 623500260 489418028 283855622 154235796 144384062 476038717 501416041 514085831 877760798 552427033 210948295 173507824 454989539 481523972 555784547 662681342 263181327 532134742 442308198
95
145317016 506514440 469233227 378735324 627768171 373321192 152197857 199757051 245365462 368481312 388094644 439223478 494628038 728193966 857640992 418122478 116431931 250235590 216996712 344317263 577744617 285320779 237321541 426562600 307800837 176372341 256901034 537911593 432734018 392260201 655393999 434833117 336692066 459874109 238974294 174588484 489043649 550458579 368511941 411549425 580836528 486162938 615202591 598920322 388117591 462451946 378809237 183360909 365876288 809778625 725142490 361370538 395264072 631332465 401806862 223850931 280036769 557193483 477761680 311621144 604138012 784631547 803522411 396446183 432697915 628214445 470999220 588903520 647557033 585897676 612760741 526003953 339122693 228949592 545578138 802769715 753204855 876464604 674100131 648493936 507124201 426594804 693741540 582827302 423679148 387147365 293312631 197937438 427994597 404747720 257151787 404028083 274972007 390850529 343679843
97
80011828 223216093 148824988 409042166 725582989 535293043 330091196 332613302 558930554 370839199 98197578 75435776 446820014 728385489 248120397 259094008 582873134 331278985 170753313 286749792 479323769 535859754 445686923 280471791 157421762 270798144 342994591 226345175 287314266 382782139 370037158 455328128 489424554 384179193 447848894 800162295 720908270 623131994 348259142 14907423 148399335 199587944 332661327 533119769 693864576 836571480 442635903 444408820 669667292 515852909 661482051 487519485 196364059 413846831 691038954 370089484 2093959 443695316 697001173 484386062 231502685 378557419 595968557 474257160 618032786 529532873 225752719 174390988 418706482 655623037 530298436 458501525 379894408 322850693 200042976 248000023 281884891 366813927 369983036 179406687 475409683 334653147 357745797 769662831 692879307 400827028 354222581 553314654 479569195 605671519 643910799 575319367 673836864 363594722 242698862 228486452 48980868
95
353695918 824238561 592635834 347194194 627100359 444108955 214452973 429102418 548200060 595992188 578035503 280736857 251485414 486657428 328884176 207447884 408646545 578445908 650759452 630728217 384875856 160995732 219650209 353671872 192589399 450261669 730332933 731862222 774547889 397335771 516335512 639211189 650172191 464840008 131076897 173760518 232130628 464986544 650207327 731734373 655179072 609191680 441900969 297055776 179570225 234942512 716731406 863029836 593828207 609194338 473416992 379159338 785772236 919109996 770062950 591219506 447475583 346609048 430812826 737428410 489957026 236019050 627198530 723683062 617811008 562971496 576315812 653145639 357174334 333820354 483240426 577673859 546958471 202512809 514217222 910176266 685653469 523639659 288925349 387954961 393234221 33786045 509246181 853080307 861287997 924581492 824457811 875925824 686316436 289248539 573496419 680447826 220846413 431571599 403510211
93
241424799 570687690 531145995 449820419 813648721 668666110 352047125 583709505 726673843 508033362 434665254 734112993 659822905 735869182 929223764 930286146 930221844 492121222 594864099 547422425 511057532 506073217 534732302 769842617 385170519 240410566 362541942 724755416 884931071 673618865 676033568 720376949 559580968 328104348 446636695 530712739 305830696 331931988 422129458 682705736 641750668 596965531 510270002 537333585 878847919 564105017 655257918 801893781 681089921 762668208 755809857 622362692 677278101 980613446 644298003 284246353 680737703 836290695 892055141 724098603 624261142 946767824 596221515 363237065 797369580 740088781 361069080 549416628 740866606 603011408 344430505 610343729 781256154 763709060 987323859 902836069 757818455 854819603 706503698 408010190 739693116 693443176 305574789 299470791 272534626 567121910 675165437 534255632 533234846 664267977 935506278 732800250 304626224
97
129043654 164310489 233832342 654833278 855270855 399186847 300217654 441255550 599477567 500126219 547309843 602637079 296629076 305601651 448831551 834845442 991532326 660453571 600942058 823603756 502886885 195820580 356361380 555337162 560602257 602115184 492815271 627674411 949795875 780585487 326355204 404812282 493841970 225308414 295230492 431598556 750422547 762838603 634777015 653705569 460650869 569234679 404038776 331962550 762010150 743755566 485902842 241157713 425974960 554031073 564965085 493981371 488479220 778239255 824309411 775429158 845185283 915734634 744015590 350370182 49699428 478159088 755207517 435424119 237504318 433229352 740450769 853079203 774149775 749294366 924590711 611498916 548823814 809516514 650915193 374289435 195784201 125824978 448697741 453629232 318424659 713201467 618526116 532748366 697728522 518430938 427537644 320714829 493010288 494212771 61538673 443151957 897390063 840503106 609051185 606439666 377017110
93
256945201 517546848 733277820 674870734 607847164 521042087 334588990 400809348 698287353 732787452 289606189 164840291 473614392 441548461 336397796 451981886 672633911 509634372 453031386 658824271 524238305 586387790 505964926 585403502 643633966 604681810 591578591 424273885 439394994 541215306 783344272 678119577 412559743 603438584 515170992 189199737 134332665 447238980 637514960 366393936 598620269 847610501 695617732 438872105 434210064 655656791 440920733 432799101 532205373 488040197 461494692 532303818 481527778 545168866 719283200 422415543 627560472 988603746 589369698 384723971 639205652 909488018 570131906 133738136 147994426 222571370 331228881 618067089 525045666 162608929 298853047 344214751 558115102 675132609 312181757 270319919 502669205 379803123 381340408 745622250 845453108 911615089 740422371 286768938 98898863 486247427 616498985 595659948 831420673 688629996 517042469 497472499 296337028
95
240183366 427357903 245901364 378698462 569084644 309017766 408701880 548897833 274510842 530558060 412474820 139969855 152270426 370453898 565912768 331532689 364291935 424175955 177627225 381434282 609271528 340881710 132016400 377969101 618423903 362646457 102682237 272287870 552773541 713543237 542984199 444906858 385774898 499724494 693785965 558529029 709993779 532562198 139593951 428025564 457515701 396889164 598534168 362132913 297085914 601154550 525671837 331164367 663929530 849203134 503656596 40868134 234197359 317057301 301248414 453016097 375670291 427076343 420250368 214132443 59984500 131334299 205471280 104083365 75870576 295141780 508834541 360148608 492214146 521449590 360702664 279493149 475426766 734972883 507312843 214949837 89369518 350596457 315615228 122274998 514250516 776549336 630407232 434946467 275139012 231731149 320230747 240471235 143441539 509681712 742389718 409438883 88864510 409357517 312120082
93
109749584 513199112 729266986 491756135 541923042 388266403 267132176 279359536 234173300 404219213 389501767 313065077 315833730 296822118 423940396 353343575 41457973 40028477 424090683 590102611 306501659 378704254 729876467 637424715 189494682 239073530 594727344 418381916 88533008 394956138 512206793 541459611 615274013 353270932 326124987 349055342 161839978 344415772 799644522 738246349 574270830 561472475 235868138 458311279 677607341 282706102 232439259 600344435 880074857 897921995 920036129 814598183 410905885 253028183 428638154 612915260 701941545 495559551 280242855 395492386 657117491 814293171 670421139 638760982 459465831 340269329 741770821 677685505 347279848 184112796 144958988 549147898 944246654 804148630 812570171 612204089 586271883 923512301 693945454 340883549 319677826 425850694 398627455 448739401 426684531 509566250 776969928 424774315 463905236 494784982 244607613 609282602 387450959
93
57326480 206178532 572879212 470149059 140226326 473128941 422742285 335865120 545462735 419070952 344231797 240876620 575642580 708470551 293061541 479808290 658371726 311945490 167029118 279109971 372115576 641576640 788921028 727368284 447005560 333861084 360690598 201712116 167962949 567424577 836344000 797987426 726716213 585477960 321995568 484052704 605150660 352317947 317597464 125160297 331406091 453753218 368512253 435165884 411666341 346790844 541370791 449014827 145346284 251067957 349324291 594573556 719810149 332216571 281301348 329045448 168229482 383055387 768167446 578114688 285239497 650188894 687256827 627239332 656053181 731873504 533938198 286702705 483056157 572414026 715224311 422522428 342865344 736326812 475451699 110241197 135112778 290307862 600016260 665143103 669071697 548745076 618741597 946880662 943650255 602573691 241345693 303587401 550988646 416819785 103005303 63936605 39700171
95
724996034 0 297154387 726255453 895705492 638319219 269789373 272377364 575574500 447442108 184284475 258377533 298919683 274489238 226519354 149737455 350872531 336594263 427349938 590769546 223520963 256777173 528734459 438120798 463852518 490861624 290787673 189777196 425710855 552407231 385983294 335815662 571430282 542735006 395008576 790685898 686583017 331269073 326420579 500393249 700264927 812382990 514401774 143035183 518053477 642971225 263839743 177310626 121099121 188397106 427709301 512464812 535929116 805709735 729928026 617246772 792719460 406566405 363254665 393271476 280384693 440215331 492969433 555822847 442399664 472630147 630331284 611515040 750553577 515654866 301527696 492404417 661701445 738227135 707870315 664124718 306217468 243250156 661471891 705403654 635089328 782379466 391305523 254579426 635329381 415432592 410983436 813844901 889788259 924476758 771041289 707156169 622125166 288294795 65482430
97
718138347 261737796 497255085 375734919 503063894 820957605 696195963 966864841 313374509 777587700 71231247 617787767 151209789 465492096 174233068 722371876 117002257 888472203 397020169 938485441 534780126 688427465 490828302 527428673 862342039 752963658 170382872 827555873 455763987 647007054 496216284 338311344 957793899 82732507 768591014 382613431 507015392 147935768 554170029 898377903 389173240 392043841 278330686 936690682 98830414 788493075 425988751 712130469 457101508 574732231 785054243 35606258 491790193 281109316 524753827 100631585 670897961 307799199 44805949 733070255 243378305 554316529 226373275 967774068 505159597 917903690 155434164 248175650 157706287 651744871 781434983 85929341 929255625 14581145 979633042 775415721 18000159 61222091 139389650 118270843 30748270 213535866 724665413 9396325 587839780 603570168 402983193 528613609 453668384 286770476 31175847 761213860 728558465 200719882 59042699 367069673 836477756
99
88597774 0 191816020 403632352 424027607 314634128 450819816 657946818 569796821 730868016 789277343 353760798 204696300 569538162 634638558 342457085 359094941 524586336 522410420 537784104 291983489 201330831 553232933 819731054 952620697 496090971 281221864 443071636 191776723 99756426 434349626 723342805 588591648 391053267 385970600 692230930 905226355 520360257 224098832 491113386 732974878 793712690 472490152 140806243 102824425 250652010 365799904 518744613 609164141 674567001 495725071 209937891 538739574 793107422 460569089 221544922 480390898 370996082 346495484 574296211 343810210 266340620 291961983 344762772 735419260 605923473 574207057 526467710 178612837 184496521 332214600 482748484 298885050 98497608 517679161 654445987 227780787 289578355 424111370 190235252 409969850 541671985 550569319 793674378 535113313 467575839 536302282 451954250 354113252 385119780 466986813 312601401 241133466 362504085 528685398 675862752 646157214 308919620 50497888
95
409460071 860723294 906830140 712362097 627484671 639775303 451485437 318587424 502102575 742857725 442320280 559340558 841935157 382757640 346922513 488145865 341135806 175793643 276962168 692032797 626460488 445816773 708847156 873657098 477897124 248087656 580017020 543161602 425945619 474043242 260809354 463182097 813432935 781498411 488212915 432191567 333916778 137178477 128702920 440272874 604703550 317914520 181634238 457456829 604343147 552416634 375280404 101900524 260893384 444448188 431512556 591722742 819922770 504549849 475339796 592765827 662087323 696960175 362910205 484021788 788871596 592562865 405850623 353431898 408751325 615594773 376038063 96125148 71457189 272572785 482240470 280752210 291832027 546754624 730641330 551237956 372448579 587829241 528384510 626762281 952424649 615462775 128396465 355798611 641164365 389632065 451267244 361815337 379317080 780129525 452327707 506055956 599796573 220377419 82314267
97
891584130 85827024 581565932 401031961 150190835 192690123 956738823 218922506 486106666 870732986 996687819 857885296 700971651 23556521 95555778 651107136 422785258 871955246 906049315 767971398 791417842 874272541 28123853 603318811 347005646 547993553 414881785 320885764 862254948 222776420 440460732 337984680 25741107 854599541 909981995 1676122 51449178 295219821 112476925 228824367 278102638 319661142 142195974 877597969 394067863 167602683 433697262 584548069 68948069 367889421 100149809 737915869 240001659 95777058 897448482 183146975 852836792 670429984 181231677 234616325 15486503 386467050 414923796 898785424 448985432 664696803 463196493 692969524 604332410 966130747 783484726 742545442 96126231 774475863 21160712 151999453 901068671 246583920 120783380 65138557 303441546 247469179 635423897 348120193 119216124 345288140 425514491 462662065 59024912 435773564 457579403 337838673 493447086 825619852 802823067 415169884 39506650
93
444476061 479456844 303953585 430043583 214089171 518235725 901627621 900557261 929057878 860222056 562230591 359515066 299941359 523899485 847893060 442855820 282925494 307950026 187347289 464165182 676703450 610439010 665339097 694997944 575082044 474889465 200824825 99278312 540559672 924321852 844842424 647742463 598180194 466070688 503687492 800249285 912710897 723220386 393626591 485523524 808074764 575224709 271165900 188299209 142974407 438071732 443627441 457342558 508358856 443305485 352459104 292450901 426317343 653755868 577625116 267791244 430553043 393351457 478075916 436638773 116689474 577919429 732163341 688891939 515968616 555807195 890034629 660835543 509366959 578238919 795728004 527214210 574190151 814812838 814000156 685022381 285737395 231066050 150881086 160711681 444764967 438431402 557506831 436607392 87332106 330158466 729191148 806149090 524089907 627987610 698836494 332480499 72776888
95
38784387 0 390026248 411342594 271862772 281402480 304521869 658709455 653946452 519920365 561789107 328522691 196037726 593226007 458334077 149311278 368974668 375197670 231484064 612743854 839157891 791662116 506273395 174715850 212143685 301731539 226386648 415768613 430668893 364159473 768884605 622711608 296170284 274710678 530188493 424839538 223968919 176057380 451520729 688335473 365059698 607009981 687856329 446961701 313707004 131318451 103131412 227405513 255623444 142244562 97123520 206945670 468894263 341501277 428157765 423414884 111874869 178407422 588046439 673653161 211917578 496903268 599276007 517621295 454100216 402891050 378577076 266892938 445961093 343175468 461572252 496131267 361884286 290947274 157075628 510155998 690201040 667883141 841934401 596588174 393242568 245792379 52652731 80185626 422519736 834227111 624042345 329157944 445667345 624445878 512028544 229081581 387144942 643661544 338060164
93
133637960 445234854 334673665 76123558 258441282 214202511 34966623 127042699 88241250 130582220 615272732 958057161 833269705 807061569 601771169 202493519 147348865 585355992 961389648 954986636 724813114 695537950 820557827 468525365 392438348 415097596 458328071 699329825 582108008 349231521 223171284 325668149 523752900 488414327 290788780 448457795 688049011 548450626 601884262 622498296 535311741 483083783 256222304 191913078 506254910 568752585 187799011 124186151 573158534 674112623 330527797 202231714 483956354 724467524 722379112 455260784 168246459 178913651 412291639 527833872 359216160 495379696 404277662 391633475 677317334 598419847 335526811 207923298 229555450 245577545 369639964 494720884 368542590 445622032 737168880 428155873 437434383 765888591 749713909 711450468 385663885 124184300 486469047 793094087 608643420 619735987 418572593 169519553 180571866 296262569 276542526 184476917 135349427
97
408369410 621051731 519605902 542379033 336042319 584708461 791328425 339333683 247786632 337633937 214771973 467687802 450546527 465278644 856127445 723375146 728273415 879655025 869512990 960880123 617022460 605360769 996518818 811851892 679334960 731058524 478777004 512188123 539154800 156842134 428082709 732959551 633663202 669786954 829492912 514345493 430020778 659954193 632654318 763395730 511211104 543639325 540142217 579690066 945628838 767656233 486494446 564626377 594220222 644310404 898657060 836962988 797919829 739576918 548717696 591610915 604913775 734212886 627108756 201759658 376040141 383069371 288211160 339194179 531318369 713169066 598555396 794918094 747812102 440011125 260421136 138540348 513399058 807550519 736324567 471916982 352551977 352823758 502773345 868710523 828237497 735134454 387498202 85481954 267088904 569203283 671819802 621427944 669333651 611726383 525533905 727653443 714516781 728957610 718967560 726746504 480843283
95
82889321 413549725 140165448 531894583 705219645 336310184 41594397 234906848 111482124 419487973 169492669 677992708 48783959 934245962 320897744 602755922 939057900 147571825 190356849 605418059 217514886 846087547 594102138 942604850 943943640 342173315 738872569 928011175 25358597 139999766 92717201 678719807 123554624 156147716 935886177 71588551 517049764 577299097 488348244 31448720 253562366 920797858 659970513 584092622 141942783 245028119 601883409 195315890 561596651 292550085 119107786 702057990 736319444 534477125 501198260 65076616 580268059 855342671 57815219 767103017 802960314 153004722 619139678 617151555 31345527 252365942 367190919 960946561 679857031 675399993 292494443 130518372 235812357 71567854 613236941 799541705 628927410 983865425 547206753 917839418 149476541 369941402 154874760 32652198 478675308 364643293 372265429 539943344 648607510 315987657 754744413 851329347 271439671 987201683 980502942
97
95804900 403427548 526395030 596412449 385726517 473778702 812211569 762207417 603936906 349978567 199417267 140255276 495992956 615250598 389732179 465482584 744471778 832047024 829584596 691724569 549016776 669790883 622330484 322386290 135428155 442428469 465388434 357626044 495768103 560950111 728342280 516961118 306443339 653713946 503220230 226827858 646169180 463477644 382962360 592331729 240504682 191025716 263744706 131805925 290730071 498927761 456411919 218557296 421435606 506477301 505283271 628265134 591843020 443015208 294274768 589367674 738234147 655846581 497936860 692400802 790580065 791277804 553007122 192806140 423262339 391876774 282985396 543121500 775371229 523862734 560811165 749173843 344068949 285610844 545577599 384489608 362939170 795669968 802530886 727839537 827311887 502785433 433129609 525463600 621936083 456686839 505598094 700549165 558006363 355947905 72079398 485058423 505633088 83498549 164177261 197650962 41573826
97
529967038 0 179827529 272476457 538870863 889813790 848641882 825984195 851905026 445925758 297782105 448542185 480177430 331378414 468001183 644867269 557602954 707786274 375064663 279459296 266517729 195859260 240071130 427098011 364768782 251849148 312373893 323555987 540966491 437256492 552588325 809061040 476857551 135314231 264985678 547169864 723136429 644472177 553933925 643910876 688132993 820093747 770174029 381318938 400770745 528472648 375442741 158931851 406603082 498892849 346250032 569807245 413813421 492227629 684642303 695616241 642806337 578807346 524295690 361863427 402035680 605064679 614200163 300184871 496358119 554904771 554384177 892139751 917492074 459278808 179966679 254496254 253835150 390280578 250785135 269676185 300306333 243076197 435822294 277513700 510120362 911195074 711046754 480526490 457305367 579123351 591708667 437442400 265202458 354450669 498350202 435641736 374281589 204132882 106770807 462753521 392717611
93
556693203 642611636 35124804 742920962 201702738 733069342 899316545 102000588 417968854 379860169 699785920 5432899 86172352 565188392 430466563 774674180 370701810 94097395 935846688 735362693 794241829 314567644 250641240 53297483 623465300 369354983 669044518 516038601 627378140 802139749 182266094 128620320 99174293 639092395 797750372 540440960 530615194 924436652 114996197 518150459 654895946 796852717 902716612 172071124 598647143 183195772 475145957 972996933 950557936 411381116 360561947 23270951 535722142 822089928 978151977 235379555 726204294 788972073 535343532 467174659 63281555 383511085 174588292 413279270 387241356 568284416 816991927 703895264 252042820 275719695 559933233 848801531 629931786 3704490 837565446 177512351 398317241 604545006 352046964 416808271 744035859 806158645 499066605 664470262 271178317 473556977 83179270 437166851 567018769 771129928 650993730 171005188 527008482
97
194062833 471427449 77103549 343561631 990116344 514553072 218231862 645197409 848180311 514240478 668891092 897707257 751504549 998248998 861587543 114981195 263601326 320139601 157057731 174876150 924568280 884424815 375636930 562885525 136361905 817736056 921977040 461983319 434527995 605565341 482936151 25301445 41806402 960900207 115842593 212606985 402645630 315081108 630722133 452365237 403857927 250611737 915627982 154091655 120810671 822741610 126137741 770817156 485055214 348021963 262564652 953614435 78398062 492283744 358451936 140200753 869514643 187596697 284659358 276847367 879589355 61159338 176125318 507660031 868801551 469513763 187464223 15292696 812405469 967144397 541269232 274029838 996807898 487889526 562566554 789299689 577766649 931441307 417794235 149077883 170921859 59038686 774809753 153546759 316159474 980914549 896949264 787097822 966675487 186448123 987124499 482214540 974804104 623732208 678731123 162818464 830471758
95
931705764 760747738 550426733 787430187 674473210 834892566 927108565 471137741 510994192 827114073 958463895 994748172 139498460 744477064 383224692 486974433 785062972 81407941 611692126 461877148 221780766 32852889 642262657 877191934 846915648 964086346 367373005 632002068 398197953 321907211 52658416 229865109 753177580 216087081 867617493 105028530 273708501 276682591 362590036 50852140 141217497 909840248 906188953 809947591 100910530 819932830 591931846 314645726 833820807 288167280 501365246 82523240 566578608 977786462 250178825 77282904 997044863 248866537 235387067 229683386 397758619 575883061 231428320 991368529 501882351 692305099 539870280 941911383 304465779 704074331 76484207 300624771 38997777 430602976 661332531 794050065 391981125 408479456 978888511 542146233 759096759 130375802 828053011 887482395 195736931 774796895 245112656 69533525 146568980 623447297 25569424 202800023 352313666 718120183 462104987
99
361648748 0 116708913 514857939 567873709 310204201 192278529 334204351 524697343 711584041 771278034 731221671 659796045 236446671 436817977 846980824 658068855 595904165 513568961 189434160 34408589 165340148 500187050 702181888 844173475 516247123 323182537 774487521 937891332 569342193 184086499 437323646 376237542 65429327 178722434 438000895 639637284 599278080 564255217 383332439 206127862 368922898 590337254 404533336 414361412 353578140 169770006 314343603 211650316 127712523 99591098 274295251 599289765 562335938 669571024 536758249 572163934 616181963 191782938 521848184 459402698 11082481 277026326 628168954 439898481 558699876 871233100 863993865 863498108 615926501 240198781 234572956 477972917 312077941 537113230 894637340 438532494 337285596 375413920 500561528 919238401 983477240 594727006 114470224 333854411 450035359 555464133 696464965 375299040 307404203 300109522 485873687 573980237 479323271 297381960 362198167 666555772 604960008 298109059
93
433481271 899626687 674331698 516179188 573742160 281538571 548700783 626513241 531448881 706865841 819217734 902448564 763694167 610620533 367344186 217095919 279393298 673493724 789033893 426238433 486527504 598849021 385274089 381530936 441429296 690287846 635113822 402786925 429503795 382814405 418737556 265922259 401718163 795255264 458327992 126116467 422691565 517469254 293811697 238673696 483842451 571485083 389276983 496688397 537895922 502414989 524727405 322861396 354602391 588907712 769123754 554285579 309813339 520842407 384896505 111574570 91149012 154126945 522329575 449532272 293949542 319503582 366532459 514629986 623019724 517301867 182064249 406382308 644942179 792577769 808436344 665585874 443186202 389008797 581361806 362494812 556476663 613110892 272786423 199176069 289274388 598664314 670329691 631314775 507370541 387936381 705360729 799603948 496405913 668020599 714347206 533312149 309499050
93
127065940 505990612 880720239 874954962 506599132 598884262 746430315 481482382 487562665 684579927 954093543 682467456 329888420 536081400 638232389 672207809 569179203 482744134 492248309 379888438 357531067 646770183 801810080 567561972 757820560 994296019 895063562 629941282 688721734 498012799 199190925 665131394 879356661 729942021 457812359 630214612 922051157 700085057 640644732 436479684 310135164 323077016 555228195 527329167 398304491 702929760 599896581 508744367 438295995 336016852 752622854 687380031 556735004 914523511 652309718 291451280 203033845 522504877 546995114 484562566 491711448 488982405 659250359 480089984 337422709 515216360 694134958 729838909 746177705 369952108 545693893 764556569 537351656 562827891 660083110 504375432 227660598 305882981 473015323 751334360 936896162 925754651 556362857 391184432 382075035 445806753 768625071 660068709 693553627 722458544 721759307 492870704 135681932
95
141048472 339641827 399577528 490299500 588931879 562855109 440347499 309707483 654258123 885655989 542426920 372332666 302621667 328409513 303842876 187784570 351069571 423509275 507202096 735204432 856819747 942601192 555184571 463738322 746598104 504904544 329615458 470605941 686153445 733141272 862064567 870335399 707718192 601277806 454644031 641578969 615363710 378699393 642677409 839490430 509786481 300626954 425782910 277209451 404996476 580037724 340824440 213254827 502430027 529858465 253758889 357927285 716276513 604241259 492078653 505274788 522647475 817946239 809813347 515673983 339393214 385728047 526244373 861011968 710299939 674756333 988725774 645243988 292475607 345704808 254033970 419888633 660760425 819918402 571391197 188360601 602263413 849592964 554602231 555807236 735346037 838692018 948791275 756365607 397323735 490984688 747787831 574585027 476324382 564400788 611785721 751358485 838387818 512604349 132507248
95
904065303 0 34923991 322205934 698598516 874654152 746830266 582912909 491282890 377057731 317639613 280049668 592937874 612546883 580889100 882038672 900091848 769738394 477530020 351869405 467765649 594320559 831846652 856437843 712815000 553717544 359943972 489376713 553646657 638119783 815212956 625792136 727308166 508346121 372727105 629022644 352242806 166847583 114781397 407584346 455115241 331652367 359950922 588351587 853792142 480843373 236976994 556892806 549548699 272954496 475789046 399082476 522117195 857905048 648974516 548581335 467707099 453530683 425265467 205934701 323964000 390479992 396019348 340116320 411210867 528682122 646673885 531670463 117581987 473666247 706181687 353760852 138455826 335389278 554165369 354096750 244296231 546920718 625604128 642139149 733537396 478903852 618043761 652223927 585131534 403909757 103669238 492270539 521908042 217420536 575011601 503325834 205185873 288674893 101126549
93
354589820 651172729 398479758 515407171 822981611 440529252 501757848 598367409 225288271 464685224 800563371 525802468 246797599 187177863 385971207 562163165 197477482 357455228 771647960 863594183 691215304 680322371 900174278 722816604 365206639 119408113 326680817 363962549 410867112 694953710 728582177 706773837 395585047 121524966 99336743 73374281 479540879 790040636 600860981 373412023 434441839 424402969 569558287 586942259 215253286 464252930 484884707 317633793 518151723 438480349 354553311 324174436 172277631 141102316 229510193 193033251 90495360 303790104 678257601 878715024 568136915 622444742 736281946 537526108 356313081 107222254 249167324 542363114 519749717 673306689 541526097 104269509 101258982 245175827 673747756 761908437 412115360 489828622 753817630 777955220 725535274 408610486 323857314 547051497 452691886 255071792 518280421 467529614 91481856 203257493 409327641 292794589 24340511
93
275573214 584368320 611457619 392110597 587303484 987346357 840897549 397209109 365675778 489255549 335974821 277601099 607995593 983290206 849118691 414293056 464024384 893083257 728565146 360357735 611031122 788960455 414792658 395477916 340909067 383769042 618882309 726060585 652777222 676801677 609019044 323386287 682617435 954613803 793651139 457876228 329019875 510063104 692867966 576839335 496990264 391524673 466507792 440468692 438728275 892858265 755187816 557015389 385145733 138384685 256127672 491898238 612715992 666559242 817874996 635319529 222963116 198523577 391440293 498675123 379328993 219577320 217769351 601238797 918272515 854345914 638696676 511111420 321011759 129306238 176075731 512894000 842142095 614302440 507301008 818608273 887053566 410208760 83388636 349580597 678424540 417436829 253482052 706658616 862225215 773202094 895922026 805266186 360795219 307567180 434643874 309082293 157174491
93
568730556 24781857 456708947 830721178 829455603 356496997 609228822 514490064 471829312 542123790 605360953 72423778 617325512 465221557 915149940 122194128 280204257 360381897 278453674 332897712 49222977 674165980 624310188 971191788 250242012 290439156 280732853 264267870 950953559 50767010 187729118 260174763 964396225 541935362 908839908 54405833 157388956 451864463 405843289 957596465 604067079 655747340 31131852 295049186 954773401 436845010 952691382 221978094 677381896 796334133 150351194 818683189 35326268 860105357 340713518 374861959 128418214 231716851 170848315 935702484 425904104 388515989 857919193 44064897 621905800 98316849 846593129 461626121 387510777 332936940 546950407 225965014 681752594 186092224 491869312 448418510 112410442 75414769 851891157 20970746 369418764 186169559 352968322 260379439 791881708 617143855 602219357 278928839 578063317 144554132 203548500 640077849 98371066
95
43262542 65821434 413865111 492502214 356400036 609486630 442117517 115342022 277536023 693707640 934870340 591237524 185778447 497889305 423614294 470544095 654463885 217016737 176871913 340977446 248822249 205503397 336674804 361249209 500142742 386953320 252994254 250665156 244188591 401477036 277907127 377767300 449031161 212145466 274293565 291165586 170640003 367766329 289606645 194418918 650444837 552973418 166452317 174767334 113209335 19945897 203209720 430074475 430677470 402283436 381069109 457488552 564493698 468216638 260400030 567039421 725097003 660986336 633053176 440071306 452481940 709547934 918726359 917998043 909484822 536689835 440181807 677151992 536274366 218338217 45427821 253328334 724235201 697796844 427153312 635684935 781497157 493629700 392072005 289063360 245634028 420580623 533886665 483398207 320786187 464847706 374002393 463198483 752366295 550263381 204032921 169562233 183112816 245853538 215216372
97
221986992 820295579 458336207 117096395 167889802 758223779 623907168 775244043 55965239 807107646 220204665 996420301 508645214 291721900 144663094 901452084 884227 894350250 800184631 580470528 615326934 653894951 694483262 807514099 873196180 216204633 937607437 286127373 612729221 434023053 396191897 718100662 416219113 692642526 450029526 248583867 225218029 92532696 962652633 657665057 479209196 442978743 261587082 911346536 72457183 354215842 236443054 584581875 680610608 172337272 342825875 306548026 306735815 324913027 550623798 183866956 462122316 735465498 316510033 297916983 28030363 613210912 293835616 515195120 176964293 211304848 219389196 757373447 598196961 270095459 771441249 408796278 186224589 341515282 710198278 443446137 45309206 11238721 967170401 347351129 356778970 924057001 914029699 737377816 170896472 179712248 800880868 305603726 711840547 11648952 538765862 902178789 597055191 731464259 920053356 960042309 783288312
93
50116352 239915817 599322422 677991316 717809260 477018332 121252464 503016055 726664857 767407339 617669877 353304531 608810239 857265884 722729801 588455491 475065835 309622402 207724627 548864305 639778326 199477837 427590311 805058828 375043551 102929574 198904219 398788113 550202983 376486444 508066230 632306094 252747476 11374747 493055358 609553999 337136802 318995352 468163315 392421659 355355523 531714304 563350268 717379525 669040662 276179191 200037069 519555019 338684311 103653702 269438221 382197205 649987723 606547455 599183813 837583321 698359586 796012157 675410905 194315656 434964425 649043020 514787110 547390321 530368039 677381406 535128532 425801783 415241169 218575130 349492350 470347708 594616051 541284608 470229907 692726530 739442649 554693018 479477821 515001143 470159692 377985600 428615105 760187461 794364001 479313865 343852792 203068166 299893961 672081249 626435778 288351452 14349065
95
193842637 0 309730488 365204170 254588545 340363733 259255699 510506037 536832530 189211183 355940738 660201491 472936276 281530367 168475337 324447612 373863418 123379256 409485490 586714353 641490107 572730926 393852825 356115076 199415496 202963406 313723124 447979772 460494839 374032227 373838020 430881411 656804605 449783842 477949522 474333026 424406091 640872244 343121993 498230671 788191269 427103682 295170839 468201542 704061407 678435442 238112252 306060853 753508951 540062095 461603704 719486051 779120469 511376561 233934374 616934806 552786794 556899644 550799993 389936574 423069058 655985479 944444128 666154261 586393823 658327900 541570369 543345067 424309077 418645574 710148346 481466457 436234190 866814448 666701350 229828106 339456795 360426662 408608583 373622079 194318529 437858349 439855545 289276706 391447468 349690217 191622593 563098577 570801859 382305376 538900567 493943533 281344571 319632099 261676897
95
344120820 506478296 208353791 524279644 581388476 520344305 588246284 513791451 632023896 394006184 170867112 306483435 481899277 363402055 497983810 378763542 448463131 554650227 391765361 331109204 219768892 514362169 745654947 715758349 668886036 423940057 160229653 573204084 735404177 588132716 475003694 532750942 682965757 446092412 314644760 295282526 410366332 492157713 323670607 445830432 814341049 507747030 84172453 521950197 888850753 883991168 953724861 981560026 993467227 652756518 601317037 845970905 731089780 676930113 362168784 499311378 613835346 229724067 384743656 531408502 332828183 532535714 625819769 616480845 782025661 356953255 183234581 573416267 750774373 581603102 713362096 695747698 320473242 208795862 424967682 350451046 128358457 418446629 385501779 309805250 327652135 249933944 485964000 377746018 233926132 293908980 296245990 637481358 777654679 523711725 546370821 824954823 903117024 833864431 419628175
95
330483256 584389789 392330948 332180853 463911166 352095666 430691410 704403836 678333917 446902486 607425839 764278534 677438347 402760268 326741526 751609941 531875759 446714035 814188446 632961294 490323089 411499558 628671061 766283567 374372746 363135962 380349365 351303330 592432375 901062241 662230928 610530337 912605293 755375630 753874667 747905075 519828197 682637896 663892980 487864157 587374086 540797307 710792933 926090500 696923094 397633268 230252155 151016348 242381761 589156061 878795227 650498894 700686522 528313671 233426118 375551383 334110874 338705912 383910806 273810318 528603062 498605208 271510194 392656294 490665820 775609137 725609103 470902443 418379823 402529952 311396347 407990740 674875433 729426757 786002635 760321650 511895043 505621312 379997581 160955339 216364071 358244617 478807652 677023526 541153168 581505142 829180847 777028561 834948594 558298268 200931716 372699062 347013518 221374214 201809709
93
488459664 817734681 681946291 455521131 209545358 458221529 539307854 400029570 552607756 745762576 605257271 241867443 436747597 740815300 467787780 233619097 375580003 462031846 696938645 547662974 110619617 546832770 728326738 598173042 430780754 160685180 485130406 622834583 694411717 494211757 434511376 609292052 366869101 566594436 683145785 395759588 226881435 568147576 799668321 411028436 361628100 509077694 471334809 287018962 287099224 673346755 812832323 427602857 190306717 218725730 275820291 623646259 828645885 834703231 881577480 956215043 937570417 717528281 728613335 768105664 609986272 349451624 365838355 573833277 659025923 868980497 735933468 280032104 262644684 403306953 309470343 402533151 738784969 777682012 395896090 213631837 264372867 347671900 629395920 802123426 618763609 301968266 316043131 440702998 543734853 629431624 728434461 727361504 707735259 876619166 880457692 546285777 98605647
97
287485659 343546909 400947565 842696976 895969066 523054252 241632542 173523842 401522589 764979555 693515172 630672719 356472923 297194599 574140041 698168218 467797689 228318479 345101991 313278458 383208849 239208639 268716325 566052764 665236128 685103764 476522920 523628080 718145695 701821244 399175977 198010302 191292254 209063782 252998763 319437879 630599079 840754985 799495428 485859865 510895044 449946212 138615186 144714022 72695983 436919826 666632734 336574019 373867286 274128180 330886569 637601960 688614711 813594524 777942343 632068703 412527016 123235289 364239977 525389480 536345805 686172620 607382522 414246943 106975937 318655846 677552629 688719074 289750125 177820539 525046239 341469793 429443036 524525576 535010589 621652942 252279982 118823422 511184867 771471409 550982871 393564034 370049507 358356452 522050609 464320513 264754122 327379728 312077928 589218454 903925286 520805492 64335305 89424282 82249134 295402725 270282220
93
1264506 180214979 576998696 408486851 445924152 923283190 585395868 383293842 648128015 765761244 392128587 89357708 130655902 364029168 499826957 445911637 386943368 566873787 558606503 495352505 516855004 466280607 484646221 542763618 450843437 148770506 405360004 606114520 473593567 301050684 383101189 552737675 387328349 268575844 324824407 395376068 527978520 490860123 338361366 563331102 538915854 122772452 75821951 376157077 374039681 118885913 246793640 384684318 482169688 296195399 334627604 348958922 38630185 105896606 215954278 403069233 292180396 361494763 392365655 380256009 475862263 446819896 350526274 292452855 624583562 844956437 534633102 487962477 562400074 261694782 158447433 301300317 732597793 787329896 529024553 328775091 186537667 382714110 403854486 523460928 693196517 280961522 480835265 528142377 399000620 491246913 371066610 430042792 344007365 394622033 689827790 905819141 464827942
95
124003005 141773066 317074893 663918719 781414301 628534796 676425107 897090465 888252490 911664475 578679947 142908594 392058326 784412854 550258962 426022790 784286520 956645060 825052044 613803557 709511229 713349213 339049095 429175739 632456221 349663674 262820663 241427009 189520920 320769665 650197652 946998439 791013796 591905219 574847858 383707617 129423790 496751231 690664036 535505862 753363819 858998885 592374851 212089018 372535516 510460405 546877762 438648220 408976762 778489611 561410991 503717759 660615301 547688093 597031763 704598211 637657185 654888348 588215010 229352679 216892261 447633119 516357464 414255838 427773735 784916806 992771647 596265218 447989084 494782468 289564838 270525932 305478174 664229112 860630742 595651176 544115185 664168501 642990039 357049435 463539384 473803077 121161395 135682552 226551349 546397761 507260649 301453639 332572450 142720324 360263500 425952835 320544189 306549984 97587718
95
279334107 402272038 145771015 395807421 490145999 161470152 439924001 639503367 412858518 535548341 407697340 310206210 469888867 247835884 293822398 706791826 822881134 482543676 509246982 694599048 386000723 512440764 594994424 357550133 226310682 145778032 591884521 844158283 770841722 482901763 335184705 529588137 346180454 547453426 646237049 331341895 434183999 762896360 975767796 685545659 553520556 828173208 720003456 294584994 297553652 634540916 885566837 856881280 545695369 444553224 404706904 302070191 173020410 322505948 545423090 706130454 504456237 66453746 72096716 205809805 392385383 285677800 534950205 892574368 534048283 287186493 219150415 552000568 889867606 840555972 551079031 136308254 137431568 176036167 567776926 799472587 549343257 343886383 596114918 883470842 630501525 430844017 680598569 563522565 325461729 505841374 381336507 468673391 569216822 615145664 686333285 671137656 674475179 464449745 163788913
95
350724203 153105134 498157261 735945496 573317041 564110330 243034407 186643464 554655479 502853524 995763035 447218350 316660054 20216161 312524142 936151423 954913140 729899262 55089020 657913557 103877787 572922072 618546889 31509575 392029602 269347684 192464080 596611794 930249807 434416165 253803280 830561728 928787982 439515865 78220301 978653341 990524435 595246422 281124990 773587140 361949761 2761242 42069593 501310316 597536577 253593689 44441727 659257107 120000769 975499957 341584828 984245767 141762718 48216647 213932654 381864389 731160489 34795896 292621769 235543413 50566304 864468078 672395831 27116154 6572644 442478668 153845057 572231141 738309361 52960613 480803641 458261261 88603101 786813934 57886684 603325263 359479918 190456813 96603434 575599581 264444992 284943651 844123221 792620433 157795129 24466995 323764334 340609310 796738976 585724393 96320566 757672199 968089776 502450093 766698531
93
24379677 444064348 653187725 692628594 816802761 639871221 301209242 359857362 694379255 740231956 653751807 274871516 395647068 567265224 470313996 417176382 411890573 319927434 397427848 519001280 324167761 364354107 296429372 197161530 508204002 608906079 614469366 826680614 442688569 442137085 468727758 407792399 717007861 531368285 414390634 749158360 573618662 207772269 490286943 359180523 429965877 725265972 405821424 383588274 390089212 246568579 393274286 443632405 341739599 294340597 350678043 231223786 10990800 266419165 699292385 487862101 105129461 265958883 216696024 185709612 522009735 431078306 107189692 297872813 450770828 368822839 505283840 559787291 628800571 457164774 289553434 343685254 576522629 718458321 530180435 484130471 327478147 210225194 348324364 708851097 558636395 468652031 576002413 399805362 326338624 200628587 464296428 732409101 606136544 615452081 593983216 548183247 316715772
97
989939937 0 235348497 400223629 477939058 459148758 595496707 690718325 467359182 542981768 398454114 538992412 608009585 365951514 253284556 265265523 268273713 181323590 395199724 308994890 312648439 500430327 493827887 697120895 848549510 715199426 368931002 139887031 319101745 628128447 778293366 649268599 406672707 567564780 613568440 201879736 266353061 691573372 580067944 567758059 504934948 153379612 249537130 321898706 220885137 194424851 591909883 893870657 837025554 854246565 588906851 616908400 754939996 394081160 157897667 380374199 603013492 751050918 673396223 410206043 669830150 768840277 442727217 574556070 834012120 395743687 202180200 509760017 693119589 642630425 560485137 521243073 234684515 106108233 468332042 495411518 287555075 424655107 331876198 211723424 398377409 743995704 491856648 204791834 270859963 411378257 452406560 408382662 755220431 581490562 243050615 158707827 387101276 570211747 610437600 414294405 22838158
95
431969366 897554937 974352727 820385674 869362288 772222549 710181015 709903788 654490631 559189134 638940546 727214198 450095275 303396448 593896901 627013458 527607140 589637921 622937183 738225957 533502812 520470935 508422596 401104818 259182181 345801880 542878900 630212566 814451535 958736932 972883005 562395891 648503188 916975860 745447276 429724588 417335221 517595103 417970134 445705335 677751023 966377418 573531078 443679147 781532608 576919413 201668379 169978298 268415755 600133829 985991113 803454612 635536801 851123467 546336765 271596529 386693517 707258652 767698222 372303828 416407552 813512215 919167866 756199648 420321493 447087016 687138948 641081565 568883860 762171369 937111015 770869681 838313084 566103721 381651505 408712809 624338360 626022398 556316893 488656418 592347926 974142220 579567058 223304241 244317814 596763800 605275868 620279112 528070076 590385009 902376415 530116947 322938977 577189868 447901626
97
400806980 0 176167771 484058579 537553103 494951070 735690896 517197262 312767974 580033189 798699438 938038592 885924795 553618208 121698370 101636413 274530314 581435426 629813909 318111317 323626528 449744088 678245158 953983605 748076463 389553258 231187220 232094396 467148605 652265854 355797608 390206862 480687273 422289223 608705032 717935189 811165045 708607270 806889541 642225991 525698316 571247237 614933640 597978448 668204284 594147808 440566189 398990642 173214296 225847071 559653312 865320995 592959577 352662150 556035203 845293873 871750801 682374887 602607104 471006274 169399878 395324830 717567416 431739745 483616931 609139233 293276425 444538762 470997283 351276634 446626241 392376835 437681962 265613232 261004980 496802081 287830268 112471944 448519935 471908013 534735793 630546777 384323356 236716255 195983924 409721486 720187004 798729635 532449454 582160446 574279492 231095552 258627716 376063882 289438763 308818102 181354035
95
35092681 192812380 404119096 575724955 520494542 555970075 569470788 346494384 152700932 370797795 306293396 42029420 144078461 385831447 742676512 770822912 522959876 277594327 143243287 162700348 232102694 268097210 553090410 835246319 522639276 167295795 107160019 380296281 449031670 462150416 390672919 42322915 150513917 573644591 458881961 444768771 532318210 571711253 518664543 446327994 535921621 157536253 339030597 789923336 800568477 527241120 611234369 513506701 307869071 237924296 466433759 527565933 285553268 523831810 406170605 261938692 175847769 219088680 227216498 116546900 579769820 817421377 652312967 513772172 667070063 493621723 133338722 376610059 744110403 491973292 151942895 287768528 186573958 83766463 328860622 438797030 251822782 259317885 386263969 354922617 478514290 338026404 3554711 266663766 400208378 557631312 596854941 152160694 267166645 457470314 423718415 362807973 262654934 374415119 193750296
99
657860302 0 392894333 749730850 621773048 292527898 391581437 673733047 778185954 474678845 17952729 82213499 217107341 582505894 487201488 484340400 446879632 313638090 536009168 488815330 255624738 321266359 342451336 523583792 514236817 365538801 469908511 472121787 656603370 622018942 386044549 172072359 375729912 423186144 336158586 631428481 896481161 494152597 441509238 880847732 497529302 278864917 336371256 431888854 544722389 361966724 666869209 767302800 432018582 458771968 518832787 667541126 514658975 552911463 664312344 279002610 336377192 542141587 810997848 619701830 338024516 219490636 61593701 272969423 575186678 714790609 378036160 158524507 620117343 588530694 192723564 170240417 573908192 881251427 483162798 476749138 389668770 196686703 453645315 324449020 263130863 419940882 703046321 603822883 428841522 510209125 277125174 401158678 567065896 260476815 203075714 313396408 411225014 317294597 269942109 656994948 630032448 253922749 42819055
95
414556903 709102043 577370250 733709041 976889500 898036202 639144296 623454578 504956366 283517319 259837939 368025728 402667362 653167145 633250502 627288287 675091888 662006382 734762764 450663965 254195868 385749714 452954732 134480959 439003029 923034940 615637661 387320754 418761721 281149925 268553957 334690382 647464305 505367026 156509199 205403774 387817847 538311728 362566390 564200987 530876518 546651061 872184856 615283211 320561754 449366598 788029448 933236748 764879977 543389524 671526331 804126695 625092645 583995701 867510013 848607376 870624516 987258070 559036280 185691524 611802664 894585596 900221383 882702280 623236522 390150645 361343987 563735140 709333441 690660384 532239170 275425928 105168460 469652209 641475180 355039248 202351134 531035595 559459774 444658155 637952051 432802678 443316274 360694454 561876416 883276787 677194748 350931181 262145877 389528230 448346569 651059600 471151373 165648313 103068201
97
159304644 15448468 166928963 366905570 392324584 474320466 905586221 894342453 948688663 600880897 619288460 141080952 181524475 418027637 23068255 836670960 972119706 490056799 930883107 10023393 402921510 384441840 93596838 88354889 309775672 924707960 747663285 620950477 888934002 236940774 735438331 524766964 358426708 145382235 576395786 917167782 279177923 389432115 759072870 63456698 981118669 492663923 795845077 957448854 427672152 33571869 107557875 626498356 35683552 459797198 5139796 24639301 228626125 404109642 34287384 41765960 139329722 894177649 70530694 469016327 665625912 125116143 75552442 765591314 937234506 478801436 609786025 754442498 622102862 356112979 961124289 494814036 577856050 409088839 661499179 241926547 768438341 873708469 461692205 532775239 84753168 981115024 346623395 804636094 971218178 484919383 718072948 403452993 888670367 702897765 489194139 3319578 498169923 866447102 647079920 118353311 390562596
97
818844171 170588172 109330281 577214112 441212431 202714000 155496096 515238098 54328167 828644917 579882146 592277698 169727655 730903398 369966617 220196516 328052699 218142865 911958646 835675271 701066621 898909178 512349987 950670700 761361538 357750534 129222556 429503491 217430618 362190176 10047101 482062707 28507237 277718733 123440640 868880823 93312541 124641863 280319343 719869510 966607411 317064200 558621452 50100515 187886765 415500590 687192977 45386018 849845967 993280828 248940155 941012099 386725080 229099080 291043918 446059033 903560484 844327598 340337217 511709116 286774652 107087935 157157140 934892659 810250858 783488294 891133880 80894866 60097132 739224761 569956170 708337731 475549965 658812050 388106059 721429997 9689087 301956895 371577570 347487958 416368292 470460062 31944969 11615635 489907824 723945099 819129734 597385455 775594567 788599958 947876180 228711127 623504839 812764223 622900153 271601837 712001201
97
437046944 528941630 351700882 475957351 626261563 807679430 698679579 580800426 372700284 202086482 263803777 404369567 552306079 563397243 335909424 445337820 567263832 400514931 602592350 685838739 782358442 838476179 680647219 791024932 803724640 518088064 557898529 717677177 514165355 220827273 165936882 334965861 642736840 809857896 702778304 730139015 818551377 845853928 955354902 986756204 801247077 522949706 394174324 556487027 679387732 625601521 558631382 456800253 251695386 204836659 489104257 429095476 364025964 737807445 653869198 322803458 227734815 562537491 974601540 610116913 323528610 395851187 285193531 477153927 619051593 499389248 395273849 385222267 555334051 581550538 604967175 438923176 402383921 756816490 924528016 736053167 669875636 893650839 729128638 404921387 609716454 522283333 498218623 916244807 791556565 426029563 577326333 809770907 400786398 226035192 240003705 540822661 976718618 691129327 394497331 563139273 402498695
99
257063228 0 131012945 200570903 128422073 130782956 469104166 489351511 553953644 802919435 558370789 489260419 507718365 621915144 425808273 327749098 618794351 381451073 149733754 480639482 412693640 113022180 218636723 258893494 154660741 479873413 575478084 262053161 431948679 377035486 133609892 367320724 727829109 771345683 436134436 157387320 234728357 615646136 738852464 687902288 461170602 501428728 515146057 86958107 139037179 522637624 740316566 785799793 514404509 112865633 506330484 760369563 800478828 937636904 534354814 505020507 534598477 294883751 405650872 458931705 408038887 219388219 415648341 741217200 503304825 210792271 487372923 434014287 52852128 525231119 939780591 936581478 641180296 489788289 663193752 593056548 390155687 426947999 449619405 618580349 803382869 505499011 280115575 581590207 803483251 551172523 391414575 355767051 298648392 520712609 667156935 519495726 567128440 670500687 633760690 380496928 284494167 227316211 50090331
93
6440659 487301508 845946366 517640499 249893271 444245937 549792912 309432243 567091745 626104189 288849660 492751912 390881561 450678114 810705736 528327153 252276835 389468084 381041145 200565051 370274562 519058127 680317262 444943387 106075208 108048242 286303102 530257463 295233514 111021388 97913068 214084514 289988249 174376141 512539223 576082559 294989247 522713544 816504519 530939888 207436183 132646080 406779928 573327461 234960822 121957232 421557496 838701945 928647042 451333357 77757105 120833730 264584373 564007018 357173693 286184280 564654196 598998777 782947647 743892357 525992394 577636868 340369846 150865479 372462456 503389912 550907580 528316859 639547094 572859805 361512791 616402997 859074531 480969893 202412860 331270537 409495018 601121294 444891285 211229071 408800101 293519372 364524211 829025581 754494843 500402908 497142868 719721195 519458874 211515235 481643252 400109951 44405855
99
978383681 0 23549305 353201763 374575477 277651775 434810425 511622757 661132204 647400579 596247183 432756065 189394189 383374675 521051041 223877586 206599302 350636824 377960350 436295934 523992656 722504674 501589357 282299308 447591011 511493189 296206439 211508463 325473804 446468815 374407796 363117020 764485505 882438402 469957618 121377663 320899897 418507719 632265382 480842497 221755288 300595337 100969677 146387636 208504261 461700051 686261517 542064749 635282864 728600868 686042950 733996458 708988306 469044594 603131549 589506701 399471900 515651753 634499067 733813081 787231216 645138274 392273605 183723457 180362313 264829220 305614290 696201885 585350650 534066719 470707012 539450905 535844987 103396101 196364172 393012372 382478232 541326139 510428318 164935441 282953457 336842370 388504030 637478956 472359839 497504120 768975390 518818096 265778686 170767887 421444218 764225691 723039102 650146430 815016159 859482715 533517511 280674529 115418736
95
483332301 627032916 504818512 532271688 330562697 615693883 546936130 341654565 465999137 584492129 417416233 544822867 665734345 550112876 425658549 81182988 114459581 316392234 604851221 711611854 518872898 423894696 396384595 571263030 767482172 652568479 706478143 677272642 727339140 509432642 333455561 403807790 376904502 562410339 367948816 226140994 443790073 750176972 809719725 541483088 208541595 298266595 787307718 766710398 536813643 688143492 667813086 403212798 237068045 317811828 654592102 683676331 727803364 936164439 756566973 522280355 319365840 513831808 551508887 178374712 269715112 611479282 548641136 622555617 528566128 399911303 396265960 495691435 898713564 704795201 631075384 647768727 477518888 285780027 278358276 311700716 141074472 472171765 852599897 397889761 38621666 152744225 551834189 543848626 325165854 485205981 288909607 456639036 574490699 138308989 254083700 659763756 628132757 438733927 202936229
95
435162666 526600141 471608604 644544849 501837380 414332073 410410453 528325253 516218704 425947880 420885117 384063002 312676110 552655608 428830949 453539323 601735116 275519590 163129545 481223589 619300468 606948172 845863089 496971970 366257129 396310219 596121448 556918354 128049576 398179263 712160864 499122443 200374858 552809998 863009768 629282641 678727900 843622882 471319845 267354401 633864531 929396691 985504747 512092733 491817087 585194744 162883661 324807842 697771526 907806122 750445008 673581832 848585105 920711296 565711832 340493735 543288517 751983435 662148989 268179285 319728906 574973277 535960352 465494421 665366721 656557069 300970775 534741668 675408843 613956788 705673403 298546349 200203308 460413134 458583703 674460706 947677720 538374776 154311670 297240658 640131600 601429594 599187073 591294020 433429460 660443599 747056575 621358724 680325001 589747134 385965873 366246427 352999964 629856944 438530515
97
305451729 704105537 513490524 536563383 829769890 846514572 797732269 703122884 525197004 476639724 557787696 352001603 570095551 801458883 779333105 555061493 413465437 511395470 527971574 528337854 566279622 834378445 843698427 632427852 294110694 509708052 528716109 66497717 488220254 524067275 529075532 605502481 265188765 244123971 341998399 314182405 438010500 805235568 716714185 443726732 537180378 725138324 775301093 831869613 761692850 367543218 410420630 466463838 350409242 554672463 492978319 282047287 136348298 532105292 566071489 491673088 514699952 246793111 515942535 578381545 494964045 586433713 609546663 356773228 189503633 227515797 487409281 584655127 478265808 526016254 321396097 336290803 431677763 312523668 221694638 281010274 534494875 729083178 445126260 109933479 47140331 361203651 765272321 504577305 234412815 310551822 606120044 952619272 787115569 728624287 816145013 545757089 516915064 735039964 703109272 592301674 270513124
97
72692396 89558222 149965098 372173801 535646211 792403725 847551085 524897009 622096881 839972003 517375601 433336416 386774260 464979545 815591202 787873924 820392110 733912826 500071487 313182137 450474563 742966382 852401658 560049301 485816323 423328103 223487172 460816129 659418007 440020216 360219650 802918550 779702306 790932565 741255358 710354932 520325121 183675268 636928217 972630003 776202452 707764070 440679004 532842991 897479276 621868755 563548116 562508450 279699890 215318945 520590301 826905369 855140369 468466486 133940562 456142463 877852939 908476201 729318741 751081898 487124615 532899934 552850127 371850011 672033647 678223576 547689701 382322081 452425284 766646886 562154511 479693970 901727745 626810474 521389833 733525443 397363312 290287509 530390747 528821356 230891970 384494076 652886484 714459542 538043159 413669347 532044774 354982041 270373583 501913371 704225924 484241973 378617705 540217601 393977307 584088384 507362598
95
78736039 502214465 745160392 763354171 520162569 424253591 427504340 577297867 606810250 550244008 791516671 434608749 322474904 661869383 597981081 251273182 213967038 622167898 875081116 696559887 572704726 476725272 376914895 371657432 397988252 451205629 724314023 952091561 983276882 569909305 423887381 592812062 681032300 599120980 239493973 88627577 146363992 476936616 623184301 579234841 439207597 541026540 704390626 686522184 736618416 433361995 122932914 172274474 135577827 172681009 574263368 856881673 519694473 543358322 604380633 632308534 831369245 630695369 744041243 525348766 133835708 216231759 358015320 667198247 507245454 290486979 657791809 433238331 153413999 439053447 646496294 612422079 321486762 199921969 294751111 321164595 193814419 85214180 250732112 622849055 518959673 513051743 516617468 446952265 694084060 572970403 510992409 367784868 486152013 417857847 369596922 515595228 535689702 410465413 67464846
95
223516674 0 144411186 146260237 100957176 123634219 429009879 892808509 814077829 575496215 429927437 360868486 482258968 770652078 817464193 622540655 647829949 606847986 645730148 458073972 381765904 445769195 115493921 447313518 900235780 623391375 648748590 669129096 200493602 288603656 661028291 859314180 532791633 512218999 639793322 483817654 521495544 499787154 349690571 550249028 636899499 662319583 541576081 388942806 832265589 727089888 624380647 816130568 520101634 247260334 344280596 204646538 287148742 624148678 712776013 462348448 223534170 118082129 231355475 242080869 377056026 426247550 126807686 505410171 662145552 587523649 489728571 428152332 547967940 382186596 559853029 832252209 852436008 771093622 416301445 122544438 234231451 299139370 501507505 675861648 697336297 586221862 397490808 499302055 563925900 457854906 518351692 460751992 164565868 419120568 460048687 166205813 472905917 569683374 159195457
97
939956920 0 217101958 667845990 498320192 304128481 681666741 683095789 290166828 236455763 616397503 699874334 517050249 649936145 423056454 229955573 558886948 606090383 467415712 353769624 417321435 720982152 806085573 753341511 545607006 562141436 837561740 868161642 686079459 525445114 398257905 164270112 182594093 513080150 563237581 424708880 689972368 747522568 672272762 854070349 619603552 342184582 455668759 279422635 447954087 704104921 338583951 86214730 528976616 535768426 292913860 676883456 593471823 525072084 496662753 427989859 723025701 871806262 708906870 357453213 288405238 247429122 550683993 943830082 494127456 78367874 224406868 318167520 328540258 216287592 134381855 144652173 284289437 649882048 767426568 694247547 554598919 454472907 329775460 232573506 138964797 355843545 378014778 92576973 91122911 239883468 380496453 581087354 652688602 345165201 545534425 612020185 343449282 285352318 470620423 695362417 326629794
93
198868520 391982462 284418178 531660034 908103443 486572506 148191127 290184415 245713386 144837382 118894381 418481428 405452458 111425005 495895545 711629765 649149479 543785838 342031488 313625467 229063390 274865140 570836650 482712240 300429437 255857253 320668360 368107053 120031445 469678340 683197017 659811235 612039228 225233465 330830667 735294071 657912336 327194248 319273149 644589744 846364689 578571275 478441774 371026934 533468951 521571675 383189288 351755146 57681884 252300540 303528410 436036557 774993609 809748911 403075972 14007018 124789635 190584252 187010676 214104632 550610646 944632475 724291657 694466730 937103392 782893226 647187343 381677699 396303088 484023894 206552570 277310846 353620660 448150778 495169005 212019826 107355359 401202602 764801717 755899926 595779853 543838362 628846361 416466631 340532767 329368984 171321532 556734257 517985529 501157974 535180040 214009315 63418821
95
77299109 787441428 989841126 499910382 385924345 386370907 160921043 459214136 985614038 219892863 783580519 546733986 170197653 643104655 119824365 95534862 174876825 709397523 963412446 111167034 307264469 277103266 505364039 636808656 806896124 408905339 59935513 115992552 356129744 309023501 746406683 629410842 555533951 94070959 794402660 356783814 265385032 358727834 505392329 780037166 384766866 715231135 775662809 43311744 572658025 897721562 623149721 94001284 74447890 922523675 145817216 396477826 446299474 497947218 484261877 725590160 851984027 839032213 25826464 741486201 675079961 247862113 1044458 593399356 477713782 401767177 250276288 103303444 992233437 795068106 821637663 332853343 175294567 37653763 820447076 596631686 35097784 83059889 930432864 713723072 940141590 268146513 71033845 603634434 559988559 503509482 243191359 152224305 892972406 614385166 161893257 35318158 37775754 137898699 150320177
97
62823700 0 130996861 284882546 612824761 483293342 157087132 220548744 107059044 491903994 742286566 333951702 476064688 638244377 247489271 81267170 139646510 576499223 653622823 381945728 612998417 491828703 263150475 164268243 356893311 534555818 366841284 186499303 327593871 501218930 658804606 929773671 851490079 757968718 558453287 456666449 541911738 716973954 879515473 949032190 605918467 372246995 478114712 535053551 485886838 356604047 626003412 911165666 720452558 740214377 553794138 59648966 483094713 891040553 790026997 578007222 583311433 406733811 144700369 582428440 548837858 588289553 975412922 698467336 288847130 200306208 282782037 193789335 382911476 800137913 510411944 110116283 126086696 319550831 391884843 605314199 493215757 435838284 709193642 745862931 516925544 409743296 486920468 282308515 568406503 865174659 608175224 473022854 775511745 586275196 541249833 437540797 76641628 526368022 657686333 683452484 478889712
97
288691848 316002072 538955877 588127191 298097626 411330165 235101599 57073651 451479608 740689812 473366865 380205813 566583477 573720164 619932271 640159241 406948780 599290499 672398173 348112016 625586470 569781882 231914967 275528621 446610677 733066075 652065050 311365928 333572107 486975492 464281657 335681136 519654927 687026790 735161312 971007177 544797876 263370612 407504171 692658544 514903688 190350948 455357831 426248660 375390373 749180944 753885300 367899578 168130004 321008604 311588342 201068941 214736653 334671648 535287246 369707562 335796398 338604323 150699596 472729933 672832931 669279200 563669623 387021638 578719493 472636262 352216421 342887805 662696986 986814816 902963005 721359145 566600116 608546405 514664536 677933390 680810163 276965173 282359676 630794944 603164366 617956650 830567322 399310609 175739355 437962440 485705950 480757975 630382277 459129869 379195365 774036664 609536061 163161092 500336830 915621194 495973846
97
99393935 0 440991792 604884220 599935843 610402979 175553954 234873584 319640073 233292858 155448961 78941046 551304419 773589057 773435482 672013780 279587082 342199054 440117448 449968691 616956780 398160110 452992089 587105881 356421761 675443075 646970230 641668129 610979834 356370125 388003098 317748853 271003766 373480461 413427940 625149285 502528815 292643873 376988690 550719578 748743290 556926915 586907182 775390427 470531478 53903505 336834744 524260084 637335919 830510618 751049183 842321136 768984362 426231522 270076683 445101438 659428875 505130307 673099505 548346597 409399515 405878398 331725595 373242263 556260832 835427675 804584038 736809683 368554631 195080041 532875748 607479974 273297808 294231036 358447160 518965126 525291852 435437198 349178654 95595562 205670018 404816656 473887649 647307887 727665070 417425113 446251680 766479046 458877866 214624963 339125486 314212360 648504377 762106009 699038288 542100343 110080976
95
554457683 942081704 640113812 410228930 503376321 466279136 557819440 834708907 947843431 894497353 875682837 849514245 477340060 567951594 864344118 935298826 610786127 292425525 695867409 620929653 384034505 581351273 467264033 483827110 590912037 454463910 671413614 920552673 665452185 496537593 526410365 343389220 159810739 504347664 982848407 655895304 386188959 361742862 344594496 465032774 567564538 856277903 569194150 362827744 450646308 371432276 703495933 528706095 496772120 771873327 720244410 443202935 176802986 258718185 235483663 550823504 577051999 296873836 249915349 612994521 609210400 148335394 163503014 618598846 602383003 220379631 460216201 700828042 886489257 985951692 873102456 930616513 973611168 833380799 472411060 498929170 594457512 290089138 371316050 367361444 631923341 800879537 579190164 799410536 996542677 871163604 649650998 533669541 456567892 497252633 645229310 870854300 732565291 336623599 168063737
95
241390038 569559993 580542361 286101820 515992861 760041412 776590026 997616634 773154825 731605201 785006210 817057084 682170330 610896101 867364938 732110500 527720118 509546120 501295124 244801517 328588590 554442572 552408820 582007275 539163834 608540312 452820378 516251704 628258654 257060750 521846550 710752400 332571384 333017663 312583347 319549423 494271589 454420549 349472159 472271044 393518421 235664636 295801593 229514147 136374002 169584316 260819523 475101452 765737513 517735535 224008603 305132421 656685863 874675655 816098585 641293236 340627767 231239792 409928525 646098880 548817846 469708536 764249247 843322787 785430613 769374766 526071915 571400035 789242177 523323890 247727342 567791450 724293069 330939340 306754964 454124669 699846533 875675278 513372316 555190307 618559564 678757617 710475466 343988060 242654842 312785452 607418542 912714295 920397544 551419281 601261367 875666158 578784442 538705501 361176333
95
368644612 775734781 603052535 254696067 123117291 484495055 942145354 998033182 613272076 445779456 413040555 148711635 379255107 604802105 366490434 519535291 770438972 631545209 687982795 408244169 347654407 782105282 632456951 501858153 593635819 660723556 535407596 208985909 235100419 560007230 634065151 594039888 796651916 828802425 672187045 786532286 968018420 811642140 855388267 995772750 879236735 695261830 741392951 688475010 726357459 500000870 527740288 765151096 562398409 714503570 519354360 416892979 620347623 416770865 471133553 772871029 848807597 902129285 563952589 567163891 991215210 981988768 685835387 486889840 608988184 454143426 556018925 783954526 633678533 696953660 698941848 370044402 348320287 749691816 961033974 703429495 545877343 675026558 384977348 191885197 213128584 568595101 587051060 122166464 136131089 291471737 547116763 644710660 564613387 534469423 439267056 303487734 337062829 628381829 440133423
93
205672612 474102351 535973916 699463798 762707282 419963664 362535770 604261498 342119408 410579210 644856557 261165317 281918121 399044369 190014342 516957643 797485913 436097284 115028682 417295764 739225304 788850260 945944043 642327337 549195269 517987414 384845338 613045108 561128632 481605321 699916045 682447383 633086683 468480123 120187975 245831936 250621622 331331002 433729442 358402054 691669622 731313544 684515282 669514699 514443052 604455763 455346919 278418444 344469589 429721924 674569407 615923756 273816614 592040668 817568506 794984267 930153619 768261744 509523196 298615158 591518786 660468436 212678447 92059926 469110198 653792886 324640165 166599566 487366465 603526468 472302007 530984011 313299309 548224865 837999378 560073755 529228602 780899078 481011218 366269421 731360901 514970005 304583210 574718010 545005083 509391661 637244128 632002168 683803936 465245644 476235215 720092232 392939640
93
442588735 692189612 717490612 838247750 764505409 520369360 634653131 573396181 442067504 633932600 508203205 639871030 612126861 605380000 593751982 401153252 334589173 172955719 243123849 269307970 587086726 567843749 109047347 551856570 779129911 381999094 491774802 814968322 524645620 248539417 591822150 658617781 290137122 546737662 781959506 763007231 757174200 567838171 404616549 363330032 313634267 352607326 734431743 899949103 618532018 588509016 604484333 304934944 231932561 418246817 667549383 583103983 345845397 404234735 722996048 507079823 114992636 185383432 435292836 822540605 881459586 831795291 703264679 642772019 503207182 360062899 593383319 461499351 348457483 332106541 486575124 473063472 226011542 228289215 476681529 541276641 283033671 390714719 474758256 479153742 380961092 552596841 644263643 599413541 798902041 437521281 94058985 390015361 642795853 591102684 606133041 666819295 372206611
97
472543231 845739354 807612806 739811189 502455478 431179980 665278432 645690082 434208990 342837692 319494328 261985832 332796088 499574145 399998024 352132586 345109239 606837017 876092453 895186032 682644560 576967030 492908027 447965418 749962122 886563367 854229716 683324753 662705108 748831050 840276323 520614510 552074149 822937111 644497183 727204541 627957523 599192246 756865222 535903462 445678667 386146267 373494125 654282679 461727814 536982355 818859766 735025098 847750313 897691290 825824251 656882394 342427951 196038232 611343011 552958420 481983856 746004571 392916314 487477732 729519475 764377225 751288287 372974532 332784425 491310168 768463644 763871168 541279310 429441224 348544418 714625147 874081799 535361800 579105105 760647889 801011857 542863737 305428502 440610643 513422253 535028356 449081647 440357579 677417311 809975990 420824080 498976163 741923834 749302646 961660937 974793553 539921635 458291918 775281889 770838217 423489167
97
370686434 748904224 822160409 815660773 421199120 482339520 714792737 541259726 754875744 645352929 434739230 474029402 403444500 218650015 491810140 544421283 562650197 879915646 879386029 923837102 552410245 228884691 209079545 210672201 249503140 425525196 558889239 386924722 567889389 964792700 766381192 571638702 510356895 283465340 254817546 560703518 646748048 288188864 387764996 386426762 417830481 659844750 392946542 595529358 660213797 294057561 476743121 512769349 509586236 580894806 350505239 462804464 795878173 615468829 361348777 414302211 250113186 528080036 628702337 327533136 320931349 220196941 104860134 115073503 360920046 288300508 26642115 451489488 650286532 390903670 318887437 533844477 450908553 526614065 844466619 815636923 504884038 229356322 231080864 430853276 627689284 561999605 459711229 405120395 737390207 656137953 627002889 562295728 516167540 599292883 342307812 443938340 295607467 327559158 708315907 425334468 37155641
95
4872679 22364612 917693906 869561907 86960863 189285863 112923486 187299937 144748101 762518081 495591261 97641914 182325390 707361584 26210363 481374060 330349544 965861812 758390568 402851001 10348436 142169552 671060646 186425013 250940835 861373253 798818356 926959723 84729200 126580123 313896179 618129460 860767145 619672692 408838238 844992124 366336928 758594672 742224511 878872189 524539383 738246482 821108485 175029547 930459938 976028205 55486696 9523241 708587652 72167584 878103995 269336488 153326286 296875090 374698034 655148381 33193380 955695980 993402975 462300903 336414782 602932342 180497048 965030004 663382444 237902122 893556979 514578097 817991402 242560282 41095803 285344891 998415065 427080163 302255350 36039416 278153362 605665471 902858279 603142399 478672100 454371242 843837469 918958085 559486877 545747616 30164707 653192550 614673138 897958736 473696128 462099350 586466304 748195170 173362723
93
281873267 584043800 568657878 748450131 677889480 663135882 678473743 243029895 149183891 117554073 382074488 726407304 511334061 300467768 238667596 396877340 771214299 579763761 348318468 600372166 799078627 574971925 589510581 474183097 471031577 650867440 344015240 448247025 506300090 441647361 632868282 801434733 825564377 462233405 83223684 176177360 326076689 389738337 495651289 715242703 584136438 182901101 96896080 369767633 706126916 501825735 106102253 346451255 394012348 180411749 556146152 674995203 574029147 651330145 509922473 259281048 203139668 298300558 546434701 402583395 376598982 591024742 621492319 508317371 489664513 468388748 149975298 381345247 350376363 145319601 474839200 424491556 76641528 266228744 467851544 275362815 203532005 216336623 433264584 757541675 461742373 478771509 653956117 545881737 533861668 280781450 243861299 605250058 449008716 330358280 679238561 560320911 185330021
95
422018438 917794685 953674708 803644463 656354691 397219645 306130974 237852568 347887029 562009388 570667909 538587111 659869256 844328800 625872207 732772983 614925017 517789133 815489067 523124570 356565614 424051307 327557876 198619238 401874656 781645810 680919983 369266527 561332974 457503596 311427133 801226453 718233581 583463341 546434892 275430368 455357793 433560758 119028413 261430468 481887783 297302644 283536959 518318672 655507991 575626019 386691145 293580149 336067052 738783156 791683729 784615293 536647199 525571396 643933912 366094858 564725655 784052617 688891691 674568133 592577276 261902407 395538734 383950943 119261824 287437574 528839187 582180044 624964946 537843464 373036717 681047585 734085482 572740215 441137457 379209407 406285239 551508807 490371274 263545607 400208925 261948250 262657576 270047720 78607934 109614164 608181085 623772207 186879757 284291880 524482928 742324212 728552036 555282799 267046003
93
379773038 526724172 628724954 844650556 745933124 483086046 596082179 513143090 99684322 488031259 651424827 280209623 130439320 256755684 639741302 702947267 750364124 731495726 519708637 474758453 302969586 449280048 791725651 561234376 368253700 744304094 545828710 208478612 617630302 801486266 738449802 732896969 385852355 144265445 228080815 628329564 578985428 426746571 431898394 614407921 832512494 752583259 844791381 792698535 799924848 692527278 582235526 817069138 994618896 621685776 250371124 404565014 550518865 482655177 509009947 371504060 374129475 820244899 998070679 813492287 586603827 525504054 381310756 332318307 742784250 569069825 458687107 663953225 557954427 785213013 978680308 730394545 596140540 382890646 190978904 639294494 815842902 527893697 421224494 602743711 509747546 573468776 765056670 409536819 218934833 218353286 446831573 756418700 826591533 783075586 777778249 747219029 333509664
97
317912147 596006404 604445791 614043755 295508062 27935234 342781587 358723819 455612551 659551657 553446762 545127118 504906428 620873149 486488496 269195913 320895166 452644870 493184830 651752954 456434697 230901231 483953186 306596872 431229472 862376944 614472245 558715042 560773439 181551246 477379109 562149714 146625797 161972615 299793831 243104733 184666302 550802638 695044872 417608896 430511244 645000568 565466035 269346817 498279506 704421708 455484090 615340658 679961871 420021714 439749330 284416517 257355693 720722821 864308172 535695570 310981366 325788643 601722353 927860333 764128280 285901713 242418519 627446159 876753533 946584269 540377917 76759830 268605034 477361139 403363276 280632224 197550277 308409642 301641593 360078870 585572017 471777016 424089380 430312696 273595151 283059816 442883220 486980916 646882414 771296760 431156630 371449099 300039588 241361565 397816557 300935444 206288870 265428918 348693665 650991147 479231299
95
540618810 633240727 225519121 570157860 885907708 799955194 877174630 880802615 620799324 476020130 663903644 612219690 350961779 325340153 499587577 623002290 465069398 229590625 353678542 737750023 851506916 803749313 891583241 637967310 643630650 647825397 274325800 203497078 344219492 428052852 516116371 532768259 599338982 597715724 567801437 601725455 355455998 321652405 356970950 490620435 714077503 518345283 193451392 404084318 612741953 672308750 457705844 143035627 426594452 631985447 428840253 476515281 566274224 497476469 757055492 691046536 533137576 610800541 577353541 407566342 194969975 629470506 609702975 587439074 881189684 774453879 483942446 312995963 367769178 331681504 623662722 718417546 443961722 371100273 504215418 450905913 532679547 714225568 802136825 657073841 465248842 367424247 273547069 287186677 487558563 546620334 714176202 643558445 362883875 643947802 647514575 305232909 570173095 806761649 331879620
97
417082622 132414040 238644102 868966237 654950166 991931065 210891040 396149273 119161137 944237791 143617755 188843583 34802336 26658027 900670167 926352292 569019178 487531070 123472962 600666689 657455723 30929257 928442790 883849313 114741201 539060096 290035529 558141810 519228558 146885873 604941357 33726435 888674279 675609118 385511796 205070292 629663975 114607818 765612650 584628803 335935889 273669031 673684303 632377866 589513265 232549492 728557965 825389503 946411078 28578831 208831969 652481106 973662779 572723748 495086801 815675206 288906851 283868591 954648061 84297590 22245793 747640219 519944480 59131131 551964998 274565971 441587232 268062607 886640972 12267694 511743715 119235971 765777440 637232039 724498670 824219968 475656772 91937969 189520205 143341052 812179913 436532162 538471793 741910579 717635096 622320279 171556485 947246057 560096477 755212719 685456262 344264455 541853525 21905456 155479935 922788294 513090833
97
343591206 343630434 283656756 492709139 597618582 876672092 582487017 524803555 443314425 101252572 283114914 396716473 147919947 270272428 450880728 274305752 223905858 151551873 162250703 229111712 188078102 217751126 369287561 263449702 238408107 362991341 368831438 547224881 551144970 270520554 76571252 80186340 394572309 716279251 697875733 482173580 170170656 321027289 599035440 530157036 467806371 533951489 545087258 424826897 596187135 780516199 451122078 111630141 85900695 134533490 132759900 341105486 485604194 604103991 730383676 682228901 702555337 498481279 335705126 422494944 534410579 368589034 514870853 490182316 331256024 720928478 782841886 504673199 301511680 542633949 858791833 622634602 625872512 916277500 644967821 252212284 281917890 625643284 483248791 424615187 714250306 345880515 143514410 341378584 505173792 368581675 373112260 654104503 673447592 585124579 479236823 225511766 65719938 53477582 24449557 95031662 14123115
93
261639092 738809981 546645924 264805479 337639629 182425301 524793484 710467897 250186468 169169779 647395616 994021566 633104305 180212293 268043201 392338493 617565242 789516002 417131316 173102547 541424072 714772022 618898692 621518937 564601881 682471025 701248936 457290501 421360235 361196504 293109103 366761591 262885024 404056150 792085026 693244882 655247519 846493660 418592501 527219343 719759557 304325713 113847239 80651206 181520306 273130737 488266525 710232695 591264485 528325220 597167997 633020732 609173134 625936070 598433844 446028282 540033305 362575012 410552374 871278941 611941322 355797114 335959100 172108446 465990121 752874083 767899382 469238889 462870792 555399658 187552170 137933047 438622512 610838428 614892997 623658813 606628452 415972740 591839283 972833777 483674609 278839070 634233943 716241066 532239984 359206358 573058034 762363596 555084304 315677239 617887185 899742347 412490656
95
12172875 43659641 123503441 357245235 404051565 144972556 6411112 180330384 600905383 651056000 611658346 577993043 329277505 427088716 616386433 598892974 351841668 369910296 685566484 531618927 595647441 517388730 141095860 513416333 439115158 32124063 291980690 649097876 433021197 298054609 426938499 315781154 629134331 588625280 553870862 574876096 254980288 290852013 181101215 48178273 414752750 486084286 337855266 340545323 119867249 262349971 707633038 508710098 122895280 278030553 539007344 582233364 573699163 449882072 388294378 384001299 195061999 572463150 606045245 550374044 571429007 365916765 667802373 609685035 220892592 502761720 927425225 669632207 606975475 526994309 380855835 719242167 452075042 83222933 209947693 368474726 678201033 844679705 552220034 500241752 412866334 340115651 569862185 300364995 210266960 474056796 745768601 527391607 75387186 314481817 318759858 272684965 274771879 52449137 26397031
97
128291328 469166625 565807389 515012074 684841823 584369433 396697109 538232710 545694406 259255240 388517365 521497971 367925478 689754005 536088210 420770066 729401518 431952396 175860145 399214181 329486830 318371409 702080417 618344781 453521741 587725760 549951412 556406319 536182837 646164228 878836391 658783051 459898991 263382241 47048390 403223489 519914907 292883344 661719558 834100674 579645316 688817860 891121480 549660496 215119496 284926910 396452882 555197186 817176602 697243358 426014349 555643971 447144378 359392605 318453754 299160339 289406930 152235293 160189554 181135162 166598541 185165308 425640027 578763659 554054329 431296886 485122723 599716030 545776499 349386915 276996660 501512920 337517663 149241401 354305614 472090421 256719361 355036025 504929680 342954717 297880356 354117559 464244500 328727569 345526750 583188436 382176433 288144998 363073731 520520148 439913432 197354703 195610622 481020256 475139847 500144124 466043698
95
213071720 609913023 387893453 324747544 628043500 616900263 513934300 214692787 339250507 471029751 329713634 555019830 753083480 646385086 571828014 609243195 527551906 680468045 684065715 478022353 408484400 519462818 579981450 565430019 382818294 29988492 346221813 512709848 619435560 888007874 399948088 394713903 484260170 385578522 403621342 351396448 298064052 513828472 460805406 127111287 455437754 512012174 223120288 447194493 806204709 495371345 161411464 178583522 429833101 435572287 319223873 563177555 510198389 191555513 484198386 684942103 665599586 458356256 206272841 269813146 237977684 223710594 510550269 793712839 392941747 107930612 292013037 386134000 414791066 673195129 476339879 81561659 527913527 456282538 52625736 407820635 541763046 433233849 333666551 574893402 639984777 183494648 8049833 129874076 204988478 261156574 431561510 571326370 744247248 781198976 391622106 212272323 624957061 449486153 1632789
95
781902780 276962455 367234393 35914219 646073489 995478473 841917327 325602317 192566698 666712556 938126525 660108135 769134904 849982658 152624406 810348421 72367767 210216392 447091241 338497644 392381606 966778917 867728473 667203164 922973540 486270686 611312508 276193463 482161332 121848898 695465045 760399362 187223325 1770431 394051849 457169246 422315044 143393441 63775836 182815100 528069371 333706723 452228925 571009756 136573469 956915848 90792794 54412511 626212261 140298509 384402011 765135095 571352379 597613971 651506127 301282172 498833027 908680223 142563784 555445694 117742294 104382472 897027059 924101539 353253637 862669844 940821698 880906609 519111572 199273134 316370214 741741746 99935286 515058663 552264476 202925306 179769738 681088761 718415863 859448753 800059589 19047884 733406375 386677970 88585042 60344201 477663196 221043373 878842558 957132804 414429181 67318049 127856508 483454532 401000056
