100
99
500000000 1000000000 500000000 1000000000 500000000 1000000000 500000000 1000000000 500000000 1000000000 500000000 1000000000 500000000 1000000000 500000000 1000000000 500000000 1000000000 500000000 1000000000 500000000 1000000000 500000000 1000000000 500000000 1000000000 500000000 1000000000 500000000 1000000000 500000000 1000000000 500000000 1000000000 500000000 1000000000 500000000 1000000000 500000000 1000000000 500000000 1000000000 500000000 1000000000 500000000 1000000000 500000000 1000000000 500000000 1000000000 500000000 1000000000 500000000 1000000000 500000000 1000000000 500000000 1000000000 500000000 1000000000 500000000 1000000000 500000000 1000000000 500000000 1000000000 500000000 1000000000 500000000 1000000000 500000000 1000000000 500000000 1000000000 500000000 1000000000 500000000 1000000000 500000000 1000000000 500000000 1000000000 500000000 1000000000 500000000 1000000000 500000000 1000000000 500000000 1000000000 500000000 1000000000 500000000 1000000000 500000000 1000000000 500000000 1000000000 500000000
97
85633577 390200431 510323668 261162721 311525187 454428716 614839472 794270015 916926167 626647153 140050172 254203583 535396265 372249816 130658217 282166427 243672742 73738876 490182968 766053437 608084361 321662191 242391728 663838253 855323236 779209880 596635814 668489694 637274528 655568524 825783056 699444333 536782966 488407498 500312046 303364523 457837863 618708306 350702471 501951359 921457638 806213169 560167179 507729700 628750770 527513237 497724571 431077628 490277659 687958721 609433354 811550739 709532549 313582067 404431483 399772576 538777589 729519713 711027157 916520257 599820203 211010362 548834179 577870388 492991251 651252861 458889498 242491317 571168162 701507962 679875085 626920018 295743170 399674909 717984426 829744970 567981025 558537965 748691842 930241625 889307576 847961830 506151848 421637494 670966796 693307596 499581046 303668865 514734469 609144568 768514749 915870954 953693578 553440532 343983212 448680111 186099872
95
279087359 350378941 353147907 380501800 539112774 468649572 511446617 561347181 343084422 389480725 334472542 387090442 546041276 727383239 655294331 399803226 362228126 339617700 275342023 463518866 569572721 444944160 484134068 573158822 532386119 418456063 284414312 297187452 448755771 351885260 223141876 287481125 163825571 116329223 430563514 633331690 509700987 321593353 502323672 516165303 362339401 418290378 568184437 523920607 356693384 347141758 526810317 498866550 217218045 579389881 505586991 279725885 683278508 879419352 884103870 596984492 589601683 878039743 461583713 189670818 505371600 570002262 217488380 70513413 245922390 503485020 522726273 418941013 576959512 393940225 419796823 874143233 921515119 753697179 637833015 370687298 182125338 366994406 641062356 904328342 707114371 326814954 595217701 562720450 130356093 105096511 329025478 342776444 189920708 429989524 373764138 337634011 606795549 463959264 115536117
95
16378360 79453927 412294643 520372787 619581049 498925680 74431872 392276389 633838596 671696450 632669899 598453043 676023789 567268054 486387248 435739954 247724622 465396968 522786765 256309754 479858493 447992317 515931844 684334174 473767220 362791407 424468413 453712990 269664794 256273635 643587509 635789061 378160677 467345307 490791618 659404207 635251558 610038677 640498422 308281790 187498952 122757448 437506156 745426817 688166263 834299894 902562321 789262817 612287864 711593147 488646212 79875311 238421327 645597816 754568697 661937344 446427137 205153120 380324161 446642744 392466946 654796523 592958722 551664715 458920571 54948423 431103619 828832747 578987374 206856158 347653853 358959377 290547102 549076274 386852285 159978339 250350097 602223265 834319138 444035111 181181009 289279525 442688476 329913701 208218874 501912581 625961656 621633816 671663790 399851772 123245987 534312995 510975393 109525975 69693765
97
254629780 567158880 808832594 943605035 708343377 600220399 536441206 490367163 682319186 539567758 421775033 611259931 823602439 786075847 712275203 766325707 368083145 267517906 644409510 656712812 437952027 599764684 540476686 356638793 742772652 582564211 489874464 776509193 610151606 458246793 500608332 491630815 585306626 835857722 890323221 454141698 228039078 252380986 184067181 275742847 265002731 135910296 107671076 296012307 561547864 840290282 870752334 796739920 796857334 448012447 494087178 854663609 734083526 321456981 98238345 173862257 470602598 488842851 203996940 596625777 875345912 427210105 275057254 503825441 587273052 394402137 448765150 570827447 279402681 550943148 735263747 621141703 629949705 372391248 192350985 545442346 643341109 340391545 374059003 633829887 535961712 347628731 670769197 786938258 410777186 518792461 591883780 551303092 893303019 707714324 336461798 330993902 543538360 367533326 201224557 461416274 310029096
93
62154483 243135231 263518527 959518862 450752934 271879115 180278654 145430019 64646287 288513889 348929650 786641256 108770918 639255845 991132102 656368958 464664537 317767244 417049484 938378974 425055523 904981730 583288988 684883912 860984293 525698393 910880061 696305341 794589662 840682663 651381798 103005642 403949591 711136147 262440824 696325107 372161511 20128601 585662142 101047335 700545383 811495447 171313365 169774199 422531331 688827337 955509608 57144766 724968398 362931347 354597362 730776288 89569422 812476496 472437551 653590069 969464475 543950042 730516876 616993809 325414451 580214498 152895530 995694909 606044344 387192283 191437066 460248582 43284228 139488561 9859806 797772402 119236702 251535439 390248315 26774753 904080576 93426078 601593859 773121092 29123357 524365838 274901110 680120427 40385986 91137876 180468812 819377811 596669884 585176126 885173445 181960549 441101360
95
127871056 377704098 529185033 730013588 704638811 508846437 304212283 407613805 610182991 412621425 352708342 352648749 203094258 416135091 616805553 722993033 760495260 302803272 152143382 243239058 383412959 597519212 618337176 679986050 774536378 666315871 289918250 450070628 538878381 581449739 896284327 486660620 229970100 592483088 742594824 618929240 737757534 553655690 229227196 140453730 502916131 510381545 184168566 252677710 316501347 411907324 406264636 598628211 537434495 142358681 50820280 383430057 384992194 297182721 736795150 778928950 563401747 701745228 533750490 421105916 483650707 258911747 182947963 430626838 386187330 97397214 68966156 318183462 564886463 394787302 558831433 559338171 220874881 531330991 911560055 958069734 703037130 479732997 682067041 531528897 201707489 514985323 686619042 595420999 777827741 610591357 291342777 168752957 91674695 245402514 468286159 345069765 115583801 71873908 21047187
97
128640471 462806765 509347175 435805178 585416309 623666912 636643210 596152141 359532410 418785595 349013085 168095106 282212313 147689505 222788495 713419131 526538248 210679860 218618435 244908305 618226513 417298663 142827446 338025385 187690542 329596655 422755147 280985799 450320322 537900442 423251369 161881184 279156152 458400877 210644207 176315047 510545016 468607160 299602975 386494870 688332146 638261397 282621946 288139342 537685554 716999453 445670569 521782802 728054495 688318083 662640094 592304606 528782413 496491057 578428412 428494871 222182096 266187523 648174194 755173318 708933761 750164463 742301284 421886328 121621136 575972347 775041665 337216618 153718823 616230789 892820753 488780379 304437576 453575380 609324337 532216649 271340054 178864846 447849034 603180895 678511513 625135282 576745224 611854576 222176350 239502560 395575305 412033321 606671430 504796829 607477664 821819131 616156291 683403904 731159925 588588165 252663292
95
62710069 115312398 173502697 431273044 620352321 663135409 708109484 277723691 485676460 138637186 386825600 994041760 493557679 135084358 372681426 685330747 117808248 576812902 782867567 94096607 64393469 784525052 613944193 128039758 459224624 400369413 509102154 557530641 956325322 77745858 415692460 425810521 587024100 656956270 47869709 543447406 697941402 899459801 373987776 648330334 671944914 313624728 102945733 852125888 71072403 930557580 422572178 148649121 154679370 176682851 482789112 777527657 740210537 360786067 71757199 129617077 373789176 902281306 863326167 84938782 883112359 235845312 158127 242957301 794799328 799014896 265064077 66171393 557856322 99634169 420165271 922054415 251297391 137794067 157618766 477720903 49490079 72685873 963696263 406633319 302880144 109910672 690197134 77041943 420390710 648042280 16984069 55493682 28936524 810914687 379039086 287926509 814972839 136030091 179711284
93
397614014 835579251 464424161 147667618 422714500 554016495 449740877 287107338 265053044 444090295 511653761 701612528 887800501 502316998 260473123 510192990 549907391 528870225 490269756 245321667 174372180 129263915 149739367 432707041 583556767 374716385 284764025 523029139 589450297 692422436 495873421 354215300 419830157 290950025 473424796 577671076 459165729 554693408 749235030 570621604 440631483 640360883 582790013 594123291 879155847 954102080 595245550 280786565 199573359 128159914 102399592 194066963 365232608 208925432 418687610 565720563 597043379 561079090 299214003 238811387 194570053 534308454 685584809 390782983 314913629 363538935 432359008 642371140 845786377 971372577 715711812 526592408 359922695 296197975 351922409 297788929 374515207 263992428 488662146 659551163 646177951 558883708 224510705 495862246 694019275 423991140 615595676 604180105 591567097 700695152 565684377 354519559 37991601
95
148172873 167215063 445305511 792117381 528424429 272371304 150960679 445138818 919806307 642787933 466199184 596296310 497615419 666917126 570538058 379850294 600395867 768824712 870258074 597730871 180834675 126843773 473598256 647870349 508023010 265515779 62112344 545357185 694272843 663519352 507886053 426029975 785498853 487256125 222142525 503010974 551527474 555002021 809422179 790133839 567750670 557020428 630507162 596103250 484081780 400083830 375000094 184503529 477174777 653830305 618658935 443437306 247916484 564536879 421254362 512561856 815601811 571221277 489785306 771439901 995727591 975874080 976115822 630697112 161653013 431645749 571683054 632787176 921945066 528684962 181531969 264449734 462166653 690604998 789258095 917754396 566714571 256768936 632141799 548030054 247566390 617791670 788115065 589250458 717812453 890525877 538686011 514355479 513691849 354440035 708650149 945037187 841737103 806231534 481679189
95
883993413 0 280321216 555020904 364339754 340545783 530405567 416415212 141060913 200551901 476217216 486480983 502439770 604092262 643689818 363012873 482588094 841232009 581319332 421352313 678334985 950498542 807499963 638133747 484301621 311972728 556351393 655026526 265690220 337671741 627775777 370545255 156367383 193432523 568398912 614425278 252142634 441157157 737690960 693218656 469502558 520046635 726920731 499084535 177482546 59099353 170754715 316474570 153599205 284674439 771935947 584218192 381698095 357493478 70349655 489615371 673297927 243866540 353734133 327000614 457780670 639813677 441850177 363358152 584516958 558005505 571556565 487543807 411092676 422692753 46120762 209585876 352182742 229870384 469935061 496097777 140416640 151227015 122923114 164984825 592428188 830245547 542687137 559319393 593424190 480985942 319231844 112290156 501160078 500275813 366291032 551602278 340964205 324140623 257626564
95
367932211 778839603 718697330 384729179 294460024 422918060 699439623 764995115 475796441 223985166 268890001 628677376 729227483 420587967 453382549 542194917 704598543 940984590 779142707 566548667 466099395 411180695 524213965 480763267 379580294 782714470 780890868 634829663 422912101 153640481 362134306 736311341 980066865 997546512 741467687 734092371 902912874 615440508 355042869 572734292 730128493 723783652 711631913 706993314 461663791 221545185 396555693 546974011 609723930 759062498 774270013 554180544 721530017 870947230 425573691 505095478 540924435 195898197 539605737 560393673 428835848 372147695 169335001 480151603 728004779 734373210 731647774 672109286 492097631 382566690 768360171 592707298 287792415 280582430 514112229 848934951 758258643 671953203 757165167 830968986 729518417 662863780 480610772 294690060 545473438 650724388 656062693 563740593 385559734 763373752 608780223 519480632 779079089 831802824 513120445
97
865673184 0 238050819 457315185 545751044 703654084 784052142 498058396 532548217 891470070 749209560 734691585 863457725 484047042 423728858 394779724 358659008 812151246 495424867 302791072 538072916 501276678 380309059 317420163 657577730 471714833 247917787 669467280 672606245 607442485 565859166 492175862 568497288 526781418 662120123 785578479 676007730 356095309 154525173 420349202 341090723 70334699 496766430 944057563 616518495 488330287 692850398 629625039 422726351 382373492 408539522 175399288 462540851 607225653 610880218 879679987 631959239 671520309 798826299 773301542 756092508 542313689 663184264 711363909 760737572 895144183 739479346 651704601 364828142 311291398 483977370 468292722 759117931 621400820 427831072 539367550 644047023 410761679 328727084 454941066 438280311 605491264 793405426 819695919 609038063 503326294 483615536 408583055 297106957 559349995 501428758 390550939 776814767 673692142 268994438 486947698 409546344
97
420818422 426163900 184779924 438488983 397487186 382822318 608506143 819213947 644255235 607087414 695923067 611080337 555480254 472265883 412501510 301737249 556088837 667701278 330199173 490994304 608537261 455850045 660928724 561621288 271773908 114373556 98593447 477521052 790500776 567969435 676200589 552067944 327456925 558102600 610175490 403132439 147803399 534762710 545027039 300766846 426980738 640573942 788486736 557257013 285327771 379658115 536709554 678212467 703893495 744100183 699082639 500173646 412670950 300657733 586357180 547041628 248853661 394615686 321220007 541388717 813336607 600383833 362888454 388622700 501231152 477724989 307077254 409475889 621258264 429584736 363051581 429311508 749290455 845476608 597081378 693465627 557040471 284015752 562379735 501885509 458280527 662783201 636752523 665472883 803023625 616242017 637833425 883779824 581075312 455903832 341736728 471245974 583987995 383105984 617553184 774176440 382718024
97
543203186 64012104 394684144 153472950 794152028 657427565 805833326 632100478 816966179 762104521 210756404 621709539 34530303 320943331 109261506 196659061 872815334 77507344 301049775 721691848 394466992 109007127 291308738 634302193 989626757 285498446 536538419 832015900 434672368 948394978 6843417 198719804 615374803 597068522 707576050 41118567 610017606 886009991 569720060 210241497 662554025 807961896 419961310 458359550 499860908 653238681 784084628 495651335 218308235 60600753 155062116 469974807 120578511 939372209 605883897 91190196 761433635 482128924 260208207 772027886 137315626 815579407 369036133 879646724 162187754 131923132 243757344 628954552 726290737 652618677 916826391 153597445 613059534 587707501 210740246 633746826 329156050 199486015 488949620 796653001 594833480 340173092 658016933 274029488 142735533 806252167 88085311 462235098 964170020 785441404 204234753 309239750 326512300 686821937 626175728 830296733 238231729
93
122903869 319500808 693856952 955035001 535639283 251377470 204685047 440016433 674466984 525567520 769865639 624503434 269890907 642386898 553396479 536004542 963124755 931524639 765138670 768082819 676135835 410740582 545079920 655106360 434817359 390835714 298033789 339438165 603948422 541816755 439584170 220886316 378113707 613505858 560380374 509519646 473260600 567210491 496526838 226563446 436770881 715157944 681788917 417170085 87479856 337094465 400899940 181793662 280215603 447076040 629144363 742523716 694010567 679324819 708613261 712152365 427121195 344870973 317096770 224150103 494953987 723406748 478416837 412158754 479125725 618140702 948233061 851847646 623205075 394927792 362532843 684779718 915104041 672372170 420184254 237449813 222486157 394969161 605659737 880713830 808688376 833597400 988091309 753009706 360659156 227732253 560283745 737544102 379489113 488304740 560138806 415911883 286543185
93
246017394 579288022 698007949 533087509 694686247 952995914 610190710 456490332 633196845 485218335 298009691 508161997 535931132 246802150 417987013 643002962 588050139 395350441 502625378 478117591 127454319 371116931 402565747 180913812 490673288 533362532 236467576 256150774 467751257 617054741 683271033 538915524 474603083 552903616 371950957 493656092 481059458 540622722 952238256 754518839 677826761 765232992 669118261 674032741 428935275 391159505 553141050 533213788 410444568 605971405 896486138 891921970 935162435 698111353 279816980 335878484 402941138 560008531 947876861 727862942 569952652 753979331 858146395 928829230 969555627 668608200 437337451 486447973 309086003 618994300 999451223 557060046 116087185 169457676 171335944 378725787 636032312 749312860 808409208 691511361 771104946 546291864 354833323 385306788 630551061 533395801 92231815 106902418 389066511 592965875 510119125 656262238 444208636
93
42108386 350418929 379308911 492591894 818790461 783055157 434458291 539646980 651316162 426182337 581263400 644942125 510257366 651851515 914427855 509792061 145949872 514966896 596443442 504905188 742148268 527675593 487002466 391698112 317411076 724043748 464445241 302524464 746684970 651968013 339874609 495967001 777343047 585970127 215325996 462708399 787357395 418407780 306380794 644976033 679055466 360802240 548126046 990906518 535406268 159477521 503246231 440214675 257870086 312451905 165291463 226145532 299144486 358426645 731670666 657873291 618738278 480908980 494134582 579791973 222561613 360002945 587359421 360619110 440339147 901824009 514208920 67907061 418244664 464298118 470989874 684961413 428775519 175750514 524320389 565738691 491633607 445253656 166596145 610112264 716613633 338591869 370763561 695543447 637092698 691638861 624799874 245706911 180223652 575057017 663976974 420780556 259084142
95
593682051 504699792 536423899 623662916 702911916 308725210 102430651 159682280 928777696 552230299 574539352 474376 58433642 82400808 288202750 972014134 231165230 734431991 129864436 52820367 763451786 159595557 646745032 248662989 118626815 259340556 377492283 382143287 378553017 238348414 413032236 424357601 476337270 682137041 892199838 767735105 718684625 416677986 459012604 490899128 65613195 425562130 833110031 89011119 191439609 4279655 765130326 836917080 501309625 140257501 94803446 864484090 483257868 3946352 149842526 523337283 345092750 951997831 310503285 459012927 66140261 694870267 772931084 697042096 478514258 831630290 624957826 241602238 662958532 223032077 92895690 657828410 617057247 286207921 765358467 256459242 968516821 522433018 85413229 846617371 599867376 742668947 521812288 228902957 301646410 523601888 233955055 654126069 448312590 984913122 202179461 121926943 449707398 512874756 681823322
95
225783860 530820784 680219896 663261683 751456377 606625006 325126545 257011583 581488740 709468587 389956499 474651404 753489385 495739481 457139380 460336971 553184731 826698829 720109238 756957799 882997632 837669524 612049807 507133689 451341782 501019760 712608096 760164365 713694285 803794868 970254015 976167263 557825816 290662025 423626666 536849283 360817951 601326463 869096880 599875809 643174694 749816711 563737247 508446466 802229343 814011436 632676136 724703169 572429822 544370737 604149838 551749799 819095362 734145312 452431921 441670830 660592837 643421395 600334149 622512605 353633325 285167354 452507929 672043497 733709838 748647331 498928103 432839786 448332140 479352105 685380503 519270669 428514819 570584977 457179953 286926305 254590964 179373271 620665342 825077257 599005511 718242892 847880291 960300602 711191066 588288997 553632349 199422114 206232797 509553216 747833090 490820606 417436528 379013744 125478975
97
484414543 780437667 421244227 486520686 778846083 498743612 104331604 433024626 479698812 517956798 543760490 322933706 665375794 446643769 99117402 422567608 636636687 493136946 244733226 321911898 673017906 831932253 628467564 345043089 372515642 609367251 674223837 382204787 531237162 557456747 223455979 595989438 708747875 386143951 332468769 639245356 973961997 958546017 692039737 444686681 455391653 519873409 705859608 619693222 454547935 350320371 543472254 606332968 191413836 473086354 650577572 556675154 732793249 468406361 304827754 449514760 232759261 31617279 297995738 765271959 887448161 656172941 733131627 845332135 696573723 357302400 349287470 691621818 596279077 460438438 432868747 558288669 790508390 817543472 603460222 706670888 606803449 453489918 527327936 343167369 363581049 510180960 494358269 261885831 329683532 531344394 654208871 756769730 482678307 316535495 529135057 766440972 575837906 562866880 712765140 327054274 42332018
95
47821012 284079792 528204018 673064405 436785258 271448867 319695697 462716501 380487535 250470731 442382476 554097437 404854127 510494078 521410228 553525283 772242086 565935241 410500283 257909698 589997411 655637918 525705971 559892075 636952399 760492485 627043378 309820891 486756859 654017345 362735476 312086735 618858629 486365851 283061989 276535952 436802944 650949364 563413588 740181730 562873221 325317489 461514850 575356981 476238304 694989824 693756115 326530352 177725963 253308267 678284993 712760997 693223002 847069370 455255629 302433622 684101575 652118015 223045217 61489413 194703589 305397705 224652517 192083697 177926478 171195982 385614146 398818778 291394036 530964523 686078494 664384963 579675773 354483657 542613187 537497455 265635035 219665100 393079724 591867235 468454794 236065112 410566025 380643233 429633764 605232900 185546349 331941349 732749992 686419250 414371811 213040712 305643453 365650406 127070739
97
27602482 161936503 269620428 216934839 694179137 613049022 771314274 753266973 570113046 491929884 91409702 654367608 205679260 126853479 177063077 2899983 473454302 281905445 689874064 813831550 605663563 349354004 880643293 619862851 395086064 888012774 196562875 521453888 769327546 462686362 767643652 903715876 650311623 836846437 94611064 917555835 281075661 726367692 949318991 802681084 138155360 916093831 27000862 454566307 25606552 393756961 64153217 674408960 506602820 229179956 348251330 75413668 979511028 514394455 780341054 205056266 534393099 148061520 6859542 327207989 87407450 631581762 1949052 459791176 259457841 166582766 142957558 41945002 796617215 184379520 733700933 843072216 257539966 242771560 967734695 163693374 321813260 968961874 567448327 295933500 53901618 674146240 339512424 526217645 164673950 245567836 890006535 221305933 512069283 57023046 28705175 430358966 682483161 908751204 522915522 645192250 57573499
97
296061216 369624215 213526208 233518221 324141922 498017413 765954620 576025093 277993405 303476324 338879252 332375679 545514436 876937829 517874044 307846522 339383627 228597114 326805498 647976438 551134733 534388614 521467830 475157660 756380306 467315149 437360379 629242620 646223081 451645685 234848765 563015386 778761724 465787170 168259828 512616788 729173618 395614708 602175655 923003965 604101864 465917873 340369635 83824802 116968617 234729326 549294977 902372195 569659467 564951266 821384697 351686205 486543334 820586655 729673448 663112057 314788974 246520385 729989671 726726752 693134069 692960140 654936681 771601790 367231690 263336100 615370895 418343698 326242214 585099650 472522192 662721288 909440036 908490263 872799094 712692862 783293290 519627309 486865976 477297480 267021166 642610183 790732518 725563834 512843414 500182769 791764384 844472762 734963081 508536739 294123645 257468181 492854012 487524347 334349641 412927695 226511909
97
382794682 0 178518623 465117660 481593257 210718283 347425958 353248967 102298016 399405865 500150430 669498837 668851354 645544124 785293913 797420919 591552393 183962276 458028664 570487508 414149335 466128350 536080121 657683316 445727954 325517853 242529520 429504809 627007544 487464784 756658597 967581446 703559272 571494839 555257059 506467976 384637745 490705933 864599495 729688816 328570698 184285967 584646719 656844528 647953730 579190078 233201571 367457224 500937097 289475959 351389152 463496065 468742762 709239179 656926060 712484124 656678289 310909561 362852143 359240566 312842918 529589899 381266255 522949199 855210208 425486806 305332113 631643003 751749086 653633249 284867921 280781751 743399013 863309765 762410733 621146387 274894772 87263910 538362595 889609762 870657705 831205387 643318034 682707644 868904789 814140175 535689201 308159003 294127588 249947007 317379561 513295314 502542946 325879866 172450235 442505601 382296396
95
266690221 581973253 426487109 260374802 393148845 464562772 280186757 223089485 416885270 255887970 211027687 653416717 955996581 602402551 173438127 140409958 204772725 325208763 607500823 886974550 996889880 804188349 529037141 307691313 326922273 315183264 201296114 523878329 662383085 456225324 482603324 630650828 769612704 774542584 431538059 293252394 331756862 447401118 692263407 771535435 846794233 515665440 260157541 318976242 415835270 543883748 435099927 222674975 220536546 471524700 391642699 199725812 370824836 507728322 659012866 602411421 287810871 537982580 798524536 628311572 580322460 751421940 511795892 334531129 637146558 905684558 649218255 221221111 162418128 542186692 519575461 190035619 399289142 346634297 518973972 778936553 483483376 210626122 326329994 471372679 695031677 763680437 418202800 535316308 460595876 470434502 709824611 555001723 610545451 454836194 237046580 317563197 213602896 78797831 67231516
97
655922206 634641609 438819660 794574289 197429484 163058904 777932299 584766471 119134463 352703208 860758233 359314484 634963265 164431029 323559372 85151443 773641600 397275 781093744 319964221 87979364 843881844 126988632 622022651 372023670 940394760 6154073 240931335 367687911 852991249 152395947 198420966 772224685 366967293 77245712 223589531 795889617 168582253 250335604 937355499 774160126 342055078 375462134 106620949 134462123 558427123 713305687 501067005 732104610 215892320 695005460 94705993 194322553 405002930 728036583 119561496 743873337 476069641 849295270 500960743 727197279 266019742 199159027 789728312 36029597 863957472 165266939 64522033 183552448 93010114 892616759 900736504 551951936 353659651 505251067 931259786 86503457 230399501 459436490 281505406 303731831 787714880 26069782 274134873 239130322 594377511 3787436 359261140 198538409 990634107 57033007 612811821 840802526 577502730 757154097 936195747 381994725
97
268343957 751658833 495114280 354156346 611391324 273178178 227687783 477321283 326361794 266972885 539924330 817995520 685045630 363414831 380117610 315350406 275765402 609153256 464076905 138577470 224079046 379111946 507199870 700150797 452838362 123202433 309387302 231423799 273499946 477890486 216358995 390371590 404844434 459331975 607444821 569895188 525235455 539185839 607531203 312603140 193767805 75202966 99770638 501379942 439903112 470618745 745254163 492833229 185344980 302302308 442282773 482391669 446832656 81603035 422593296 550912109 497135408 519253223 375949611 677456369 528793612 296620978 424271732 503511318 635042030 771552829 546903512 576413409 470779804 155279560 177420977 450285899 438870870 169788709 342015753 293956119 513778782 832010398 862175993 470976454 208999156 433066693 536982389 642828674 400613989 432064599 347978158 31079673 201032893 173359220 339436501 514258995 497863331 476672712 540504220 767352021 377967810
95
26898964 118126006 444394101 419830483 369257105 330479782 449838322 510846165 134837955 78510687 16962958 10565055 196943832 436470179 565114950 561728958 340193103 405155113 435591948 522850462 799100556 520428034 363814214 326551851 395533389 346005719 97002319 521001716 822336121 698831101 780911013 664157419 506798847 511784299 571602174 494648234 528510099 667966178 615729689 631230547 531463394 629012582 742818519 537384154 258422688 453937357 735758769 511851565 282224931 524173874 413899920 355599058 590197374 494800762 606335025 637944378 404414794 178346994 292462506 600311430 581611802 502822471 397077193 457549490 514428170 310598714 272372335 337368555 413418109 215766100 182717013 296428670 126891868 371460207 482763380 466231137 422938401 553529921 911946378 450678723 341377828 686342697 416616949 526733446 648129795 170591214 239058252 413826763 231354176 297711076 583131094 826093628 499013592 155222172 93854545
95
271590330 816765501 579139241 889708042 846014586 71018778 827214725 610116145 292415076 617262392 369489048 162321709 8131818 748153158 260781186 180915925 11379803 4042584 677476238 627925776 73331712 823345218 201119155 515508136 208928123 452810770 153397029 457116510 636883770 313290895 191065334 73548139 255424502 972878737 196861521 892317781 345836702 726133974 594686879 103711603 548470707 70467891 43358707 287922367 277958183 288579556 57628800 450488089 210098201 20570670 117695882 749514535 783926620 747985934 267962479 591048180 951278654 285618629 894515091 814948698 31999497 335538535 689871210 783457444 126871863 770711692 522887282 298749850 894259290 712941040 577644465 717427836 996144703 936502614 417844817 844637314 446564983 604594231 880296250 142216204 91850111 314228822 641618600 850260144 624783897 393754649 591165293 435113758 153824721 119639670 256183125 735536734 373433537 965531966 232925988
93
82936142 498678282 550564756 215224382 135794800 346342426 657878083 610277896 509119594 391435933 617588990 977245620 899778884 491745591 398635504 485725960 622122644 486802273 461932014 780643912 627409889 588100377 362160077 285962304 403445554 539522798 728532481 501388625 489859089 555999875 555224031 435833723 349501037 291727740 438592977 474001917 577491482 748803661 369045109 283709560 263585661 312222393 658182666 586423834 550319114 834477373 922132082 999467230 645048654 544603879 762049395 460727260 252402550 359836593 336504206 438790667 396663555 518081180 683024485 285195783 320207799 484411121 317276090 478092359 384534501 250167451 618764793 575249839 316326709 561332937 872769169 488431805 524943833 662435085 567618519 703165534 654247955 378417049 141414398 170106169 414771128 616001943 594034877 447742115 443439006 792815960 627161095 591928531 456814005 193908826 275415754 273081206 177883786
93
17250160 479004504 579044949 615599865 890611380 551944242 445133216 650913581 762896111 606613088 602938524 536213011 251732315 343686968 440142304 408285667 444507289 326047917 461168610 442353780 20116935 204682679 306282082 148419352 472868865 538647938 340763907 302484187 274962241 398223345 288235631 537216078 490173411 280512436 326918729 69528972 220928211 402733088 567107971 857439861 652774537 451555811 651827528 666316833 440757296 499574112 451617690 539534854 620239048 485283976 741680700 497680367 160547311 171751370 388934973 608246397 299231338 192270227 231080514 527428343 677730827 369192113 546203136 543959980 329368310 361377785 467222564 442474121 215792425 323737572 292726681 69665436 218354354 604426102 903514069 674597767 439062927 644543394 616637324 655922813 720356284 686430289 469551961 134316394 186829833 236078947 410980107 696565044 400297330 223629823 629068516 782697932 363841799
97
14252151 205025916 238604296 501916313 561771235 250166151 488601698 463037066 217684095 114815461 396376195 861414213 781528087 635480540 684011929 391035824 324871363 526799652 500725016 515774391 224457059 30544047 259229345 383413895 149282205 198794238 406199096 425595090 467172097 320459615 44989903 43179519 533497257 572290768 174207611 407211229 441947290 111936975 252290368 238016953 406787199 674001085 585474892 632766404 423897133 325930310 283491951 168749761 332657016 325477144 488167349 770123575 546868068 284479450 243755263 101173499 307037289 367720985 127290134 140335383 51984852 355610935 447346843 232261985 564035636 430481976 244227447 677097412 530400927 270178959 510358305 395112817 375306151 376832202 83295447 347081922 492470400 167868230 246243507 394368103 481960791 313158474 133572638 195994479 212097476 174136644 60657943 280758056 222386432 411804538 749755833 650716697 450390996 284968097 478548099 706517192 345877381
93
250389227 273562481 423983937 835686627 823965819 542275551 416027431 622909887 445184898 137438440 83233363 510302884 779743627 729606097 724014303 413709949 205849592 269318379 376114812 589917832 538687508 196834313 404489863 513233295 192344951 500270548 888434248 498347373 107842831 311320638 695772763 458993785 288698717 430938686 229764938 534860817 703880843 543987559 828549100 656432692 451933688 661670354 464998131 551487291 828069867 518330889 495091108 414892880 128625086 59476329 362584667 860446447 791152643 310547962 55462421 395908721 823906567 676960263 521983928 651946162 767141155 469823876 254625493 609066201 453970070 84437686 325203376 302895943 377230308 564429390 605366544 903609604 525886704 493301441 912567021 715977902 601130440 836278725 736224513 492194731 712947055 645959361 463142131 287303029 419797303 451996780 216440706 512785334 815087652 506408710 149973992 603645490 489756389
97
91848917 139437676 454526107 470062026 364542895 680233632 425978626 104233441 245321402 322718363 580743188 730667780 801816095 956560935 907375617 491143372 233859293 571728815 828190198 793508856 661905524 447691430 450311128 722370197 419044207 495617156 703580018 604363964 584424285 691999316 744951685 369352033 165566446 280233412 626889444 744555275 351835766 86377307 415828610 542891783 653699617 775601410 705715776 541032926 457856814 755614487 465911578 320361284 645079567 760822567 630319712 283564004 247148174 299015764 557228367 488458644 305240356 369838008 507687087 803091560 764867458 428964026 138772486 161416794 445514813 546572404 619013907 790885777 559049493 552438035 778610688 696900490 310174332 179093623 338633258 230889269 543174867 880814411 579156754 556480488 576148873 467025317 463489246 630668252 666746507 486001772 671058095 691694836 553317052 341778410 232895846 431139267 617478570 723021304 395727204 122681607 96437268
99
470226062 0 92387214 413783116 800496205 763856872 567749811 307359002 145199331 337133726 396051917 316552899 325803748 658202361 554269177 372968756 574268508 289793855 460921650 561311424 188595022 256891307 417404359 677705744 437639193 389046515 626683450 683642527 556525469 575121762 774908500 654499577 406640029 85139355 234014773 693302616 607827466 219004304 194718286 432759646 499270132 185653222 401967182 751589149 474081979 114835749 236175954 678435457 881567409 702774524 763668408 892815522 422398236 61078514 492284864 793234855 663480542 406459254 416898842 785617220 662516037 471767779 625663029 524789722 298885562 248748319 445844948 775029898 791040926 614010387 711526434 735094197 613146165 812040915 936430267 731101473 580170449 507114726 593745368 854180859 687713074 647831351 520262550 155925342 388648263 766659148 749583426 615496856 554821809 265127074 179468697 423602245 588256420 750605220 453277647 62173741 217157883 375791835 185603307
99
831520156 0 329210639 645129998 331351294 90250518 235592675 395512251 426212765 313979556 402647512 299942184 238490253 651116196 592999111 557820060 675300035 747105656 574325405 170669374 344568806 378130878 401783200 485188950 474625828 550350808 297964615 447085318 623688682 243226771 229385656 670412313 628805282 535746245 539653864 430418888 559105935 418343050 403360864 614308265 507685060 512981173 530043417 326276545 433253541 381253126 483320353 476927581 364248581 339962703 86091419 81382704 438841391 570585612 529640360 787751025 724160769 439076464 227679036 174911350 161122376 141723138 492701865 907736202 783208362 669564659 671022415 382724961 306809839 486843449 526350877 486897963 565601234 713043733 744672595 534394768 327396581 603138429 697920253 417633121 174844028 207124159 214363187 349096348 518345763 472738923 319516844 38778213 270554558 276169698 300032214 691870935 852247678 808953461 414098953 355337526 541957350 354703514 117515442
95
405725264 843291890 499193336 184007882 286311508 190681811 260772283 406472203 470131331 768002814 516807000 265451200 380425369 276172199 180108932 302124484 350628354 183608665 575248015 557435679 342499645 679628680 830473157 448624682 73520539 108301798 347950412 317812515 396134091 661943817 495517171 565544457 642494387 340797041 309397701 419779233 295572372 535205515 619115464 320956734 413324100 530169018 606522798 739250900 511996934 458002287 707393165 758218858 486061217 297726875 239409506 220366492 250086179 605901430 739286486 537444248 353023914 231180112 567011171 530633155 379410894 730932223 746459013 378675476 541317330 533277478 620294263 742861029 677691975 507675440 472812676 526312384 417694070 622589275 509976695 641393143 908451720 557934121 558996641 911907206 743414839 489285385 536945362 676706780 656303414 400351400 476798904 664193311 556266829 497947909 370476297 190005151 276097842 508651276 289210629
93
38166631 268089438 241166945 25060137 216257547 421319813 179095299 3594898 208212357 418831273 467855084 333147147 254880230 148873330 407539146 684297956 490911821 272330020 279955325 405786630 176256605 478960584 770470907 306417577 166157707 500611066 421403253 402583367 496292061 432483130 358137416 124910377 223684303 564951061 548469164 318056487 345171928 441269647 312412424 264452916 408250983 356835670 208011996 379948017 266170421 16485428 460820660 813886517 773370163 485032365 541427178 680331667 375257881 397821298 256206450 270022289 291214770 221362774 398024858 249557828 425759772 540216018 451087770 388147695 452385853 363926473 278670904 567161280 360567375 155322699 331704747 429326567 447524362 569623500 304197128 264852555 483699477 166007512 256388915 362392077 230863708 406374275 572488008 592562134 442802915 373113009 345190701 493256934 615722697 715739000 433834381 362420685 344731341
97
407315504 766016517 849941483 916642118 717173548 596547865 602442493 424843979 349260530 323543659 502507073 687863362 560678135 281535116 197652248 385134639 392136432 551958678 453044575 493234634 508198774 594445994 627461071 557224782 629053199 618417716 778071043 824723756 569397130 264705429 521296394 693116208 420071305 239458674 274097898 290260525 349682031 518397578 507300340 420857012 577222330 810684370 946145616 747199466 423713652 208046793 129918084 286243988 388563791 304942022 212414717 111433230 192350950 655247894 772775430 510229236 442486089 523383028 534834392 304737213 173172259 101560035 303441898 660744339 472058760 310730536 601694541 901931840 580244954 528703913 708092943 736589306 647951789 329411886 680889623 907708506 624210445 709547748 758883976 482152548 439458090 500287723 366595052 430958124 552741530 347027678 307365977 556126193 745293116 707586108 445355174 168569695 468444953 749535234 755451074 816026085 443752095
93
204847948 300023567 164186498 220062529 505908896 685009686 378297718 176197371 112228574 390616490 691847001 696479353 869699843 875568705 717012831 451276161 438276658 562684109 279112193 440525177 668480327 480816541 316203139 369864912 488409305 425371617 250417681 199086261 247506867 103179321 476390826 543896170 434878056 449021577 352862266 247256514 3530407 458333970 620537572 268398568 556467153 922683948 760416603 274591973 171874171 468599378 497983526 605726473 698714872 770421461 480171137 327986740 598924267 558769334 543924083 601054659 379603672 103522123 229186184 161908034 342661724 579136293 464759135 610718812 744918709 400934732 501110085 682309812 504758206 773556670 773248557 544866665 633978142 677046351 710399110 834047288 548615325 421182985 578518325 565184250 270352774 160102146 162048026 298465885 435570711 448819956 462828341 193755833 331988318 453461224 235451818 456596952 380051865
97
885412799 0 454494425 879068372 511563711 367059135 472731396 456995153 324068551 511179856 461016276 327992591 336629452 359288553 402368311 427861887 696666494 539135359 478169212 295190785 424798560 699423062 637280510 531645673 440415878 354016411 272239868 394273607 246440813 213972899 213937595 91374519 300210218 640172448 545309807 555150123 625227319 403594263 352189077 547777611 784183838 535821942 442000734 304044321 364771628 391758144 183061091 241660509 199610427 402051691 465994872 461133449 427567862 526631223 600490040 536370346 460825177 256908258 242598590 367165902 527409500 291840788 201423972 329444409 596207747 851231912 776203049 578094112 467050515 635722174 515887638 476670445 752553766 682047801 304761765 388251744 783968513 550905136 143358222 526491572 734267153 649141901 577475423 508004678 707745292 550918909 586709747 736114487 434551107 322185232 406652963 494056002 695466465 661604271 500196678 380863429 153555847
97
318103192 542501376 420731408 613845785 648327803 475183597 238617499 21798407 88598065 330509658 212075266 129384167 214634018 43373579 391443979 806191846 456761357 87733893 131844934 183547337 282683572 572634733 766901517 568323098 254939095 297255863 450662242 556789165 764687877 607366769 153706961 437343347 607021573 232377162 538167067 596980197 224565597 482010045 531199164 479490398 479870536 129632091 372505938 466019613 543199120 675936158 475281317 307048463 322438963 598336610 489229859 239863546 112585760 192213399 568700639 496144777 498156195 388305552 329456412 608145235 432696113 384042831 462197922 338951838 402759340 350775060 228586326 642205794 543348220 519696314 477991365 347861587 559766878 688507869 629952021 484169105 435227015 633706683 873818934 548816461 531923119 470539976 541620485 694802344 679087446 681766399 454212726 275235183 350178438 342692660 87346394 82665628 146397080 203822775 294161959 634864177 410074810
95
264547407 566514554 400217483 316181619 386072602 175820631 323859014 387336079 441938912 799587540 471919109 356265720 391170955 434835691 502878579 393930149 386342163 148553876 193254385 552158628 724859186 753604387 789860878 732711727 523645585 673610657 646075390 542931262 463168530 151255937 371849793 397400247 230467448 188285836 530726176 907521078 635823680 654716691 637054400 471862052 307209451 264467277 483868731 649106257 409131081 32825411 271143343 416371582 518238297 576666856 420923167 266895456 556660547 939209950 755832459 511418591 298078414 147792760 362636764 565341749 403216054 181502029 182133759 518065420 502546554 577927013 896599698 597484478 375541722 299884704 289286812 276883323 273207163 442444885 277912854 65033215 378461867 600887574 724421426 763061089 779012040 816662631 487192966 286769963 578692189 548202138 524290610 834616519 714408556 616132607 785092024 483985902 375429964 843121500 476344182
93
750446248 724483612 710182350 711708427 169726410 423552513 591528301 308705177 732785214 195972503 550522219 459546931 611730548 109814119 402726549 676628840 596628615 616039780 734630208 233818447 292402824 669289447 47958244 425491528 45660656 167348173 275701552 271722371 418851531 545309320 170649262 764128947 800612475 177644659 77382756 773416949 709448245 592996129 439753821 436594098 152216804 433957638 909712425 873060701 716356738 803182414 593299765 771123916 524259489 6545692 104673429 132771853 707406670 354966229 645578461 33689051 835226732 587632822 106129417 306666364 220523209 994470799 997731375 111986981 80006493 739347959 184480283 338587677 845576326 331079539 535704129 756711622 192901282 588886307 119210325 99347872 670213307 614805075 682503879 818335339 522223814 504717861 707220873 93159851 440782076 78781441 404544498 832422951 929167041 490121742 71989470 509260042 855615651
95
645726381 651564484 907518720 263437229 528128837 910541928 601667986 866029307 643882858 553434318 866006828 255168093 36113800 864358075 72614274 512650123 618783683 378028650 224884912 754364012 286550663 437000415 258625062 537585704 50417045 940525391 660234373 650470868 200037104 494241593 818720274 456771592 244285591 958918723 220870556 479699535 781355272 788512711 157183042 268950343 922043082 283127161 472724884 240207329 176454128 281605600 929461996 580183023 594247452 758558187 294597473 12230456 51929540 10159046 755323189 261810899 833588225 907334728 229022327 168670003 258861068 489333801 989417486 611756663 134599078 907624902 8139299 575574466 253779098 98307365 61213186 118928927 633933737 167999343 320389068 559819869 604776694 628039014 886999926 831032844 735662821 164685142 503264807 966852694 78366144 907558108 422866634 417209649 466095298 747966154 125305011 996376260 83516042 362225460 364926228
95
146063550 375291113 284290667 522156623 697917043 581943945 527131836 315738616 572078543 734035427 573179650 292419718 327185913 327171428 247025119 475510303 571675597 341832681 311367479 494579878 617091372 590161935 663527801 519149916 339084323 347623890 444506296 728611498 394727932 93232039 377246311 440787404 484770764 544254925 178736378 81505109 136599388 560901837 700900114 636013960 547535871 139816358 480558384 714584307 344103682 270865583 229454005 164395139 505123592 869468592 553112675 234349159 215005953 535993420 930423324 667919601 410173117 631996148 447629815 225644674 615169753 830747242 459943703 87122012 263165266 483073907 457493518 424416442 443668115 645175604 682824165 566081611 397152927 268814618 649605807 614222440 564975297 596858497 272070876 405937364 813534678 983430061 607363854 185366866 224536502 277070327 368831296 535166917 388363855 124514519 513169582 933043241 462463082 39483088 18738431
93
333076903 725939081 723050645 469784252 369065797 354885280 611423860 559788091 479028611 634995349 563692097 600587573 309585627 101724856 190490852 564732224 581050159 342101746 618054079 795882966 607213559 460763494 685841373 551410831 566013993 894411056 658355790 549262065 713502963 677238340 586396558 680791490 618617330 380917055 271822317 226561509 122142335 396634001 532493504 219300813 530136872 497658250 416009726 572599831 246753138 216315585 324577873 222757861 231029645 425053504 274782362 417461100 416819257 112718019 587567498 870094279 849450796 825028725 724540363 624798074 304454391 384451689 833149877 552230113 247489955 298053469 599465774 616228963 555924280 574879824 610697489 924339700 710078747 550029973 751223244 772056264 346165503 410798739 770144634 709609553 343060918 221144390 293095236 440184340 351294383 420088095 442778812 188276157 534071536 856629344 982123573 536893352 42832889
99
541559349 0 351080900 589275282 448137687 458164387 314084731 494816079 902385791 780866272 458053069 309090309 570563807 444942219 256416631 350519850 291695605 337852956 183842199 61457252 197802505 592852427 676260475 344067905 198362838 492651605 847473336 584956121 253791387 282603550 328480012 259706078 601854125 698797257 473586213 277383115 406769503 539760196 339985929 438717691 306877304 173055028 296263878 689555292 742821460 572856395 705916562 614769145 679579900 836815712 511157899 255539447 283403754 525882797 418688041 54536666 188531899 602207450 439426437 143976803 438778033 693255031 685089662 671954096 825834630 921338638 791512768 451652309 165141923 358702187 344207158 396561055 632573583 373967763 275270770 306641810 270337456 402011526 736618337 647796349 351753851 183330508 219159489 271714221 172653886 350131317 497293618 340666289 220102128 192295495 117255749 257038608 409762648 454120199 260126757 378998713 521247918 297985535 149822694
95
570990020 754777523 413504076 434751297 464187340 708806561 840684198 483682468 601520281 632707104 712387465 988807133 684143999 512202779 560649654 705105407 719219926 619953685 730297727 862968380 725577712 622080713 920176917 978280574 982897297 923739442 725948440 813286154 585127181 231530942 283149155 266800688 631633567 808871885 615950354 837684925 994437256 822383634 630574471 453679767 277995851 532906978 754811569 612804310 629117702 519488229 289559471 497059029 900621708 788571347 547974664 390558990 389357534 461200427 285687523 238061738 361099611 495090688 575590638 502126462 503734357 597459286 855762555 670820705 517071664 917166578 959565077 675124048 599665004 629869940 414422900 482871938 671461458 694840832 714220015 533302653 675082641 676784489 562313880 783891416 629313157 540887165 378998302 277547957 404134104 533459693 680683786 633831123 355815389 214467235 302999456 374946493 355928931 656856142 575311538
97
208499385 541380283 688669009 675520280 330608663 447063010 722303620 588248302 561342810 725312072 947312023 813609335 475094359 422477877 571356438 371779808 478131210 566354842 433557091 482465652 320226571 443166960 736711974 744248683 775945066 718340636 654056041 743482281 418149839 45560797 229866001 687763033 483151974 486643686 783447036 734811512 836541395 594772677 287682870 406289924 321562049 116288454 463525867 864455865 709384618 497333198 440456721 400242129 715813061 888600833 755482685 435386094 596823271 610400506 439013040 574794960 638501965 892738145 663751231 576154238 581271709 325862035 441777236 309761936 193867265 552085801 765388043 547370884 401185123 368744093 617037234 672055546 548360533 587001374 481583871 688190733 787342974 505403903 270354152 494757110 595122836 568434340 798947047 600687517 191491252 322433292 344157771 488595581 874458068 696011624 655155213 624397884 675317164 535522494 534124291 739275106 285676519
95
314200494 0 162089561 616356327 845822315 750008250 603642207 658114781 470010411 212028223 264049347 578615554 629315961 518302418 719995530 557495613 440340291 711486380 879455455 862140783 921449833 635910459 476516003 489383168 506434253 786979820 908688237 532407557 547067035 610151979 226543820 434884597 522671071 392555999 716109254 900452514 452908907 119645436 315955578 654677486 854061048 504132934 388839512 533527128 574481675 776814172 515098345 551270771 800262675 468490890 612645517 665059306 386008282 444209733 585112924 477706024 216455185 221276691 155160073 238526770 549363845 750632843 730805676 653803160 667524834 743796123 683383259 577575332 603180910 337786901 412760417 412948161 178733659 240206610 135154463 154865441 600057938 820000674 466432677 235141575 388315186 411327728 146707047 27759014 301915653 752084619 501844931 383854710 517177210 290759622 273964442 400962698 591500013 539906144 190010653
97
304717312 588930184 554477369 525373877 522758737 418200466 451138414 342191773 95165760 418785328 866637675 568984611 215804483 351319530 402371134 557756150 773152204 844955652 518618265 411424582 670410602 625443745 784260899 564064195 133573464 539146568 934141113 647716995 528847264 462126132 332154294 633523994 546879553 337358839 647382729 806293525 585780819 550666222 425087104 278625556 517426421 643944561 740448111 858383122 478670010 540771597 987691522 553122677 223392576 489839541 560252510 705634346 613840954 165502812 546592736 794744177 514160135 531060450 673790138 646112657 771260353 798807319 759124199 693242344 295554232 312262166 395017095 201496188 178035212 301618190 584409825 583730305 680815548 573699846 544795652 916926301 750700882 768156993 807623073 532552273 601484693 783512596 637920637 336529126 477518825 569601747 294697120 579273440 695262556 314446894 455106409 433033504 405957973 561023334 416716289 559139264 355310455
93
514798375 639237512 362002266 377750744 546157929 626595639 361469099 462000891 693937780 686193662 830568644 806765417 356149906 494248944 726623380 387304427 537311212 480676678 492034874 899943672 994095943 626281601 445457672 870049519 909407488 419523010 540435471 587577720 121728840 154035038 177825064 95996651 277572813 297865869 344977762 432907281 329799418 366845878 386986559 342538433 594691538 517038274 403830907 648373730 387374402 210112356 315387663 604417669 778416989 539745644 586202010 900238031 650562191 364124142 708857863 918863127 819836148 451444965 567717740 769969075 455045344 726675674 646194368 304408858 223006729 177623515 288926436 598901097 674921278 525372458 500396850 329292111 579651209 615876588 356443002 561887768 793419995 794200257 832875207 542507452 447067933 717650397 538878760 489572658 585579698 647179040 458545016 424067230 662053648 656743498 648835830 418961858 110885589
97
85298512 568500172 957693738 805964651 834188059 581041958 324028104 567621794 471495435 517083749 551418678 310508414 220030896 425692891 814791192 509710955 318285948 437491493 594738719 656072753 661844234 868657241 733335801 654831654 766930809 909279694 576791062 498823589 591750004 207880422 399084699 703835366 855197879 581324594 528166635 923987048 669191543 520779413 689148797 723473196 708792402 463016864 171802149 584662535 688557870 550054912 874077167 835527123 791652686 584941679 613284782 952919236 951228776 794267582 402421888 543621181 837214619 835784599 717340709 326047635 345208958 754217332 971969508 833548666 776534746 839133575 603452973 358409629 391601715 288756685 323373140 584089644 393173673 341350542 324662194 221708628 240226956 422898134 567524009 426892038 319977340 536337258 481037322 380851626 729519369 695418265 401965161 276139715 617579293 850558620 694711477 592469370 576672232 661934523 542817971 426657590 303488983
97
380390360 456135468 244754442 538853296 612785991 579158039 659922422 762479806 835267819 579520640 523651906 650059719 613316122 371234964 209189749 429405918 345778765 81688740 280405263 414940411 545547236 553529788 444234378 365979172 278624561 436409264 560015592 459926425 249126528 112756685 533431938 674681804 480364315 797603416 528414072 279392157 505615474 430003945 196577019 416252842 888471984 614886297 606116894 687599788 633251830 711356434 549003479 798155041 845626540 664266495 548982211 349295029 278117774 289678015 644914983 542025025 350638363 452132022 177221866 248707866 572791637 542694544 513564544 430377774 203091310 302350193 414103898 347898982 383113440 343796717 571242930 496589382 370108456 739243037 811571729 564294324 301497757 351667558 520607591 665458025 370833032 548026450 706210185 615144857 510059096 207546515 178849767 151786901 140999444 405765940 547622164 639590110 864213246 782013450 465535377 461148386 387456911
97
160564510 559652422 760171209 463699999 464228806 765499274 575196357 225987974 105278712 115974732 200430654 624366784 869482411 636823051 651495801 755009850 500382537 537895134 881876938 484357688 256991514 336374307 289058151 352963186 545788941 846116935 598046695 219051861 366455774 529195020 543638112 699356814 871322547 926875382 746028088 410781304 268458661 421969153 745651641 869622101 562036509 262539019 512095321 620807079 631655975 621858090 321129155 629150501 975356913 912622725 760195872 746863652 525165157 197613225 362321886 650611095 722528879 802229634 900515705 720062893 352083408 86222993 189446997 298960734 213164813 117430379 438058080 753228808 580910696 369342336 361614949 693696958 914578376 648167882 382146296 323713899 234985821 526389129 576870806 412248180 467032996 261105495 92144211 229627382 285857705 187270390 138980243 434305420 428972252 88865724 153118866 509931437 638140091 538812448 775224520 726795488 288544616
95
442698717 0 430493612 903354477 738832714 638117654 840451878 725343135 672726145 856603663 728435524 325364106 161250327 426259742 322418172 70662715 355261912 689314072 559936918 240590744 263063182 446624381 491569291 294506042 459875704 638064090 702304281 932984680 738477229 660424510 444996575 518182755 715958834 596749342 629333570 458672762 368514649 517782791 573504063 466404291 675355667 687198801 696655949 892086931 748309795 490980913 413963149 289409819 311830417 625612989 472023998 165074090 469019580 562752292 555106550 534260326 246805435 590752133 738576131 428116485 507894370 574147522 696016754 958064302 748848039 645330558 534256451 168241492 358240419 630021568 284797673 472172483 646907625 293462477 280843916 180921543 105370342 277302934 641972423 846758205 450412037 543701247 968916891 924074708 723920009 640842151 383677698 437135177 419169901 241273788 549660199 741764558 780210376 805497203 446796273
93
542283723 839247662 800879949 338543088 139479326 766927844 826082066 689980871 493092397 884913287 490264673 823508869 136823060 926925319 501201453 660661885 285678977 102297764 946734517 665359279 438786469 705287069 568979964 777105389 920672134 32344956 545067304 933155460 168134296 883860929 868407710 119792 741440961 361352333 206103052 448824756 539169054 985863958 195079735 102897903 652775595 700752884 133341239 301955118 115090550 126845928 542110074 466776514 764181501 168427355 531016780 944091504 163594019 191523223 139318768 327163261 37254096 881468331 468294799 52211389 114451048 218639927 316908579 523906711 697742380 941017450 895694172 809500216 176429252 996052508 427003217 564979285 505572785 719777578 876358586 856191650 797255876 760591485 961504398 364887912 420882035 610555084 523187069 503127705 668127350 797632342 239338629 727221743 942812642 674707364 810611964 348737143 749171196
99
613335912 0 285456200 657785145 811012947 629957713 680574216 655885544 362089571 312288532 374501751 364526677 401243271 760659555 580735084 378124939 746368799 756982532 491893796 378697514 638429848 751784361 528843136 302922033 444236280 775359480 524739933 567935193 479783046 239293457 446979495 655550583 688111469 544205189 270961917 151247334 483334661 711634703 438483531 196847678 605765500 650981730 239087297 250760249 333816400 516772161 656868243 617335721 523092769 251600829 221664651 514363555 645421590 510438692 510948570 341345007 278006634 488177029 340170779 479319522 835668677 727074876 363784101 430892286 672311248 695184853 685204477 636310739 781111605 695610246 301153169 430957745 377614406 365437117 552224030 245118716 93270818 511695140 486337767 407431870 792687660 550715109 143108803 212758769 626687391 759459184 367501084 477830083 813195812 407721392 485232527 841539223 420663632 127826854 587985538 701863557 223835945 86292509 82302851
97
324174684 788139433 289565653 328284417 758023680 134336646 636478589 844766188 353542337 136592868 499187300 722661329 641920208 262479827 647057042 803612344 334608794 415825468 841578020 722046867 810041577 725411362 260671118 328762204 328830713 553378812 315047819 103434438 707366379 182396851 6797599 979928506 260864549 64602910 545038277 824442786 255373312 757000649 242344930 523179750 68115973 808222989 576007420 812395762 757189211 576137135 569462891 451430765 164708977 475890174 529281283 819292088 795380764 74029062 450541512 812490163 598509567 293776785 3529163 777494034 152658220 769723460 865272281 391786346 698474124 938037429 126983784 566509815 526321654 854343218 801724857 248611297 615562266 171606192 918308807 207132108 640649282 652426543 961905503 480469317 723570980 409204252 947136162 68258673 547782167 483229388 725196698 154384290 558343208 889927522 40541276 387461755 295656692 856617811 136480421 454428798 726718439
95
156367391 437055071 506633923 466375594 372778817 552401748 890082039 488466068 261824968 261160901 317602583 356127419 320449150 626238030 760425455 717367592 583092981 503685949 668810147 667056443 510136035 496419170 395784923 651893984 684774864 282213533 280496862 412235910 261334384 344669920 708265456 899466801 906357607 529777372 558970517 554568924 524569486 585828646 486750962 573642074 495302525 403471594 526846947 818955826 893323596 775421776 623678811 649430871 904326881 595707485 324425517 331427610 132614195 418254536 696538937 606306172 474286046 222792974 126345817 141531912 360281813 822237019 633890138 335497685 420436617 618283036 650912904 568716684 369170493 234602070 550202478 824770651 981599082 959955963 638636671 260990930 555641366 635933294 203423498 179805789 472352292 865320122 575932416 152757497 304596028 670131022 538346568 509009468 868190259 738726568 418592325 539986325 822846395 466859245 81963768
97
160980186 531136183 810688989 606458194 172147556 261020908 287457149 142254068 578638273 622183775 530020207 604477310 233177867 78861663 339676379 641956847 751786480 675198180 620915597 336379923 143248853 455362177 693953021 395513150 212167486 659814811 644371382 469450598 743798783 813707743 602945306 583512238 753853020 663660834 579508657 442685915 532467672 710994350 643107101 807559021 728995119 598069734 442883408 326499110 467892654 594975675 550104381 636715839 792872895 409885501 496238287 889617260 690878998 677745209 588952721 365561716 669667351 759420293 667271382 384554773 332969379 407353501 121861719 491196562 761761261 756055394 869367663 486072826 105306654 498925982 563967212 281434338 330713138 580870217 634417281 241342508 150057602 482947521 420497564 364603313 453528914 400499592 437214227 402231599 271067301 405787641 429436969 124719159 349645873 681813523 403784624 216458836 369112741 600622231 840091444 750366233 342783474
97
248530307 902805178 638679397 17181996 857205252 323540744 217614818 937915897 344799403 87691862 656180393 162045841 656851915 564563478 581735746 457135208 943955511 944630358 833070373 687865981 151619830 511220682 820200775 676497801 368618618 343791635 234091803 793371027 890036777 261365805 614168309 365954820 725458216 890958564 392895670 111369056 735926344 689212314 212014211 435131468 712047080 902033786 289267841 480369746 591124987 87543076 287610774 435961836 535812382 648415905 465534014 946530407 293767451 853160281 505761169 864112992 41911148 345313617 257446260 616899859 200590416 841621215 520817446 195950408 428734047 718846475 488961918 957372493 724266613 794381564 72170360 11487081 377161433 464367663 441852813 337407668 236391950 877521953 705294846 176937186 88055375 128383475 808453876 404097730 534420585 564378077 401407169 706529593 407704870 503162395 652848660 130976424 732484043 178688013 32713782 302770644 435622923
95
42567218 432991959 833098673 790684131 495251670 467196963 314505414 458409404 893537114 842025119 803557691 638927294 542568576 442867593 170910018 259512176 226813635 65671163 218000235 601537424 785841699 451748624 323030013 383025561 421933848 570630707 535212549 433309513 412963226 376742274 300825650 324888611 618453468 671724153 678651551 899772427 492026706 107768359 408620131 402586350 397809891 615809006 717429884 833800372 696691457 579355056 672513119 805852259 747776260 669893834 481751746 537172623 595158771 557073723 514837753 504550412 477951590 359463515 366721749 120256799 83436357 350502483 474462482 287260672 170522098 74815801 8058728 85918936 325895441 493236119 489277188 674749160 636616695 698348656 810631913 793250196 877604258 856945102 682443700 653478308 821459285 796854778 787009140 462949850 376125085 560205727 413148587 579800375 775905227 478185458 430354444 328178241 465819753 797363122 328343154
93
229226871 561790827 462940705 436089382 603089138 426590971 150164589 324448240 801236165 639127668 255369326 171209381 241037851 614577200 798207348 526917176 614752178 496729848 520725325 677808726 530180782 649835920 385722332 320560544 537866158 445445762 406489230 637706907 702780477 317524819 483178055 546322846 566911821 981371558 539819195 194450111 272850247 363009537 288621006 161039828 435931311 464399221 482156465 839524711 554975272 505212728 586574338 206950954 373241289 807560181 888344986 543794953 306301634 657542789 711542993 481137845 687093476 813487584 841609222 827357115 570185968 491838266 378708668 77707190 319472054 325975057 38001256 377922809 499879568 565528117 740563350 416794842 199951685 286717660 385560592 317486362 483312530 566220688 586850943 598647889 548612301 835013307 700965368 458686648 681516151 694544562 392550151 333989161 656463365 545639106 120543622 464570393 439669734
97
277945383 0 246798087 404906300 638826478 551960005 133037466 526239444 511288772 233189526 676748605 889308160 673937237 610853384 751201371 743150706 614035925 729255585 505650768 231925529 471166329 632764979 564153461 632587290 428947199 151133736 392737368 414746468 161544261 100310248 493455300 462924437 288329648 377645951 394816287 479531139 489783071 454767529 231260648 68649153 234920463 354889019 237607411 536618247 708736845 365885844 590503147 963731241 586426628 581335650 811436340 580271052 720611285 574582139 264972019 380644406 545317231 470403900 267611590 545766889 765180540 602879818 657462553 902567369 694980843 630337300 869815930 525886351 392218718 482884756 286239037 474938004 504999370 269640620 368580829 554641156 447267000 147686123 186987634 248864368 551678466 541429750 394968665 430766674 590262095 820702052 397692212 298332997 533073766 561410077 660870593 477960399 294061370 531398059 813466554 723977364 230613778
95
806916908 0 431464055 819389939 858366597 865421827 579864452 262605185 553656386 755721042 559874055 685769968 887213874 609900811 388355567 299723809 537723339 743165401 308197549 129759483 356089406 557776193 533664478 494168259 414055890 348919199 277786582 596677381 724996486 376123218 244284403 568829857 740436198 644130803 397467384 405241853 691267739 792437854 769790665 535160948 688898321 952497116 970488821 925109851 836735714 517573302 356449634 576631663 594927986 516702038 434859279 555752701 592531238 531105847 385660878 339532082 316884472 272251792 430153228 504191942 517372747 283081202 477155878 704490911 380000038 497865942 476894109 84320975 47782486 449687096 808411027 791881789 618200913 195215494 360355977 463129353 426947931 754267073 482645818 162377090 127716512 330892900 562043718 382335085 335702711 274276305 453371433 459215944 495321785 618224092 463979869 380562548 203428178 202646483 117265840
97
149442931 643759865 542799337 243587508 536171858 581936796 698992330 633332063 349020547 325482703 390199335 494641199 663744540 537280545 449273273 553547686 355678231 382551512 646923206 413393456 91823132 496193179 544190338 367658796 513866072 478264234 703912839 976432521 717342538 503688826 671175894 657331795 442460395 541123457 727493962 513110593 520034229 653276531 688150345 874582269 536917502 393142699 652126697 674710301 748659360 456589870 407801527 400253113 537840807 651815738 555353433 432797501 379668796 786095420 682237384 459131110 286430452 195530973 415957563 293703174 373224326 739885753 475329717 226561993 211782395 321717746 721815727 915782287 548882078 130093877 292677033 375120661 542517177 587307069 248680401 228346290 511843693 556702138 238901738 554914563 825318195 464722016 296902691 674437687 730715567 692644577 623467851 452439927 778456105 788824426 414370082 589219236 638105072 190343570 502245168 526102556 64012417
97
332971590 477480605 580553553 842017173 827240959 907066364 650356793 588384471 726476632 380400675 311544215 261839525 555287898 900882419 837681302 735233714 798327266 824961117 778253286 730187040 613427289 734159277 636292356 523707840 623223917 413254608 296557322 283044403 352584711 330448448 452396743 638156757 427645144 710111513 687088237 665580195 903136687 864920206 531948335 298505774 289999999 528521010 531683566 520280716 575992046 434061677 363234077 121279494 161883203 237499177 640741606 997332715 708487321 474831831 558134255 573889232 722658587 895936557 546786584 270457808 657001697 929498727 941533370 654703997 179573334 420101088 788875882 586300055 252463283 109965775 107862719 381679473 527571293 638029378 465911376 125573608 498847107 655348662 345752816 499716674 430659384 111689987 601165207 834076024 633103859 622896442 376928272 295209605 710179612 882928918 610956841 331662350 343431335 548791770 389869446 208761677 166918582
95
152457522 0 309595534 347724318 184647387 290548760 503527992 365489604 47060534 280887345 285417578 432138095 505632381 495792109 761235316 560384922 624971805 480612688 464057624 685081692 333831740 559130296 940782988 662580790 679373469 587126817 399702364 545867264 562540073 760490673 675848893 406689620 375008884 558907092 778595221 894918492 774015631 765393938 826512647 648558599 512032228 324892047 584216943 930261934 669938483 348642371 632676165 545870467 134656993 290055837 419183019 620457471 684807612 692550757 641285587 424542050 274253707 137942348 261671954 571104793 697711937 345199464 173544134 159733610 197293835 444671057 627092078 399639416 231488951 561372463 590315214 508368767 468351072 315689630 517803590 440039642 512351758 536239549 93773133 123255413 403139441 648318550 653937564 728928374 504214064 209687138 534087129 513259944 151332174 181971095 233248432 436190710 677544337 549365242 202263658
95
94506108 290622146 553558668 756515312 697527758 797719610 564399189 322280991 279013174 454180950 749992642 553011023 392781330 201807745 519936035 549221357 283303512 243386960 476972233 827801472 786760361 632392761 477285703 565499612 768848420 848138582 842407812 572831889 165884654 240131131 476608142 588578047 580404975 409490005 344281979 478313828 388744257 577725510 736748479 537724440 659417975 402682421 252462967 699000093 844362176 525044656 200067019 111279927 234005591 277755869 92583021 197801192 618116295 874749019 502417338 319912535 549715302 523416496 448492768 450382163 246262434 1520201 205073092 609629155 412434848 133325695 134441407 151963982 284412506 143035548 207101933 314057774 156218966 100923767 512273688 843416289 753077471 368744481 344624612 827461716 860238632 802171165 844396329 907426152 782018599 325082168 493552347 528427673 218374109 567696859 640173135 338785211 334507302 692038294 460812540
95
85412212 247745190 374406543 426705878 310346647 231288130 564007576 789174955 451741876 330397458 349906680 361068691 441962238 599695550 600592730 623992744 680928929 732759191 690710653 597342675 638957931 353554081 275441976 219750425 150157093 234453717 512837368 431869563 152264332 197272232 104337674 489244750 981391736 793918750 472668194 500520199 539181454 586304992 563405003 218884967 358911845 601358442 467329712 199953833 114863302 164415602 388812282 523217160 288870455 573672634 681478263 245325792 121477610 230204677 576602355 851680904 771698648 714280340 706864506 652563604 505310820 213196533 504140633 969962145 669432147 283940258 462127116 826498080 887782536 583559167 477876617 456017585 165761944 260317379 300683840 264563011 276212850 221336581 302616553 298192786 409600712 514623011 361763732 278509075 359595856 243973394 314439727 408862246 614591596 521662734 143478821 483220718 687099212 675450706 369497501
93
154928532 373512655 270746541 440937211 831774287 838729610 576540740 433131174 641734029 782324229 839362143 728285055 330638637 205287652 232570381 431567319 662499023 590868604 454805087 490121711 584245743 596344419 693071004 515168603 582428287 611028003 434637465 334514046 254936606 485011850 650826475 490549014 359423318 281779710 438652039 602014208 278277406 279195945 609466766 762196028 506918328 225371245 157029609 510238625 664475691 253287231 516417467 733568479 302600296 211338126 414740930 290589842 330881630 416066371 505085804 368714763 347528167 718066030 620795068 657884483 902527188 688934467 216225038 133482448 360869147 529608674 635934944 398691977 414965694 758306721 439912473 551219179 995650346 797094971 635619040 530708529 665966735 953977888 544798986 250771398 567939211 735163675 730292681 483060715 408592991 422882964 503093188 458843581 427729842 550052026 376735077 642435593 485941097
95
127471256 0 77255964 221130015 381352922 402155179 607877093 795880912 799641584 629752975 367249021 613459262 669206836 639253774 760440751 455953243 451331453 768154559 654557431 469593787 416832231 681117035 531235995 73408219 523039631 657795242 584096836 621066889 338651280 543908139 680079083 398061710 204251633 234455028 591028920 582387893 504146271 445431278 425567243 610043978 515382821 475721768 420583739 513276006 589000446 331551379 361025191 318171414 139065785 317450787 616422332 546392254 343986667 296722999 236451806 591566417 883797209 584190469 523575269 648640098 671184424 450273729 240194263 486821109 752205389 744111244 464774435 549063712 510037548 375035020 546950701 345580200 120928441 391763445 648539027 728170891 695193320 505496300 449599494 347229953 329805216 718621023 501382449 473682514 455510527 332504099 533604356 575791214 407381362 454056914 864210177 612791485 629425918 703994470 243619540
95
492086601 0 108612784 133888773 508331169 865410582 443065093 113915575 223270066 443771380 291063231 218808171 422947879 625874691 888542110 954882394 518159848 450535150 543052116 441549580 404800383 520355336 439573481 304385667 756537980 760208386 677292112 638269018 527348127 487570763 398367561 251513600 373236936 795962886 855452203 381102617 168050330 212814461 217915325 408311126 410553448 291629545 163166858 363868361 354789568 40195164 326392432 339936694 195932403 174450035 333862019 810277677 929167178 761518101 337946236 206248596 444320809 401381664 545838250 650256795 707275181 708258374 602619124 482400863 447178525 470846470 480105740 798934878 958084318 602426511 389726168 750497877 559374637 152647048 92223643 200122967 602723618 494734287 143642331 499219261 448915228 352614900 675312954 732259115 418279542 421185629 643719214 497401754 256783121 461773592 697451065 424693892 462609650 757747451 463045663
97
879682437 651142290 21405527 58028840 616617933 33764127 703935954 54506508 840509395 586524759 386868611 972802361 428103686 671112802 752122782 270818012 669420798 423529806 59664759 841561943 810075409 931610676 256142797 284863716 824585329 890183542 428004865 270701162 236804624 402593283 39248027 199371087 281727113 362662162 731569222 954127212 132579277 170004951 468713423 88938860 965354077 5216112 771935807 221296167 475707329 611794952 560078685 570011800 1199575 445924022 620358447 730027546 141305720 474345486 903919253 239616258 251278960 346752218 570639836 642742352 511230017 208646765 16723918 465103923 684443548 116141484 791357267 627074495 567773913 293528530 946599688 10768961 27505102 793454765 485300334 187376675 693207622 223825744 29923414 387678188 733136637 803487056 603134448 261949578 377179461 680754255 536799419 416902003 888832931 881685043 459564926 723753283 801716210 554965128 49035473 433757108 951909082
99
941213106 0 330185187 468267937 420808296 571569826 598419715 728756411 798353472 566762473 651507982 527814258 138455910 233859435 506518994 716385329 723423351 771505411 841124808 796276592 460117046 385972204 341636242 342119439 430933326 197989367 414395243 593897787 424272749 326606741 500643687 701835429 435595862 235679699 418467834 340166345 562677215 917404816 645249938 250189497 239629331 425540819 243890537 158888445 534109342 893902449 733587506 601667656 837299567 562776667 198645982 438950166 663233180 401422037 162095279 424253656 750429422 856131540 608302585 293724995 451154847 502268198 436509874 438437465 295259760 327623827 604597727 679060569 705240249 888295821 612299843 210578164 216589587 306870774 380607047 378387217 428616326 639904197 840007788 680838138 405518923 223426354 488947124 552100828 385486476 539468637 279393677 543748485 907566754 461425239 158222829 355784509 511349764 267497696 205837475 437245253 385391930 282598882 133270091
95
340299554 363379300 80159516 541902452 889189019 433869818 58323517 78543966 295744557 546073635 719891492 751704985 404204734 287244480 556791022 697852063 792412132 554712414 357348314 709724931 835757250 840355871 880389286 798951274 668655328 688311476 721442634 639416115 664244290 427980326 575613699 951300771 565924648 565942472 824254990 841944369 896860076 497704731 175811562 287037614 322797771 424834405 710753873 688652850 446058353 425788265 336931446 562201662 497555277 323084525 574100924 745019116 531823708 187796831 546327290 440119890 414107704 492018221 460196384 550339214 307945872 294837964 575941553 744841373 420644023 221784616 532163493 498563450 164318767 522051770 758038076 398047133 121897770 124199636 368343470 292569122 330989687 445025565 585323648 470786835 58946826 68288005 483773662 535296808 582652284 634722055 459840406 608795140 558598109 445421819 429102477 452600728 695181162 663939524 184880854
93
58028659 301463844 613392414 792737915 865200065 700052329 248877194 58089377 176972487 525922037 582881697 587497282 484972419 66591710 274096619 627715777 565176884 449987552 550124575 611951066 410739144 520465127 573566114 486202022 605910542 580412059 685327835 813656731 691908117 538751235 512723689 404819287 370939557 603451757 660039424 577204118 511916385 310426500 143416294 124269909 312328362 710177711 690378234 426061528 408434722 327520983 372457503 619274529 792658084 721085118 691618201 604640113 249329424 104444616 291028948 415286011 596909626 552163903 465760000 470649732 331016322 464897656 466681100 570145692 770560469 357371377 306938803 775430326 605130369 196517948 321380876 573388810 669094842 642776327 463656605 229050338 391873569 487006893 292121593 332718301 329764452 162734790 130375428 317173276 272589990 165816385 511152204 809922194 606595877 342165724 349898463 478198585 233546243
97
658143512 355469722 892733144 152004780 190147480 571843089 319204203 761635281 411385130 74718308 977951712 464404619 165962494 923249629 633893205 799982753 182462029 742788619 397354204 762596439 800154253 64886413 534220910 836940693 125926055 233489189 941742391 997732475 219566706 543292232 68458440 394340401 762780802 134347099 24625124 985082030 477094024 518676444 341417570 915391250 238990982 906709024 388246659 521446196 306801164 443010353 420620918 549418045 926431508 815871276 27531871 652041312 980883401 281622653 9042007 975405168 879340329 181270388 776529701 159687906 245176118 604773251 625628904 294454627 227072791 325794999 225941866 487718008 737744525 266511680 13671580 426806259 559933951 34957947 853006478 423872030 11579460 276297215 517991308 192921075 488842304 899397958 872751789 164994466 272694259 380100889 734611052 685590113 921806521 542494164 11220950 674093358 78726169 416003075 179846004 675757459 68729893
97
9162527 0 300763436 574817194 346903469 380198440 574047068 492161440 255297508 526227050 863315022 543586560 201238063 518022415 884778042 397575272 60525577 439076096 696222783 433506227 506335614 641235850 406990061 177786667 130765930 483970477 592957831 260567951 423431024 662508641 386999851 399815905 670352557 783434576 900468214 565707010 156565329 414745808 520124961 673402010 608366692 520872030 796262800 690710770 680872042 540922716 631363471 941589219 759927875 345394644 441406108 882199536 989061371 894716781 436054182 227800767 259534217 406733058 691175161 821386754 856217301 451349147 424630214 679788374 445011572 194077150 519459191 552878704 461705812 802958315 632424298 395967612 633897878 888927637 640367036 339413207 603953729 766680918 555168225 365356724 331896172 616409825 641010545 707931071 708744443 271435901 240631749 544564410 427301946 343942925 739036374 493012227 186941535 377812868 664529192 632223875 180369283
95
20552148 121676492 455485131 499898463 277786896 209470139 283205424 376378341 517492484 721503554 736754696 461420712 376661082 395013217 393068245 383246430 418686963 535447065 324436667 214173598 325418407 443442317 501476106 451047957 474641730 521624280 345454954 138378022 253727137 571281944 555477083 385860365 601960333 597324578 340801590 656131338 694414145 443304848 354523914 266086087 501537046 810976720 539438167 322571958 567618410 657731742 358739181 275000264 412316300 583044680 407698704 6650709 76042271 357626029 479981541 295418689 298729504 340755110 606186539 479919363 32789930 121210478 330056974 344836732 238234967 304537117 329457052 485418035 359111161 73723675 267254521 446341397 505980022 748434121 540005182 272500436 692842344 870513769 664604858 528283947 262051144 241781907 625120269 554888747 416861153 319259329 221209756 412212570 601581184 571040470 509427203 470530826 475809710 578233661 290211960
93
185133874 356227473 284028873 601746128 711758402 379240953 560583031 627892849 157584541 353053160 447042507 429786197 808462419 562082955 531586051 825624829 750105103 446403792 139397809 300458152 519612908 548390762 704707202 668444923 293508992 458569897 534483218 319724580 627625101 829107166 862825268 857544978 806828949 425359064 492855420 880704409 413304603 159825117 129857063 160991447 613717974 516193552 295812954 321724024 283840392 288755672 389462732 685821562 551020470 419369606 610388601 607338861 458363206 150887758 258044001 415229090 321694790 457683773 495121481 298754692 85107430 70316023 402732434 610602662 477569187 486679530 554187571 370429679 490973428 558492848 611702083 590184959 127856927 314164871 315318286 115715098 454002667 518284917 468002488 695341050 436586501 343706531 485311334 344988671 445972520 402236239 225250169 266007281 563795301 430771793 209824432 387364658 194743150
97
281521778 526766728 625497475 418815929 241422783 320753050 470930211 821747206 483131639 210170119 566333013 611098949 263382922 306823828 297050687 91296594 354686451 752067021 791802758 573628742 621167640 699189373 527228738 269086138 90519778 267685322 500240007 402090003 517906394 773553136 547708005 549387386 805349414 445000017 487854898 804804443 359672072 398492396 869736912 605743137 328495862 213660603 338106806 608555095 626906325 405357221 191086786 592318620 698688169 438921442 410816042 464487995 491993770 250217039 494009454 677688345 604482340 689446103 666492642 658053470 701130936 799004105 652461062 612630047 502283293 456447056 468655616 407664411 236374272 5738819 361287343 352531792 27589877 222328875 551680253 587186363 395133355 542183667 420542928 397665188 626995835 494414789 480623653 415067404 588824161 671018520 285610941 123917766 496820269 557020424 350855357 659162242 830611683 459812197 429489361 513389400 149568919
99
76305351 0 53957101 341555978 549062018 658772524 836734011 772509218 709974441 841812495 526020186 357221990 371022158 522198728 454327488 450902774 894044439 949161456 606008517 376562711 659316356 597672629 322082254 561237616 910599808 496525232 214162823 210191979 62499923 41386466 187965797 479430384 748298539 534024155 273641264 549512099 614043718 441164160 460611208 334792663 126235576 175145454 220325594 588548401 739308920 435541503 638772025 925661879 572371024 209542040 428790540 797852964 744563396 727518602 585139001 608180608 681263790 687224213 778751046 386612287 448136576 680735790 815142313 923786374 751462227 722909806 448173465 106292541 280290627 461464852 534861277 340422776 366996017 738554308 622603625 313063572 422307288 773084185 627626731 612228260 773253990 577248406 602204450 395105977 66721056 88351214 196575731 617231305 939736400 905191201 469901075 346008371 554272309 643137899 680559894 402683620 325434836 575065345 384876162
95
752792115 963262687 699131264 941129032 955812347 534957813 855210936 428331335 948054987 167884244 226490925 593997642 741294216 827300543 794670292 739575749 814967242 330417509 203800910 459316706 549259971 850638742 381820760 348429659 680498815 634695407 180183971 817261816 181966640 318902299 153315246 205877453 164542892 492260582 218144537 878611894 275544423 145987923 714772230 812497047 920052737 381140215 997006456 319034860 616345520 862311671 564659771 372620766 641194385 197303545 587537381 214174546 404462308 138939866 160677008 761319121 818437185 870919025 731581160 42236540 782734335 534823653 267524199 194863988 431969275 196385483 787224179 895269494 143261507 506427159 232959581 804687381 110205023 30205940 33611003 733981278 249357985 802825310 258031023 901765711 172093017 290689778 236608392 980850710 339524471 112684015 11107854 897750102 515966038 988545169 692218599 407711374 837744781 119270542 418819719
95
487524045 885294093 408252914 843243345 833682129 483790103 362385361 326907283 11484302 122430049 243952597 208229782 963551141 291325069 246575954 685159479 102276932 292832661 35457131 280301578 16747178 817808280 887419376 799238227 627507294 365808866 116674584 81208816 238461861 270974784 211944977 952097044 436763599 207669291 779621994 578323022 401512109 478296047 285010949 512745752 608438231 629270667 66109383 446000861 380140510 742122462 786664366 158406323 588656721 736531839 497226984 103123646 5644732 242637519 216044349 873422313 746851971 999912941 86059821 467266980 935535753 334052294 730148731 80465076 253189244 499246531 517612876 529546097 967908501 914888114 537300822 294461129 609243145 436054240 816647467 604092242 126961925 875356601 534760858 694040979 294792452 277173827 899163797 433340351 754533441 567629221 49512776 637791657 418688464 88256006 35114917 105116936 460331670 625893968 941932834
93
614916532 935042712 381798106 159252901 956711550 556854163 766783505 446160874 231952211 197303664 238285794 997411798 863917009 535598401 505617822 667950824 300714401 87442212 712159863 24056400 307542286 814837493 424106227 119961763 415074851 779442659 607300722 480981791 150124097 377318823 726890613 932776587 810357464 99795576 99429299 302768102 635708356 126460168 909246404 560015346 129842028 238574883 985551639 324459440 396962138 100832749 719684247 982859281 708164130 839579406 108790539 797940642 432001903 219795386 734424655 172140348 290388203 604701583 412482432 231065571 293053218 189461673 648680162 942410913 940934212 439013450 681940003 801573745 517983938 542270172 771228806 758345650 13927897 390669449 988450371 970663779 171614341 46992272 183636815 174664605 609886290 82761391 509408880 48679783 103307230 951385011 347501297 96632535 891775052 546849975 539043290 692762676 773890288
97
160003795 936649434 853948333 499526276 869266210 145926493 125431250 455508715 10093090 105434850 960527838 987658108 931982606 648307362 312989481 36984110 113393851 249578942 790320798 362413974 309604738 787808662 675459467 717535908 791012399 161658449 61924791 691683470 436295121 175003170 76297119 186181182 397654295 342960664 949048771 856331941 840395640 709687618 444490787 120923256 18448845 345830613 362956997 308579316 1540857 298424585 43471300 90168124 593683872 918531679 813760984 192777589 848610858 930888584 596322953 992832147 609444893 403329603 126795480 82237424 131336708 214979196 524813896 94022891 182364894 361721096 139623167 308291894 40821432 6765120 115658460 626904197 402874322 645225608 961099395 12183795 13948487 19312526 557754297 534687302 536976630 828344020 126931309 214177907 5673067 659087965 610061182 141227797 572987818 831678081 931103123 377610174 733271616 287440371 268838230 46735191 183615939
95
354021081 685676931 464902093 420523479 356006044 177142075 235830149 513546184 480923859 270514451 395800669 287310656 188665182 386643368 591490307 351795339 544179006 761494906 459294087 611112740 677815550 365524262 582356367 698079874 597803301 840154610 586896935 501461266 718213105 753202679 662417708 336790852 182000109 164282885 205535500 499057181 650705368 389151092 115748546 400298296 725507418 363275840 477716869 621679214 464180277 620584061 760028680 749423830 793885650 987701803 633521548 253485840 426433487 711013597 703182438 465896159 340749246 290756816 460499932 829857948 737511120 554865254 424495161 460101193 806787427 952101661 933497539 625393326 424250598 611413457 717344335 420617660 403428045 464745481 196034954 310583918 360946272 258035652 623137767 589940155 430537400 738357548 722091043 461149571 221457312 366707344 434045213 356460581 658019258 555721785 384444953 517009752 439640848 372454483 190280020
97
351761866 0 306564062 354378107 422487727 830952745 865492382 835276925 731819028 681463460 425913976 299181827 295263851 193911827 193523196 544799412 960985687 480123703 40485393 237778600 649810906 523157017 391440726 404144150 401687932 667669194 849256354 949011653 724482856 441692870 622168558 573139399 345077649 294748373 488794961 644330200 385678770 279866233 221993536 221448850 360987980 442570933 375513865 415562362 637762909 431095706 187394754 573048349 659470813 503242651 469537659 256478401 205255256 234259398 358469269 663501100 721037059 544143459 232311932 196924623 558759334 623377023 748510382 750518678 400092878 617197626 958723285 885942697 484251830 204721442 176065169 291347823 513985983 470510199 395596970 229720740 342969128 816382688 876652245 437855444 84104996 399028161 540519116 494914146 650008581 621337185 556261691 607330629 573656469 333794517 267992899 445387054 550256734 500430032 270329039 434354132 402645968
97
377023589 460766659 520300193 925564830 677883426 320613870 532536898 608159259 325812593 581991785 867280881 550356999 427952195 591491474 488648968 349491380 529847777 585677661 341226146 393383721 597763264 605948961 430346444 458964828 596729750 544093997 497502203 438565623 550376711 720026274 581335883 702909620 995171068 909506991 880847430 608455364 602854277 629550480 332273397 555288274 833490173 767369870 365633050 269924461 237591698 133374571 315970340 480815815 300752964 446129466 907779018 907469456 656253589 510748326 541488254 719987338 872215521 527882020 590431815 730712848 330980287 134380266 372294811 358388749 295848707 744864955 653643139 501128161 604587989 654472401 426979542 390376003 435245297 133892818 158286506 425287488 500238599 282902099 288172607 209491999 136327038 496814543 537261897 543140316 445420521 398553254 566418091 617474626 710283407 809966609 582221692 507519683 441965920 338627639 331765042 134656105 125220817
93
116968473 172880694 407086815 378789876 242363854 333038784 463450844 467507199 277667854 521168927 689273403 550001284 355356504 571911618 859818181 512432604 196666682 402320022 400999855 572579291 892863543 627475762 472739147 343199949 238954431 555953866 713496327 556945702 300729111 499000450 619774244 434502899 643561175 800947093 899343525 666605847 553209236 688275114 726494506 833307862 815143268 414017155 433089032 832437549 926568721 562970516 474620925 870941118 666762829 531174929 618789495 448104780 175403452 249921177 730268672 683451444 394254755 663648417 849470543 683721311 698866183 725780818 343556338 366765840 499242980 205855995 284202427 360297858 457624822 544504323 396247339 455160952 330957626 249798835 531264914 477608096 538413531 849414682 721193886 599167609 500161584 690143371 565335342 459703926 728825047 390539699 569245572 993842208 891032910 797260857 546875282 387999387 246226959
93
323389524 802195445 872177274 442360162 360079432 708670688 679510068 447516845 220607743 418522646 665452639 566762526 631790665 454514831 598308801 729551583 578318646 454966076 419709453 609963922 659186511 579792351 600729313 473751564 506047140 506639271 269818443 541515109 759003642 545612982 198483850 266221345 644686581 912415215 527496804 408269585 881424773 989131216 884802175 555458917 308758107 673033703 625008590 160308707 537854401 721569654 362980529 495867029 576684702 522972446 761659241 650625550 578276485 865601103 672303782 289992542 615191047 802392838 753111977 657545609 499861172 756455430 677782602 312363130 203292387 249637612 225181564 192501385 291262535 693899885 730686226 592251640 432405155 376214781 371037388 326615118 541251723 716724445 877203684 850922932 804109209 431756056 379968173 602376013 413972196 557818907 721859248 702250424 467264584 265006451 611667209 866202568 464231962
97
392815789 658698996 488319360 631291125 618325827 330366271 173686767 279055792 411571127 551733384 569225357 276214504 452347481 654973870 765074505 844487967 753864208 757943104 466749741 113642365 233249550 350882845 238775583 604663981 948737784 747944819 626024898 649711740 662608201 687972507 397448621 548048340 983718948 945079857 877599133 490175950 463972729 669097576 371141553 311672475 240135822 168456856 653026167 653591688 292739560 630298999 992597956 869156920 549681760 511644922 712965106 417437643 450710517 848197721 517611640 232176813 165617352 288801000 521136083 363700051 207723516 295675356 405292695 500133541 707575456 578661933 571144398 755579369 819955189 737844728 430597811 612949842 892356214 917935892 618146013 482369116 568820479 296052291 418149756 534612162 326599215 160359393 369155326 485567719 311301378 351976112 593695663 733264554 685475667 883811857 807975359 639740193 631629775 412154140 418904896 735111649 453676403
95
300525046 389466379 506187329 651194092 429966760 278049482 179400675 536050761 935596026 884100854 472243036 476386277 404757743 111727779 595009350 837056493 469344403 441922244 435803204 199930705 342578640 484925483 472095229 629490432 706499439 735820972 560348375 643602779 970900706 903196945 852251158 784194761 575880815 692685701 834970435 521424613 281758369 512168150 714929638 775108667 802798430 704214345 609242107 685252459 464530307 482210985 671506964 386940742 481235326 543480612 669624417 932261932 803671828 491868004 650113517 708366763 608930238 814897439 637490119 646131884 782113497 388302787 445812623 639127289 525858444 543385401 745323306 923017649 821919063 762551499 851094865 893000802 603957659 368363345 442505254 717176714 808689958 704919693 773204589 470538262 126066093 534783376 565831826 350693259 549381931 675432777 476315096 353689395 259998659 314499150 666712129 606858308 350041757 315896303 217279352
93
412544184 698140945 317300495 291213602 607530533 513118833 275326420 482935782 499237278 138754843 86237518 261612787 360191959 518622224 788729608 467295529 339751925 648478367 634251704 357029164 260483388 245553535 507293693 616321386 386856438 327107223 379364999 754294851 563960553 494245784 474157597 143844492 121196265 77234346 58207883 153558534 170473852 420859488 843088804 517651421 294146899 726301537 658903704 287817790 553092114 710760633 351804353 547735308 636538345 648174996 622892435 180549425 124354791 570634227 651652112 431676712 404752379 338378308 400435573 431124646 302434874 137483711 515136708 958772188 852760990 619397569 655438456 480278085 217847532 626921664 507274741 222298418 211739012 217643124 345680212 548380832 726222090 621877823 698163946 427543262 140377626 316718860 385569881 229260165 487006616 431486769 349119536 711816200 825839704 574302474 383800279 462329786 198176021
93
924772374 631826114 801469158 199981688 164361075 790937460 207098133 122327240 644475253 247857952 728634606 450615840 389022969 185992127 933046019 281614365 859118608 572457612 373273711 728975821 181078304 81756200 594689649 471767433 183369665 761095752 661689191 158909403 88159885 417804637 115111737 15729534 247687065 462981567 676436571 137907780 718297012 33452166 319289135 343358684 865902855 554902644 626781174 961201277 665310560 301290661 395441465 848970457 256937488 888276016 97096397 369803984 844376645 801263692 867038398 681143708 635418884 742085576 697468352 973595893 571822530 615384832 187234152 481936067 51871346 164783632 837001445 119262779 25580368 42180961 526563267 49860080 206701098 767718422 31824879 639697819 118541282 986835195 896339256 153869844 707974352 108454584 38691677 429906886 571162861 892753934 725708489 306098325 689814427 836627786 504955854 197164280 874822728
