100
3
1 0 0
3
5 51 31
3
42 82 46
1
68
3
67 76 27
1
44
2
34 34
1
8
2
60 60
1
43
2
71 71
2
27 27
3
11 43 7
3
24 29 13
3
47 94 59
3
45 72 32
2
44 44
2
26 26
2
42 42
2
46 46
2
42 36
1
69
2
56 23
3
44 75 75
2
96 5
2
92 92
3
44 74 68
3
34 47 33
1
55
3
10 31 20
3
66 74 25
3
56 98 58
3
35 61 52
1
5
3
64 76 44
3
38 85 55
3
88 74 11
3
38 60 25
2
6 6
3
43 88 52
3
21 62 35
2
56 56
1
18
3
53 20 84
2
12 12
1
16
3
0 34 30
2
81 69
1
9
1
41
3
53 97 65
3
49 55 34
3
39 85 75
3
57 62 42
3
68 23 20
1
0
1
15
2
57 81
1
36
2
8 8
3
53 63 43
3
48 66 32
3
0 49 49
1
70
3
27 42 9
2
39 39
3
21 68 43
2
41 41
2
46 46
1
9
3
7 10 3
3
9 22 2
1
44
3
18 26 17
1
84
3
6 38 27
3
8 94 58
1
80
2
15 97
1
53
2
26 60
2
22 22
2
81 81
3
60 90 59
1
97
3
29 70 17
2
33 33
3
37 58 33
1
0
3
16 19 1
1
8
1
5
1
55
1
4
2
88 88
3
54 82 34
2
4 4
3
26 33 0
1
46
1
88
