100
94
59 13 14 72 95 35 8 5 100 13 17 54 34 65 41 96 47 53 89 98 95 65 60 82 69 19 57 39 73 58 19 81 42 79 97 43 68 62 19 31 52 33 91 83 23 90 54 78 94 7 72 42 65 71 67 56 63 4 9 21 26 84 74 27 26 25 54 49 30 47 3 11 1 25 89 53 22 40 19 95 89 73 40 53 40 36 82 23 9 65 93 41 0 13
96
72 40 37 71 60 83 84 46 30 92 61 6 93 38 55 98 51 1 96 97 87 26 23 29 86 9 50 46 18 37 61 26 97 54 83 69 95 19 92 71 31 14 20 88 16 51 84 92 41 42 38 9 12 35 25 68 65 56 23 31 22 74 69 19 66 72 15 21 18 93 41 12 72 70 71 97 32 77 67 86 10 55 93 12 26 97 37 77 99 75 36 74 28 43 28 51
92
35 52 44 46 55 78 82 62 18 7 39 31 6 32 46 52 48 51 74 40 30 55 49 36 32 59 44 47 75 42 58 60 42 73 48 11 12 23 36 20 16 54 85 58 40 37 49 37 25 26 21 31 21 57 46 36 67 43 39 63 36 10 32 51 48 62 65 49 64 76 83 54 28 34 37 49 61 48 43 54 48 31 24 60 57 56 68 29 7 42 59 18
96
78 0 41 69 62 58 46 61 71 46 31 53 48 39 56 72 70 47 69 51 36 70 64 66 79 80 73 43 10 48 53 27 26 31 49 23 7 55 60 34 59 37 43 67 38 45 52 59 81 57 36 35 56 83 44 10 37 41 48 53 21 9 13 38 58 38 46 66 31 34 58 57 51 47 51 67 86 49 36 56 34 47 45 37 30 40 69 38 13 46 72 56 69 63 53 33
96
74 0 33 44 38 32 22 29 47 36 24 56 65 69 58 37 56 71 61 51 25 11 43 56 29 34 39 39 27 4 33 80 89 50 46 72 69 81 91 60 49 53 26 6 12 59 67 67 71 55 54 65 57 47 46 28 20 38 45 20 24 31 53 38 10 58 74 62 75 61 23 29 30 33 73 65 34 35 46 33 20 25 21 51 87 49 8 25 73 84 78 57 63 76 48 20
96
33 0 39 49 55 45 13 53 41 19 49 80 87 75 77 55 57 68 71 93 51 3 33 58 50 39 46 56 47 61 87 82 36 25 41 29 42 81 67 35 46 34 40 59 26 33 31 35 64 46 27 32 27 32 74 59 35 35 35 30 51 60 38 51 78 74 43 36 65 79 68 65 64 68 50 40 66 61 30 59 72 40 16 13 47 51 45 30 25 61 48 54 88 46 38 37
98
43 82 70 35 12 20 59 79 58 59 57 29 52 58 44 77 55 57 86 86 87 73 67 80 55 54 65 45 74 98 57 41 44 51 67 77 96 90 76 67 46 57 78 66 59 60 41 56 88 82 96 81 67 43 42 47 60 56 25 67 92 56 59 49 32 51 28 54 56 52 73 63 43 15 14 38 71 50 57 76 65 42 25 32 22 40 59 66 62 37 62 96 82 45 43 41 27 22
94
22 0 8 8 22 23 37 40 47 56 48 42 18 60 84 81 58 13 41 62 68 60 24 11 4 43 78 51 62 51 50 94 74 70 42 18 58 74 42 18 37 45 55 37 36 76 82 79 61 48 55 61 33 12 19 51 61 40 56 71 42 13 15 40 39 49 44 14 29 19 21 52 38 21 23 54 80 63 39 51 62 31 22 12 20 58 66 76 76 29 45 79 35 0
96
49 62 45 38 46 52 41 48 32 26 27 33 38 45 63 75 85 91 63 67 62 45 85 63 36 47 33 46 39 19 28 27 48 74 74 49 51 45 31 50 65 54 51 43 14 32 61 40 41 65 63 84 62 31 54 53 62 81 75 66 71 47 20 44 40 20 56 92 78 52 40 54 64 81 59 48 51 27 38 45 33 14 26 67 66 35 21 40 40 52 83 43 15 16 41 38
92
36 61 60 78 74 78 97 61 37 42 65 95 96 71 67 67 72 78 49 31 50 68 75 66 59 50 22 42 42 24 18 39 87 70 28 60 67 37 35 64 83 85 83 47 38 56 62 63 60 34 61 67 34 28 46 63 49 38 35 42 61 88 71 45 58 39 53 91 79 46 47 52 18 47 80 49 56 94 66 25 50 72 43 60 96 52 42 66 72 77 80 51
96
36 43 4 30 48 58 75 66 45 55 61 38 52 56 48 47 58 81 79 68 37 39 37 10 7 3 28 45 53 44 31 52 37 50 64 54 26 18 59 33 38 73 52 17 16 50 65 73 59 12 7 53 58 24 15 29 44 48 53 54 38 28 38 28 17 19 40 59 33 24 41 42 46 45 47 30 16 44 57 34 20 19 23 33 18 39 65 30 34 45 14 14 8 24 50 17
94
17 0 25 41 34 64 91 64 41 58 71 74 47 17 29 49 75 87 49 57 52 35 60 64 58 26 8 27 30 16 31 65 91 94 64 50 63 41 43 61 57 35 6 38 75 59 67 59 39 41 60 67 66 70 68 55 23 44 76 73 33 14 31 28 25 18 28 60 58 71 92 75 47 52 49 50 65 53 68 73 49 44 59 41 52 90 77 41 41 40 44 51 52 37
96
53 25 11 23 94 8 7 10 50 70 50 7 81 24 33 70 63 42 78 19 89 4 44 43 99 67 4 100 21 53 36 56 61 86 24 92 81 59 6 72 46 7 93 41 67 42 14 93 58 20 33 32 59 4 85 6 53 37 1 23 28 86 88 76 5 74 22 88 64 97 11 93 60 28 30 28 66 1 78 98 13 73 92 7 50 13 54 77 23 62 64 16 69 84 24 75
94
22 66 80 63 47 32 20 57 83 74 72 36 38 50 37 41 58 52 35 40 20 27 66 41 25 27 16 35 38 16 4 18 58 48 6 16 19 18 17 45 65 69 57 61 57 21 47 44 24 48 63 49 57 76 55 18 51 69 65 80 68 53 22 30 57 65 46 42 43 40 54 74 68 36 58 62 50 63 58 42 52 51 17 24 45 29 49 60 53 37 51 69 23 2
98
75 67 64 43 97 48 18 74 60 2 23 26 89 25 85 89 82 69 35 51 28 32 14 6 96 74 32 77 25 76 72 57 30 94 5 40 72 13 71 29 66 10 32 74 28 73 12 68 23 46 66 54 20 19 61 60 35 73 44 53 23 64 2 59 31 69 14 88 77 55 18 84 17 35 76 39 28 79 60 26 6 62 88 50 99 41 71 39 73 45 67 2 28 20 28 80 86 74
96
23 0 29 70 65 69 50 34 37 44 73 79 46 26 34 33 68 57 22 38 55 41 55 44 4 11 14 38 77 49 49 81 48 25 23 32 23 31 76 82 48 21 58 72 49 65 59 29 25 29 52 59 28 36 46 33 26 24 61 52 16 26 49 45 18 18 35 32 50 87 47 13 42 64 38 19 31 37 48 64 75 79 72 82 55 50 60 30 41 41 62 81 49 38 69 47
92
100 94 17 0 59 7 85 72 28 9 8 61 45 41 80 3 0 97 86 33 100 96 47 57 53 33 65 31 28 26 0 55 28 85 19 6 46 35 27 5 15 81 71 40 64 11 79 40 26 31 23 29 51 70 12 97 35 21 68 91 44 4 87 80 10 99 77 82 18 90 52 35 43 62 42 69 67 10 93 57 46 51 72 74 85 40 45 96 71 89 26 18
94
42 72 51 65 58 49 75 88 85 80 79 73 59 49 50 42 67 91 69 43 60 71 29 42 68 63 85 49 32 64 75 45 16 58 45 21 23 20 48 80 72 45 52 53 47 49 60 51 52 57 35 28 62 55 8 3 44 55 29 41 25 13 57 68 44 24 15 31 32 35 50 69 63 58 79 58 17 16 50 69 64 31 45 70 31 19 29 22 15 18 21 40 30 1
98
36 0 49 59 54 89 47 24 26 27 36 47 55 23 42 57 41 60 77 60 22 5 14 42 32 35 61 32 45 75 38 26 59 68 41 20 12 12 25 50 76 43 7 6 49 62 19 41 36 3 20 62 77 71 61 48 36 32 55 56 50 32 51 76 45 48 33 16 36 35 21 8 16 19 18 14 40 46 36 68 44 11 20 54 87 80 46 34 33 13 22 31 41 41 16 39 76 43
94
23 29 23 46 88 72 30 35 57 85 71 60 66 36 40 70 93 76 51 47 59 48 37 34 11 29 49 72 92 100 99 78 54 41 29 30 48 49 52 65 66 65 66 73 82 69 54 62 71 49 25 19 14 58 57 26 31 23 41 40 25 61 62 41 66 51 37 55 77 100 84 45 60 83 68 42 54 88 71 71 85 62 69 55 24 49 83 86 74 90 68 27 28 22
100
24 0 29 57 42 31 45 61 68 43 18 59 50 18 62 76 64 44 23 45 47 30 49 65 54 65 85 89 82 37 9 41 57 41 49 45 15 2 4 32 72 71 72 92 66 61 75 57 68 52 35 71 56 42 37 48 74 81 66 55 38 22 27 33 58 30 23 38 48 40 19 22 18 51 71 60 64 40 47 48 48 55 37 26 29 63 40 34 75 49 12 47 54 46 54 27 52 57 27 15
96
40 89 58 42 36 50 67 51 38 23 14 36 78 47 4 10 43 37 32 67 60 54 65 29 23 42 16 14 45 69 56 31 31 51 56 63 80 73 64 50 42 46 34 50 51 18 36 44 29 26 56 53 46 73 63 46 53 52 58 66 48 66 59 38 21 23 66 64 47 35 28 32 21 19 52 44 40 59 66 55 42 68 53 59 56 39 58 65 76 87 79 66 69 50 50 34
94
6 38 50 30 12 33 24 0 29 67 49 26 29 21 40 41 27 37 59 35 14 58 44 46 61 49 43 13 24 31 17 49 42 14 26 37 27 29 59 74 41 20 48 29 4 37 45 34 36 25 33 58 48 15 23 47 66 49 24 23 19 26 45 55 28 7 33 35 12 17 19 17 36 61 51 17 38 60 51 35 44 79 64 26 19 21 18 21 51 64 38 25 49 34
92
18 56 50 19 5 27 33 31 62 77 42 9 17 16 6 14 57 42 42 74 43 59 90 58 59 60 23 11 27 35 47 33 7 18 45 79 78 39 40 48 53 81 46 14 38 34 36 43 38 50 53 32 30 61 75 75 61 34 9 43 80 54 54 73 62 50 59 41 38 79 76 68 32 33 39 28 63 66 47 64 77 33 1 23 52 49 52 50 25 41 73 36
94
2 32 51 32 96 85 22 75 14 60 58 1 98 2 29 49 63 1 16 59 32 97 67 89 9 57 11 50 94 7 84 37 68 0 24 51 13 93 39 73 46 11 86 50 21 91 17 9 67 39 23 99 58 88 3 80 52 38 17 79 67 97 3 23 55 47 48 90 86 42 69 27 35 4 56 63 37 55 89 40 23 78 75 22 97 92 67 86 87 62 36 96 91 77
92
25 72 81 83 53 14 50 46 42 40 9 8 41 40 9 46 69 71 73 58 75 80 84 74 52 43 55 77 79 85 81 54 60 85 49 19 48 80 90 73 58 60 31 48 90 67 42 55 75 67 73 60 48 51 36 29 12 34 63 67 63 72 95 98 67 41 35 22 46 44 47 49 13 18 42 71 90 50 48 54 40 52 54 64 72 86 63 47 70 80 61 25
94
12 31 27 48 73 72 60 69 51 31 71 68 38 29 49 51 61 44 3 27 48 49 62 53 63 51 10 17 29 27 30 27 45 72 74 40 9 14 47 64 69 74 56 36 39 46 57 50 29 40 66 87 78 74 80 93 77 52 61 55 20 36 73 60 52 72 80 72 76 48 20 48 52 45 40 26 32 64 54 50 82 64 52 80 61 32 65 72 50 71 49 36 44 9
94
48 77 64 42 59 73 29 21 41 64 75 78 51 58 56 55 93 96 88 69 44 19 9 22 36 30 37 26 48 58 52 45 33 38 50 48 52 50 51 85 91 59 20 53 73 83 56 31 60 60 44 47 43 57 74 82 100 58 15 14 17 59 78 43 33 47 51 52 38 15 35 36 23 26 16 7 22 45 73 68 63 48 31 29 16 54 63 51 72 45 27 61 66 32
98
23 0 22 42 32 56 66 24 10 17 17 17 10 45 81 79 47 5 38 50 58 87 55 22 32 67 62 52 61 34 26 26 47 60 49 45 44 45 26 41 67 83 68 55 64 66 41 34 42 54 77 68 64 45 26 25 29 32 40 35 31 21 21 59 50 21 42 71 74 74 48 50 44 21 62 66 55 40 33 40 62 87 51 56 61 20 29 29 38 70 82 83 68 69 65 45 40 24
98
31 0 28 29 47 49 32 36 44 40 47 67 32 23 24 18 27 38 26 7 12 14 26 38 50 76 58 28 13 48 68 47 39 46 59 28 26 27 9 19 11 24 55 41 47 53 58 42 10 31 59 38 29 71 86 75 69 49 11 6 49 48 54 79 39 11 49 51 17 18 34 30 42 51 38 35 23 53 57 48 61 69 72 48 37 74 84 50 36 61 53 46 48 36 69 52 51 47
94
12 27 27 12 47 86 54 58 69 47 39 50 49 54 45 56 75 56 75 56 34 39 69 64 26 25 37 52 51 49 50 66 60 42 53 69 85 75 36 34 57 76 57 39 45 65 59 62 64 22 49 53 32 63 47 14 46 62 74 85 67 66 46 21 26 28 63 97 62 36 64 76 73 81 56 20 31 32 51 77 78 51 44 64 45 24 32 57 82 59 52 95 64 17
96
28 64 94 77 73 59 47 43 13 46 56 34 59 54 26 57 60 55 49 59 79 76 80 64 74 96 60 22 63 63 42 60 70 64 68 76 40 15 50 90 98 81 57 46 68 92 59 51 52 27 17 13 42 83 58 40 57 38 61 71 69 71 78 65 23 22 24 64 83 63 46 43 38 18 49 48 55 90 56 52 85 84 79 65 45 48 53 58 67 90 66 24 51 46 28 28
96
13 43 57 31 15 21 32 53 56 60 50 29 10 15 38 26 42 67 46 55 34 20 47 40 31 42 58 35 25 45 32 19 47 42 18 39 47 61 83 39 4 16 10 25 65 62 21 11 34 61 54 44 57 35 50 48 35 51 61 49 39 61 48 51 66 68 59 26 25 67 65 63 64 31 13 14 19 35 37 19 27 37 53 43 48 66 22 3 20 23 9 0 42 40 12 9
94
32 41 55 56 17 34 68 87 61 61 53 52 84 41 37 65 70 76 64 61 70 59 63 61 59 64 35 17 44 58 68 86 51 29 23 25 36 41 43 52 59 34 50 80 80 50 21 54 49 23 59 51 16 10 15 22 18 19 57 77 52 48 52 53 64 61 42 40 67 68 68 64 42 73 89 81 85 61 28 51 70 71 56 15 39 59 25 38 38 21 48 65 78 45
94
35 46 53 72 63 62 50 49 76 55 43 79 59 22 58 77 41 28 26 27 64 81 59 62 68 53 69 75 30 34 43 32 48 32 14 54 91 79 70 87 62 50 83 87 78 58 48 63 79 95 56 52 74 36 50 45 57 77 45 36 57 44 10 47 70 59 57 47 55 52 33 44 56 37 11 55 85 67 45 60 81 82 100 60 30 50 51 26 17 52 75 81 95 52
96
18 21 48 94 70 24 15 37 82 59 34 47 59 78 59 58 43 34 55 70 88 61 38 30 23 27 48 74 69 38 14 35 68 70 84 87 48 38 60 60 39 60 79 54 42 73 60 16 21 58 66 36 33 60 90 67 32 64 66 66 84 70 80 58 59 94 76 35 36 57 77 54 24 24 37 58 44 22 53 74 69 96 81 59 66 59 41 24 24 48 48 42 72 65 47 34
94
25 20 53 62 9 96 100 68 82 9 68 39 21 65 9 9 4 9 32 47 56 64 52 5 88 54 91 3 29 83 46 79 97 80 34 5 15 80 92 100 49 64 43 59 43 85 46 59 75 71 23 64 38 26 17 64 80 38 62 7 16 65 32 58 43 94 56 33 54 34 8 22 98 16 12 43 66 7 48 99 28 76 7 55 5 26 80 38 73 70 12 45 18 7
94
13 54 71 37 61 63 37 62 48 29 37 62 79 84 59 28 21 49 77 61 63 79 94 68 54 53 27 34 54 75 80 43 15 41 45 34 47 27 43 50 63 68 47 50 29 49 47 19 34 53 34 24 38 67 86 50 62 59 56 77 35 39 67 67 44 46 48 25 37 33 49 72 56 59 81 95 69 23 27 33 41 77 59 43 52 39 36 66 79 42 19 50 52 14
96
19 48 57 30 44 81 51 50 54 53 50 24 26 53 41 22 27 41 75 45 10 30 27 29 27 10 12 36 70 61 62 68 34 34 32 44 55 27 39 64 73 39 46 63 24 33 63 53 43 61 69 50 39 23 34 67 34 33 34 19 28 37 52 24 40 56 59 66 46 56 69 37 34 50 58 79 83 73 57 32 47 46 29 55 51 37 45 39 31 28 18 47 65 56 31 5
96
10 17 37 65 37 36 67 66 33 0 29 48 56 83 43 8 25 27 9 24 40 53 40 43 80 61 31 10 11 17 29 40 19 22 42 20 28 65 41 27 66 65 55 45 39 44 36 33 40 33 45 48 28 44 25 25 28 8 10 20 57 71 68 63 58 50 24 6 30 69 70 38 16 38 57 76 59 43 69 75 36 39 75 73 50 14 28 62 38 0 39 46 15 54 63 17
96
20 0 16 37 34 18 22 58 47 17 46 39 30 26 2 22 25 8 17 58 83 65 33 41 58 27 42 77 84 58 27 27 35 40 63 52 42 73 73 70 82 76 63 58 71 63 23 23 54 87 71 48 52 54 69 88 60 51 37 11 52 66 70 71 52 44 58 77 48 39 49 52 42 26 39 26 8 6 10 50 82 85 76 62 55 31 26 59 80 86 46 50 77 48 27 8
98
97 0 30 44 60 90 55 46 74 50 20 11 47 76 33 25 36 53 62 22 48 78 36 42 39 31 43 17 11 50 56 52 63 71 48 40 56 41 33 14 22 25 45 88 58 9 24 52 43 26 15 47 92 61 17 14 31 42 34 39 54 35 27 31 44 48 38 66 65 54 47 59 52 21 21 19 17 34 44 23 33 48 54 65 40 27 41 44 23 8 35 53 41 43 72 79 67 33
94
62 76 99 74 2 52 61 77 44 77 86 74 57 89 64 32 77 68 14 18 39 44 4 32 42 74 98 30 41 52 37 59 13 6 68 4 6 33 65 33 31 72 72 53 11 24 10 94 99 80 85 57 36 7 51 98 87 53 93 9 28 100 13 51 63 8 23 8 74 56 12 60 8 99 65 85 72 99 74 64 24 73 45 44 11 25 22 57 5 91 45 18 10 23
92
14 14 14 39 61 65 79 73 74 53 34 77 96 53 53 62 15 13 29 63 56 27 33 38 70 91 83 43 14 35 31 17 56 83 45 13 32 70 59 44 38 15 50 77 52 40 68 78 45 19 23 65 74 66 44 38 38 24 58 43 25 57 68 48 53 66 32 26 36 17 25 72 79 73 79 42 37 75 44 22 53 69 39 52 66 40 56 72 61 47 58 33
94
98 0 21 64 62 35 47 80 89 62 27 46 65 27 23 42 54 57 47 58 47 59 58 50 70 69 53 45 55 34 37 52 30 50 83 74 48 15 15 17 30 26 22 37 35 65 81 80 75 78 73 39 26 41 72 68 50 47 36 46 45 51 77 51 49 40 22 54 41 18 43 68 37 19 58 39 36 82 77 76 48 30 53 54 47 28 44 53 32 49 78 54 22 11
96
17 56 86 49 9 25 41 34 25 61 73 45 24 37 74 45 34 58 30 48 71 66 82 90 88 82 87 82 81 85 93 83 79 68 66 52 34 63 41 10 53 89 90 95 63 65 93 47 51 68 46 44 61 80 55 66 91 73 61 82 98 83 57 60 50 59 93 67 32 19 31 47 54 57 29 29 44 53 70 46 15 8 25 40 67 61 50 49 37 34 21 49 68 36 14 9
98
69 63 64 90 44 73 40 8 34 37 78 25 79 95 45 97 67 8 33 62 50 6 64 15 88 48 97 80 45 73 13 11 34 83 76 49 59 98 67 34 21 57 76 21 76 87 63 46 59 44 55 45 48 88 60 31 92 50 40 45 34 72 90 77 80 13 14 18 52 46 70 18 42 43 30 53 58 18 25 100 44 2 34 55 40 38 82 61 3 97 97 81 55 13 61 28 65 21
98
51 56 59 78 54 71 80 60 33 48 53 17 9 23 23 37 66 41 54 54 42 68 35 34 68 63 49 56 61 54 61 77 79 72 85 92 57 19 42 49 26 56 82 75 54 61 53 46 66 56 42 21 47 53 13 45 54 47 81 91 70 66 43 37 63 52 31 20 16 24 40 32 40 68 90 53 35 82 71 59 48 54 84 70 69 81 50 46 85 92 95 76 48 51 56 73 77 34
96
2 16 45 32 32 49 52 60 28 18 36 41 63 54 58 59 14 41 65 50 27 38 46 30 37 59 56 15 4 8 30 45 52 52 25 8 13 10 21 58 59 69 47 24 71 61 22 24 59 56 60 72 71 94 77 72 64 69 73 56 63 50 22 19 22 43 59 70 73 56 59 33 51 82 59 37 25 43 70 74 64 59 34 44 82 52 46 66 68 54 39 52 49 58 73 35
96
30 65 44 9 11 20 52 56 20 43 64 58 45 46 39 27 65 68 62 82 75 44 64 76 75 90 62 57 53 66 96 52 57 77 35 56 66 50 69 77 68 69 66 64 45 44 67 80 93 74 54 75 80 71 80 64 33 19 38 55 59 70 53 29 31 31 64 86 53 50 73 54 25 35 70 71 59 78 92 57 41 41 55 58 43 67 41 23 32 58 50 56 63 22 23 15
96
30 53 30 31 33 41 63 59 31 52 67 48 62 44 59 77 38 19 36 71 59 32 45 54 70 59 31 20 49 78 52 58 40 10 28 37 61 48 53 75 58 37 43 72 76 52 36 23 30 42 56 72 44 39 52 46 50 81 86 39 19 54 70 47 38 70 59 54 80 76 81 63 31 39 32 38 35 23 38 60 48 47 77 41 38 80 52 35 37 19 20 50 81 48 9 0
98
49 88 52 47 35 27 71 88 73 45 49 81 88 65 35 37 70 79 76 54 33 50 57 75 63 61 92 87 58 52 72 76 40 28 28 35 41 12 14 45 49 51 68 63 35 14 21 15 56 53 4 25 64 89 65 36 42 52 50 43 34 19 51 57 55 53 27 44 30 8 36 72 88 68 41 54 37 29 47 58 55 20 30 50 56 43 55 53 59 77 55 74 61 21 24 46 52 24
96
23 71 60 14 5 45 76 78 50 34 66 53 34 58 56 43 48 60 84 58 51 58 28 48 67 76 73 68 44 19 50 72 82 49 45 63 45 27 55 87 49 42 73 48 11 16 26 57 74 58 72 62 25 41 38 26 49 54 43 29 45 42 51 56 52 66 34 35 58 33 18 25 37 49 58 38 50 67 33 21 50 84 84 42 39 52 35 39 42 53 64 73 81 74 39 9
94
8 29 34 31 35 53 47 27 17 5 53 72 60 78 61 52 34 36 59 64 57 22 17 41 53 67 87 87 70 42 36 69 95 53 12 38 74 87 94 65 29 52 40 7 29 67 88 92 93 57 49 73 39 6 25 25 33 37 20 58 59 30 62 89 81 65 44 23 8 23 66 84 39 2 43 52 51 41 6 50 81 37 7 21 41 34 31 29 41 49 62 56 53 46
96
13 37 44 56 86 81 93 95 92 75 59 64 49 75 63 52 80 85 73 60 73 72 65 52 33 54 69 64 77 83 93 97 62 54 57 25 40 62 68 89 79 38 28 54 72 92 65 24 27 26 55 66 32 15 25 68 67 44 73 92 76 84 62 30 41 70 65 66 68 45 54 79 63 26 37 30 44 82 80 42 40 72 86 72 66 64 38 23 20 26 55 61 55 62 50 27
96
23 16 11 85 56 96 8 45 69 47 67 25 16 54 53 25 65 32 46 79 91 6 25 58 72 59 94 22 71 31 16 35 41 47 2 60 32 79 29 86 10 62 92 12 52 33 50 46 19 92 49 4 56 86 50 75 83 87 44 14 21 10 97 11 97 86 75 38 64 66 80 60 60 9 51 66 75 78 53 4 15 59 30 30 47 21 46 4 48 14 16 53 53 57 8 81
98
32 55 24 17 25 21 53 86 92 84 80 90 47 19 53 70 43 49 75 73 53 44 60 39 10 2 29 56 49 63 59 52 57 67 66 34 53 84 87 84 59 66 98 67 35 24 16 44 49 19 12 34 40 54 44 31 57 31 23 32 36 36 59 89 48 38 66 71 39 18 58 78 76 41 10 23 19 35 69 42 30 45 19 17 20 54 69 68 66 56 44 11 44 80 64 45 26 4
96
44 47 34 32 35 54 44 72 77 34 21 18 19 27 29 59 46 8 26 36 37 45 61 61 54 70 40 46 77 52 45 41 28 56 86 59 50 82 94 67 42 38 42 43 45 54 28 21 22 20 49 68 48 51 79 53 47 42 41 58 45 29 53 83 80 79 45 11 14 44 45 16 11 25 57 56 55 52 40 49 37 38 50 46 35 26 17 26 45 33 38 33 41 47 58 49
94
45 88 45 87 30 24 78 70 61 44 54 42 28 76 100 17 9 79 15 6 48 38 36 78 10 75 23 81 89 67 97 81 95 51 83 16 29 90 54 30 3 0 23 2 29 78 22 49 14 42 39 95 73 96 47 37 62 67 43 48 100 3 40 2 22 62 30 74 17 73 88 70 74 15 58 71 18 69 3 38 100 90 68 36 55 91 54 10 76 13 92 44 72 78
94
59 50 71 15 93 26 59 44 30 85 11 85 88 28 51 36 47 49 14 42 27 77 41 78 32 13 74 12 37 31 57 94 95 4 44 98 50 26 23 100 38 29 32 65 10 72 75 11 79 51 48 13 31 32 8 11 2 68 79 86 1 5 27 63 77 41 6 38 88 77 12 57 1 61 95 7 29 90 71 86 46 38 97 25 6 81 47 39 89 58 5 8 81 45
96
17 55 54 28 29 33 29 55 44 24 55 77 91 88 89 76 57 69 48 16 32 49 40 61 59 40 32 50 59 40 37 28 39 25 6 3 23 37 24 19 43 69 44 33 46 62 61 58 48 60 53 51 76 43 20 46 76 49 62 92 64 32 27 30 25 11 16 42 74 56 15 17 34 57 75 50 31 24 5 46 70 53 67 59 31 41 60 55 50 54 61 81 91 93 64 16
96
38 49 12 26 41 47 42 24 39 27 18 54 78 53 24 48 63 45 64 87 78 52 48 36 40 45 54 74 57 47 46 34 4 25 49 37 46 39 29 59 41 20 49 36 21 50 39 36 61 56 70 78 76 58 51 47 23 33 32 15 8 30 58 44 31 38 34 41 67 83 76 81 80 81 48 0 15 47 36 46 78 73 65 70 50 9 25 55 71 84 42 39 64 43 52 32
94
14 54 55 26 36 48 36 13 45 45 51 51 28 58 47 66 55 30 62 86 63 22 50 45 32 31 20 23 53 69 38 41 45 65 83 42 14 13 35 46 29 51 83 51 6 49 70 73 55 34 67 44 19 39 38 19 17 18 32 72 87 81 89 89 46 10 33 52 71 79 41 37 41 58 53 17 19 35 69 92 53 33 65 74 41 44 53 58 91 96 81 62 77 47
96
35 55 44 26 12 31 55 45 60 70 54 41 65 91 44 21 45 53 51 66 68 58 40 35 67 71 52 43 57 79 85 70 36 30 46 72 81 59 61 48 27 58 90 84 45 23 48 44 25 61 76 41 20 63 86 43 38 35 54 57 25 67 59 25 64 78 67 82 58 29 53 40 36 84 64 47 42 38 71 46 31 29 47 76 69 44 58 73 49 30 16 45 76 81 70 35
94
79 59 29 64 10 31 37 34 57 53 41 93 12 59 8 68 33 49 8 68 11 37 11 51 63 87 20 46 98 59 26 70 20 98 50 5 78 0 81 36 92 60 35 81 74 32 27 13 41 77 43 48 80 99 18 0 94 76 52 52 39 70 36 85 95 81 32 40 27 48 31 13 56 52 57 55 78 92 70 37 3 49 51 22 86 44 53 83 1 94 45 12 99 71
96
54 0 14 43 38 24 40 41 29 38 43 29 50 61 26 6 3 19 25 10 44 76 59 53 66 46 24 22 49 59 25 28 21 43 58 35 37 56 52 63 67 48 32 12 58 86 56 21 27 36 45 77 53 22 44 80 75 42 62 81 74 54 55 61 66 93 63 36 21 19 22 30 43 21 43 70 67 66 78 96 55 53 49 23 63 89 76 55 51 43 63 77 33 7 37 31
94
4 0 30 66 61 63 80 89 81 74 62 24 18 37 42 41 64 88 65 39 50 40 48 59 67 75 27 30 72 81 87 71 40 60 59 44 63 67 75 48 50 54 25 45 33 39 52 36 47 29 29 46 19 25 60 43 41 41 17 36 59 80 63 28 22 57 72 28 50 95 86 72 83 74 74 65 22 15 54 71 54 74 48 12 46 40 19 57 90 82 81 84 57 20
92
4 49 62 21 34 30 33 64 48 51 52 30 46 65 49 25 39 53 35 63 93 59 41 58 70 71 51 47 37 49 56 39 53 29 32 65 70 51 31 46 75 77 67 54 51 70 87 60 40 31 37 45 42 57 35 16 42 56 67 91 77 48 18 11 32 60 75 51 49 86 57 44 73 59 28 55 53 14 18 41 49 24 25 41 69 73 63 40 52 73 44 19
96
48 94 88 53 30 49 51 27 38 39 57 54 38 78 78 51 65 89 48 37 78 93 62 34 25 19 33 61 77 49 33 27 14 10 30 39 65 100 93 93 95 81 67 73 62 47 58 74 68 50 48 28 17 49 85 87 79 71 71 61 55 70 45 45 51 32 37 35 38 48 60 42 22 64 79 82 93 61 55 59 51 54 40 53 52 27 24 52 53 49 49 40 31 7 27 26
98
45 7 22 54 69 67 90 50 26 72 88 50 19 14 20 0 20 6 29 38 98 2 55 57 73 48 75 77 39 96 45 69 22 24 9 4 56 47 10 30 62 30 24 97 45 90 64 12 29 50 100 32 0 4 42 50 49 25 29 99 79 56 20 61 69 56 68 45 15 82 12 51 38 46 90 94 14 23 74 35 40 21 62 2 63 50 67 1 78 5 42 23 76 43 92 3 76 51
96
44 0 7 40 60 45 59 67 66 84 65 26 32 34 44 70 43 54 89 88 68 50 68 84 42 46 57 28 40 35 46 68 70 60 55 60 53 70 80 58 39 56 46 17 60 80 31 44 55 37 58 64 59 52 45 29 14 10 26 67 51 10 37 48 32 35 34 56 60 25 28 23 32 60 57 45 47 59 32 30 47 68 86 45 8 33 45 49 70 76 67 46 48 43 59 43
96
46 68 64 61 41 42 43 59 91 69 28 31 65 89 69 73 92 96 95 47 29 31 45 91 70 52 63 54 72 90 65 31 33 28 51 67 69 52 16 45 71 46 51 47 18 50 79 57 40 76 65 60 85 44 16 62 68 29 23 24 63 56 56 93 90 55 35 38 37 79 90 66 38 41 60 70 65 77 61 16 18 26 28 49 59 27 43 58 55 39 14 62 99 85 86 52
96
49 70 66 93 94 58 37 26 44 77 81 83 78 53 39 71 92 91 90 62 53 58 28 55 63 57 73 71 50 37 53 54 36 15 38 60 50 60 70 41 16 54 83 70 83 86 70 54 72 59 29 54 71 40 48 54 33 68 89 50 33 79 65 24 21 58 81 64 39 46 44 50 86 74 57 60 72 48 64 97 74 35 34 77 96 86 86 90 86 63 31 22 44 83 56 10
94
30 30 13 35 58 84 80 40 27 36 41 70 79 82 98 86 55 67 49 9 32 47 63 88 71 68 50 17 51 63 71 70 31 42 59 40 64 48 44 54 22 35 24 1 47 90 54 49 68 48 61 59 49 40 14 38 46 55 45 10 39 78 69 65 88 61 27 19 18 55 67 74 55 49 70 56 42 58 69 44 66 59 39 67 69 59 34 4 2 5 25 23 22 20
94
44 76 71 75 80 49 33 52 46 48 58 47 61 60 25 35 46 22 17 53 58 41 61 79 75 56 21 48 84 82 44 15 54 85 64 25 32 36 42 69 49 59 93 84 41 26 53 56 58 66 75 64 38 21 20 55 85 68 71 64 21 20 46 61 42 32 35 34 44 55 59 37 16 41 74 48 56 53 38 73 69 77 88 58 35 60 92 88 48 10 32 67 74 38
94
18 0 19 33 34 34 60 58 44 66 82 49 28 75 97 78 78 65 19 23 33 19 46 61 62 60 29 13 40 38 22 44 38 60 92 77 35 10 54 90 70 53 72 57 35 53 61 49 25 39 32 33 50 35 26 31 48 37 51 42 47 75 35 36 49 40 42 23 48 94 82 46 55 59 32 38 33 52 77 78 87 62 35 64 79 43 25 58 43 14 22 39 36 6
96
3 23 58 62 48 34 45 79 93 62 57 55 44 57 32 40 49 31 46 48 28 49 80 51 48 77 83 83 70 78 63 52 68 51 48 45 40 31 39 34 39 63 42 52 43 51 62 60 63 63 57 19 44 61 35 29 49 46 34 46 49 45 33 21 23 60 48 46 42 49 58 53 77 58 51 58 35 7 7 26 36 20 49 69 40 34 28 33 65 73 81 85 78 89 91 43
94
13 54 75 79 78 33 34 37 46 70 37 38 60 52 40 21 12 33 44 35 23 37 60 49 67 59 14 18 27 29 61 92 53 13 56 69 59 64 33 23 44 51 38 49 55 47 75 71 68 68 57 55 51 63 81 80 58 51 49 42 61 63 70 99 96 96 71 29 34 58 78 89 53 42 82 72 24 46 54 15 20 33 21 17 59 97 80 36 44 86 57 53 57 16
96
88 0 26 38 12 40 78 83 88 86 57 36 23 14 27 37 39 17 26 48 43 21 48 59 27 25 57 63 60 46 32 31 43 90 59 58 95 82 53 45 31 31 60 45 34 70 86 88 66 22 9 35 57 34 50 43 14 51 75 42 30 27 36 76 42 10 17 26 37 37 38 42 57 61 42 56 82 72 45 58 78 61 60 42 27 64 94 76 29 49 57 48 56 38 36 15
98
24 25 11 15 18 30 21 25 36 23 46 75 71 56 29 36 46 33 20 47 61 21 20 60 56 46 73 59 21 41 43 26 51 72 50 35 34 44 63 58 39 21 60 88 80 86 88 71 40 32 61 38 13 14 45 62 40 50 35 54 98 99 72 29 40 70 54 60 60 48 71 88 78 55 53 47 68 68 63 46 31 50 46 64 57 60 88 80 50 44 39 48 49 58 93 57 49 40
94
9 0 26 30 22 48 50 40 48 52 28 18 45 71 79 75 63 57 34 34 52 36 49 49 26 36 56 71 85 53 8 48 76 55 55 41 50 54 59 51 36 69 48 42 68 55 61 55 62 88 88 54 38 57 34 36 76 93 73 67 88 89 82 53 34 36 58 70 26 3 29 31 7 41 64 43 57 80 65 51 41 18 7 25 35 33 24 14 32 57 67 35 37 34
98
65 0 42 61 39 46 43 61 69 46 30 10 47 49 38 74 66 74 76 48 52 55 28 8 30 76 49 47 72 56 60 69 60 24 49 51 12 28 24 36 49 57 74 67 61 72 73 42 46 53 47 70 55 30 64 70 46 40 22 49 78 56 43 27 42 47 54 68 40 14 6 21 60 45 25 53 34 24 56 41 8 11 32 38 52 59 31 39 48 54 72 82 70 61 69 55 21 0
96
69 51 11 10 35 39 53 14 91 5 24 26 59 6 30 53 31 1 46 31 45 99 6 52 5 68 94 52 55 17 26 78 89 93 20 97 26 63 64 35 43 96 67 48 79 44 51 38 30 45 75 88 44 30 57 100 71 1 69 65 13 81 92 63 53 84 54 80 14 52 64 99 19 99 88 4 56 66 82 67 31 9 87 71 45 41 61 84 93 88 28 66 36 47 36 72
94
1 48 88 76 74 61 46 42 65 96 63 14 0 37 35 41 90 52 8 31 70 63 46 43 33 21 48 83 46 10 33 67 54 45 67 46 7 29 39 15 33 44 65 64 57 86 81 53 32 29 43 73 79 56 33 58 51 7 15 21 20 58 83 80 51 44 73 56 65 46 35 74 39 39 58 28 22 50 44 26 25 8 47 57 53 44 33 69 80 73 54 22 18 17
92
38 40 43 54 28 24 37 28 45 69 32 23 29 49 49 22 13 12 49 80 39 29 32 31 70 83 76 55 56 76 86 96 60 56 69 30 25 62 90 49 17 53 56 59 55 55 54 14 2 23 28 50 44 0 38 82 61 48 44 55 88 61 52 39 40 43 37 58 45 23 20 55 62 62 73 77 66 60 59 63 84 69 45 29 29 29 18 24 64 70 44 22
98
14 40 58 54 44 40 50 33 19 31 39 67 61 25 27 46 56 64 34 9 41 42 5 23 60 50 29 22 13 12 12 11 39 73 61 49 46 47 32 4 47 79 55 51 51 28 34 54 64 59 43 64 48 41 36 43 75 61 63 75 57 33 43 39 41 49 29 13 12 39 34 7 35 35 31 27 33 45 59 60 14 8 41 47 43 61 75 63 50 32 32 72 72 48 53 64 29 0
98
9 0 26 48 26 48 83 62 52 53 50 27 18 52 65 32 29 53 58 37 40 37 34 65 43 33 53 68 68 47 45 47 48 55 55 46 21 7 24 51 44 22 53 83 86 80 37 47 81 60 27 33 68 49 14 47 56 27 33 35 33 32 47 61 69 73 52 65 52 41 48 47 75 90 94 54 28 24 30 76 69 43 42 40 46 25 10 39 57 65 66 32 51 76 63 78 89 46
96
30 32 42 87 45 16 50 80 76 29 34 77 79 62 45 23 11 29 20 25 57 54 26 47 86 50 42 35 47 92 53 12 52 74 58 71 78 58 55 46 28 15 41 88 50 6 12 12 3 32 39 13 29 38 35 47 66 44 10 26 63 45 16 59 48 22 29 42 66 80 47 37 70 56 62 62 28 20 34 56 57 43 45 53 41 29 18 11 44 75 58 56 44 37 44 10
98
33 51 58 81 56 22 51 81 45 14 13 48 80 65 47 65 72 66 52 25 43 67 81 63 59 43 7 30 31 47 67 72 62 65 60 15 47 75 51 28 28 46 53 73 54 29 31 52 61 64 78 64 59 57 32 4 30 33 33 56 74 56 51 71 41 16 40 67 69 61 27 23 68 63 48 64 54 42 26 17 28 55 45 40 53 35 46 74 73 38 13 35 59 33 46 53 10 1
94
11 60 54 17 16 41 86 61 15 5 40 43 25 54 52 59 89 97 66 65 90 57 57 77 70 60 69 45 8 11 32 38 14 53 89 50 37 33 52 75 70 81 71 42 20 30 34 36 51 30 33 46 24 57 59 33 25 31 63 74 54 57 69 66 46 9 3 2 2 47 57 27 34 34 41 38 43 61 31 31 63 55 61 87 90 44 44 51 16 39 73 64 64 40
96
6 47 47 19 44 76 92 51 37 54 29 29 41 28 39 57 39 27 38 29 18 18 8 43 44 12 34 72 87 53 27 46 60 34 14 16 49 69 32 23 22 53 62 45 80 54 24 63 66 28 34 53 50 55 59 60 60 53 32 19 43 78 80 34 26 38 48 79 74 67 70 67 52 34 22 54 67 68 90 48 17 11 3 10 47 66 47 56 80 61 51 34 23 40 63 46
96
23 70 65 50 38 26 26 18 65 97 62 54 83 54 16 13 44 45 23 25 35 68 69 74 77 76 53 22 52 85 68 47 43 19 13 19 57 55 39 46 31 49 73 67 75 54 28 62 80 62 66 96 85 80 82 38 21 40 48 33 26 62 60 38 30 60 54 31 35 53 93 79 67 44 40 66 81 90 84 91 100 75 33 28 59 54 36 64 50 10 30 66 57 43 39 16
92
46 87 65 37 30 63 50 8 39 81 82 41 24 40 69 83 80 62 45 74 52 22 51 69 40 53 75 29 42 62 59 76 57 66 69 26 7 15 23 20 17 32 26 38 49 51 78 86 88 67 61 80 94 83 52 50 34 26 68 69 30 47 47 40 41 22 64 56 11 17 31 29 31 47 32 17 58 68 31 50 60 37 55 56 62 92 71 65 75 60 59 31
96
40 99 82 50 56 39 99 7 3 35 100 82 5 31 17 93 13 34 88 32 54 76 43 64 53 82 23 94 63 5 40 1 94 80 28 17 48 82 76 75 63 10 24 86 66 79 20 4 56 0 100 63 22 55 33 14 22 95 56 43 17 73 36 10 98 83 36 7 20 31 36 99 61 70 85 23 87 72 10 73 94 39 9 73 89 61 24 11 39 97 93 4 6 59 61 82
96
37 68 44 27 31 47 57 39 16 49 85 66 75 63 29 36 52 71 87 56 23 47 50 62 47 16 32 41 39 62 93 91 69 43 26 19 16 24 23 46 77 45 28 51 61 39 37 36 19 28 20 47 77 46 33 61 79 52 57 62 29 54 94 78 76 67 54 44 30 68 65 37 25 25 25 33 36 55 64 63 55 13 26 65 89 61 18 35 52 42 26 35 69 79 48 6
96
80 0 24 26 8 17 28 49 62 49 52 75 54 34 49 55 71 52 38 49 62 80 62 66 56 54 83 89 79 79 91 51 48 72 30 13 53 44 40 69 65 64 53 21 34 81 91 46 51 60 49 66 53 47 28 33 51 38 42 48 44 44 34 27 59 50 23 53 72 68 34 10 15 37 73 90 67 45 45 51 55 56 43 38 74 68 31 22 11 18 42 55 39 25 62 46
98
35 75 74 41 42 38 38 70 82 73 49 52 43 40 71 72 73 58 37 70 76 45 38 40 32 20 58 56 34 69 67 51 40 55 75 66 60 40 19 16 34 77 63 49 49 41 61 41 27 69 64 58 68 63 56 50 51 23 55 80 70 82 86 58 64 74 56 59 75 60 41 81 78 63 69 66 63 66 53 30 63 56 55 97 59 21 34 67 98 89 57 29 33 77 86 47 34 25
94
8 51 62 47 56 33 11 44 69 48 55 56 21 16 48 48 53 71 30 0 17 16 22 64 72 79 80 70 46 18 58 96 79 73 76 67 80 53 11 35 40 52 47 5 35 77 74 69 83 52 45 65 75 50 17 18 47 77 78 73 76 97 66 50 34 42 78 84 58 55 80 37 16 54 74 58 62 75 78 42 27 76 50 18 29 55 46 9 27 30 42 57 48 24
92
31 46 35 41 23 51 57 50 43 7 43 53 41 39 32 53 77 66 67 88 72 61 59 72 86 63 65 67 64 70 50 35 62 53 28 22 43 72 58 39 16 33 35 20 50 71 37 6 50 85 42 22 49 45 46 61 56 48 25 3 40 55 59 74 69 67 63 81 92 70 48 47 63 54 60 58 23 40 57 37 54 89 45 31 60 36 12 44 45 8 8 7
96
39 45 30 42 58 56 30 50 54 60 80 85 76 43 25 43 42 50 94 74 65 74 47 39 70 91 78 45 38 57 75 58 58 59 59 88 58 46 68 54 26 32 59 62 74 61 23 22 56 64 61 53 68 79 72 62 69 76 49 73 58 29 41 58 56 56 51 44 46 52 58 72 86 78 59 27 21 31 37 57 78 62 47 54 61 56 54 79 71 40 47 39 21 51 46 11
