100
96
23 40 67 67 32 50 67 40 60 55 37 49 52 76 64 62 66 68 84 49 42 74 55 19 16 33 47 70 70 52 54 32 49 91 96 80 46 47 63 40 13 43 62 39 48 61 37 60 80 38 48 89 74 41 44 48 41 39 62 90 91 77 62 39 36 72 53 52 61 22 30 38 20 55 66 55 61 40 54 60 58 48 22 22 29 53 57 57 73 75 75 69 61 49 59 42
96
15 53 81 45 9 32 37 60 55 13 35 41 11 33 78 73 56 52 60 57 55 81 69 69 65 53 47 27 27 20 12 14 58 81 58 27 4 24 42 29 11 32 65 75 39 40 41 12 24 34 66 49 33 32 34 73 66 70 79 60 65 40 48 48 47 56 23 36 58 45 23 47 35 17 45 33 44 86 92 86 84 71 31 33 52 36 19 33 58 29 25 32 6 29 71 40
94
5 43 71 47 61 70 73 74 56 38 27 34 25 57 89 57 24 22 37 58 70 44 42 38 47 80 43 14 47 52 57 59 61 57 54 58 43 78 81 73 81 52 51 69 55 62 46 15 24 57 40 44 44 14 42 56 55 35 22 45 35 27 55 57 54 56 74 93 51 43 85 87 81 46 35 53 28 12 55 98 50 50 96 59 40 43 17 5 51 58 22 42 37 8
96
52 56 39 68 71 49 36 59 82 90 77 68 78 79 72 82 59 42 55 35 43 71 67 35 18 24 38 66 57 42 59 72 52 66 100 56 19 48 38 16 18 50 87 57 58 84 54 27 57 46 35 80 69 53 79 69 71 64 41 44 39 71 89 49 48 71 83 99 79 50 26 55 95 50 18 55 68 74 75 35 47 67 73 79 78 85 90 55 43 81 73 37 23 33 41 25
94
73 82 67 46 64 77 95 44 46 12 4 32 36 2 92 22 72 5 82 3 18 71 70 61 77 78 41 13 79 44 9 64 98 1 45 65 89 8 95 79 14 28 37 36 72 30 56 82 14 73 18 58 73 63 90 28 32 78 42 82 50 0 39 72 74 54 10 28 87 2 57 30 27 15 13 31 88 32 59 2 23 52 80 54 22 49 92 68 62 89 69 28 93 51
94
18 55 75 63 58 37 16 56 73 42 34 63 80 70 27 33 81 48 20 40 50 30 49 61 13 31 74 72 31 41 69 66 64 59 65 72 81 76 56 52 52 28 43 61 53 30 30 52 64 61 38 38 64 67 47 65 40 20 26 41 36 9 54 47 21 40 61 39 2 36 64 75 58 60 63 53 47 48 64 50 47 28 20 49 77 57 40 62 73 79 82 52 26 12
94
8 53 99 88 85 66 26 25 48 81 70 31 62 92 88 55 41 38 29 56 61 67 83 90 92 76 48 36 44 39 38 50 48 50 32 49 65 37 54 71 49 44 45 64 95 69 26 31 55 69 71 44 14 48 83 45 46 89 97 64 67 84 51 66 97 79 45 44 58 48 64 86 45 49 82 53 22 20 58 62 34 54 85 93 94 81 48 51 67 64 65 49 29 13
96
54 0 13 37 24 19 26 28 45 38 42 38 38 73 82 46 36 28 22 29 11 20 61 80 39 18 37 34 33 65 64 24 53 77 76 91 57 22 55 88 54 17 50 60 47 44 18 45 48 51 44 30 35 19 57 75 35 41 41 47 59 27 11 31 58 61 81 84 52 28 58 85 46 52 54 40 64 48 50 42 46 47 43 56 68 50 44 81 59 64 68 52 38 48 49 11
94
47 77 46 43 49 53 50 24 44 59 33 28 20 15 38 33 51 84 78 56 17 1 25 47 31 42 58 57 51 68 67 67 51 20 34 37 31 56 68 27 48 49 22 31 53 67 71 75 33 16 31 18 32 38 29 25 53 94 80 74 89 62 16 39 43 35 44 22 37 70 39 3 21 44 53 75 56 47 65 38 47 78 70 66 52 52 79 59 42 27 49 47 42 40
94
46 29 89 87 93 58 100 49 29 88 32 94 41 29 27 52 77 46 32 82 47 78 65 85 85 32 74 20 45 14 33 17 21 75 59 71 64 22 66 22 47 45 14 50 12 32 38 81 62 48 59 21 83 22 2 9 93 72 0 85 58 87 53 18 8 15 34 69 65 51 39 27 0 58 22 42 73 17 56 77 44 21 26 90 50 32 23 29 7 38 9 84 55 45
92
7 56 85 66 66 44 53 55 44 34 46 70 72 74 64 72 35 17 36 33 45 76 55 30 35 27 19 47 74 81 57 52 43 22 66 92 92 59 31 62 86 74 76 83 57 49 53 66 58 50 80 62 19 49 65 41 30 7 1 13 57 51 53 62 36 43 64 74 53 26 37 48 58 74 76 70 59 64 32 44 72 65 62 53 72 77 50 59 57 45 55 25
98
74 12 22 67 16 14 49 34 24 92 67 63 73 98 75 100 53 8 86 33 44 83 83 11 94 98 61 68 42 33 1 73 73 70 96 16 40 76 18 54 25 12 94 96 59 8 82 82 18 84 17 19 54 51 51 41 87 82 46 69 62 57 16 82 71 57 45 68 61 88 80 33 64 53 91 85 82 30 75 70 45 30 59 58 56 88 74 11 94 5 95 12 11 77 83 77 5 97
96
38 54 52 42 26 48 63 57 48 30 39 50 34 29 58 68 78 78 56 42 48 75 75 64 59 42 20 20 24 34 32 17 44 81 76 41 42 85 72 49 49 47 41 52 55 49 54 53 79 93 56 56 76 82 57 34 44 57 82 97 66 21 25 69 58 51 69 32 32 70 74 67 87 61 22 14 26 73 82 59 81 72 54 77 81 89 70 65 93 84 74 79 90 58 59 53
98
11 44 62 41 71 67 20 26 69 74 75 81 82 70 27 17 62 89 64 52 75 91 81 54 25 37 54 41 23 51 81 88 68 43 73 98 97 89 54 35 72 95 58 43 65 69 53 53 45 24 50 66 39 34 31 44 39 25 52 83 82 56 34 53 98 93 69 45 36 47 51 60 57 58 90 61 41 52 44 32 41 47 17 51 53 51 88 53 44 56 56 80 92 78 79 97 89 45
96
96 71 21 44 76 25 95 70 64 55 62 48 70 35 70 15 86 71 4 76 15 25 18 8 42 95 68 85 22 48 35 51 9 23 6 97 73 90 100 67 56 54 1 60 28 70 7 63 64 80 47 94 85 77 42 68 42 8 66 0 70 50 53 33 80 64 87 25 66 46 63 85 67 54 58 30 15 0 93 45 51 37 27 77 17 15 8 98 10 14 86 40 69 59 70 41
92
71 53 43 73 25 3 25 49 73 7 53 18 67 17 2 5 72 88 57 17 81 31 70 50 83 42 40 55 24 19 15 38 81 59 34 97 38 70 15 2 87 56 56 52 66 70 50 94 60 73 19 24 92 5 63 13 87 14 35 25 4 24 22 17 85 70 70 71 51 46 1 72 97 25 46 96 14 40 53 69 11 49 90 91 65 95 21 78 95 11 79 69
94
27 36 9 35 57 31 15 19 45 45 23 25 36 54 35 5 42 86 83 37 41 53 47 36 23 34 11 39 52 40 37 15 1 22 64 83 72 57 62 50 38 37 26 44 60 45 41 35 17 24 63 65 63 79 54 45 49 27 31 54 61 58 68 47 19 19 2 37 55 43 27 27 53 67 49 37 74 67 49 48 40 29 55 76 30 30 38 34 60 63 68 57 42 18
100
41 0 33 60 63 43 52 94 62 23 48 64 61 47 60 88 54 14 18 63 48 23 21 3 32 44 19 13 22 43 45 27 11 9 27 32 51 55 40 32 43 49 31 39 39 24 19 30 69 76 64 62 62 52 37 37 57 54 38 54 56 67 74 76 42 3 45 44 42 60 28 46 82 70 66 57 49 40 16 37 58 64 43 34 29 26 60 69 44 33 25 5 10 25 27 21 38 48 28 9
94
0 48 46 8 41 78 89 82 59 61 52 24 33 41 31 28 41 68 79 71 67 34 27 49 32 53 66 40 23 40 65 55 55 50 28 11 40 75 79 52 55 77 81 59 28 17 47 56 49 67 52 55 71 77 66 53 29 42 58 36 43 35 10 37 75 71 77 47 10 34 41 17 19 62 42 7 40 50 46 38 40 29 30 43 13 27 40 20 45 74 74 39 14 11
94
47 65 29 32 39 53 78 63 64 81 86 56 25 39 28 20 14 17 42 57 44 55 71 65 66 68 45 39 32 18 34 54 62 61 46 35 52 57 44 53 84 48 17 34 22 47 68 64 90 61 17 4 15 45 73 79 73 49 45 47 48 48 58 76 45 14 4 33 63 37 25 24 24 34 37 46 27 19 31 53 83 60 53 62 66 58 58 47 52 71 23 35 69 35
98
30 67 72 37 53 82 33 36 37 6 27 39 41 62 86 75 60 40 45 50 41 40 52 62 37 18 2 49 77 71 87 91 94 90 84 88 58 22 31 62 49 26 54 66 44 16 44 46 13 18 18 55 65 25 10 31 68 65 46 34 28 21 22 32 18 36 44 23 19 27 70 96 53 38 57 70 82 57 29 18 40 67 50 37 33 24 22 58 95 93 91 80 51 47 73 76 46 12
94
46 62 89 7 4 68 48 21 38 78 64 17 35 62 72 88 63 15 86 40 34 73 58 78 29 4 48 94 55 56 54 25 65 72 55 28 68 59 88 94 69 0 88 89 14 43 3 97 70 62 92 65 32 19 64 76 74 72 59 82 3 0 100 2 31 43 10 49 16 89 87 25 88 69 49 70 59 29 38 73 94 21 99 13 44 89 39 62 59 8 90 37 62 57
94
16 56 77 50 59 46 2 37 51 56 50 47 75 44 12 39 78 94 89 68 45 31 28 38 46 54 51 67 62 23 57 87 71 38 41 49 16 2 46 62 55 58 69 81 42 60 97 84 85 59 43 81 65 25 34 40 56 51 22 18 21 45 63 77 69 32 29 43 36 26 45 74 54 34 24 31 71 89 47 51 76 40 16 24 56 84 74 45 62 65 25 4 11 10
98
36 42 50 56 35 29 46 75 46 48 46 22 30 60 53 30 29 13 25 23 35 74 80 41 29 73 82 76 81 79 59 29 26 36 59 63 56 65 72 67 30 41 75 60 43 41 57 57 35 42 48 66 58 29 47 65 40 33 42 24 57 68 39 59 80 49 49 74 45 32 70 73 40 65 60 37 37 56 83 74 48 38 27 11 38 70 58 24 33 68 91 50 40 61 53 65 77 42
98
17 0 21 47 26 47 92 77 46 14 36 55 19 37 78 81 41 27 45 22 34 71 69 63 47 61 67 43 37 37 73 89 74 82 86 86 79 69 76 41 51 85 54 49 61 69 62 51 31 43 68 63 40 32 58 67 75 46 40 53 62 54 24 36 43 32 16 23 41 57 76 42 43 61 38 52 84 71 68 76 47 43 59 44 33 35 40 60 62 37 29 65 92 62 45 36 17 12
96
16 46 81 0 76 16 72 48 16 46 82 52 9 22 11 95 16 98 68 4 6 36 85 77 36 1 27 63 36 87 48 30 3 48 94 86 78 91 9 30 64 99 32 95 46 7 23 20 49 96 79 41 52 32 3 24 91 25 38 91 5 49 26 51 47 35 38 76 93 62 4 36 27 51 6 4 68 91 88 82 34 5 92 83 60 48 35 41 5 76 77 72 49 0 57 42
96
67 0 5 31 42 59 89 52 36 66 45 47 62 58 66 34 26 48 59 78 66 39 19 46 84 80 43 27 54 58 41 35 28 52 45 32 33 40 77 78 76 62 72 81 44 10 3 43 46 50 60 38 54 45 43 44 22 19 13 42 58 27 36 68 79 71 72 61 61 57 30 46 73 43 37 50 35 17 0 40 73 76 89 47 14 29 21 12 36 70 84 46 20 25 25 17
96
79 0 6 51 63 21 47 59 56 60 29 35 42 34 33 23 24 62 47 16 55 74 38 30 73 89 73 64 69 48 26 32 51 37 28 72 49 47 80 64 37 57 93 88 45 32 35 51 91 51 39 61 64 58 66 76 78 49 40 39 17 60 51 48 47 51 55 17 29 49 70 74 56 42 45 70 59 26 14 28 32 40 34 24 30 11 29 39 15 50 96 87 52 35 34 11
96
10 34 38 21 21 21 15 23 49 57 46 65 45 24 53 81 76 45 35 57 67 43 16 25 44 22 34 44 59 87 64 60 70 47 52 39 46 87 83 53 23 13 0 24 47 69 68 26 20 53 45 46 86 64 47 35 32 52 66 71 43 57 87 88 65 60 81 63 24 40 83 53 29 67 91 45 25 64 64 52 40 58 48 23 36 19 18 39 65 48 19 49 78 76 39 3
96
24 42 62 83 69 34 31 49 64 72 40 16 40 46 55 90 51 28 47 45 37 36 57 36 19 26 50 43 48 73 54 56 42 63 63 61 82 44 55 94 54 33 47 25 27 57 50 37 50 78 79 43 61 52 14 25 37 34 55 58 62 95 86 59 41 22 20 33 40 63 80 51 53 86 44 21 36 39 57 48 63 87 76 54 27 20 29 23 39 53 37 33 45 62 67 38
94
63 0 40 44 21 41 37 26 21 42 49 30 64 95 87 54 16 6 26 51 37 11 50 93 91 94 72 67 53 50 88 90 53 32 21 12 27 42 56 52 48 52 28 13 24 33 29 50 42 49 95 72 56 65 55 34 22 55 66 21 31 49 69 89 75 35 44 90 46 49 54 27 70 54 11 15 52 89 63 24 52 81 81 82 72 83 81 34 37 71 69 45 61 49
94
5 21 47 79 97 79 71 86 48 11 52 46 9 52 51 46 79 78 43 29 44 57 47 58 96 87 43 43 45 47 73 74 51 25 20 45 74 73 46 28 55 47 54 76 82 73 68 50 15 34 78 64 51 55 29 39 76 95 50 35 57 73 77 56 72 56 57 78 71 52 14 15 31 28 38 40 56 80 77 82 71 69 45 29 50 26 33 77 62 57 77 65 43 15
98
48 71 36 56 75 52 48 57 53 57 43 55 76 45 19 41 38 8 25 44 69 49 32 70 85 78 43 8 46 93 53 21 56 66 49 63 66 34 56 89 83 61 25 38 39 39 41 45 62 52 51 54 53 71 48 37 77 56 62 96 90 83 69 40 41 44 64 91 81 72 38 46 51 11 21 29 15 35 43 57 52 24 60 93 98 87 87 85 51 30 47 46 56 68 27 37 67 31
98
21 55 89 94 72 74 87 77 62 45 72 98 64 32 24 24 44 68 76 53 61 52 50 75 60 70 75 53 43 46 33 53 75 60 58 56 64 90 82 70 65 40 35 46 53 65 77 86 98 68 63 53 38 64 40 49 52 50 91 86 60 56 35 46 83 73 48 71 92 80 52 50 56 35 54 42 41 85 66 25 59 72 43 51 72 72 75 93 78 62 82 72 67 68 70 74 67 45
94
19 26 27 21 26 53 77 93 81 38 31 48 24 55 58 26 53 42 53 56 47 53 52 77 51 53 91 98 62 56 76 70 37 49 70 63 56 24 45 77 52 52 47 53 81 60 67 55 60 62 49 64 77 68 53 47 31 19 22 22 48 67 73 97 50 47 60 56 72 32 21 30 16 13 19 41 46 57 65 74 54 29 61 67 53 66 85 57 21 41 69 60 31 5
94
70 91 53 21 48 7 19 48 92 35 5 30 6 74 70 71 56 69 62 41 25 78 43 10 57 26 76 83 16 49 65 73 27 42 48 58 9 68 39 55 64 22 11 65 7 69 7 3 15 47 26 50 84 56 9 9 52 81 29 28 40 97 66 73 59 24 5 89 0 22 84 85 54 19 12 9 71 2 22 41 62 99 88 61 41 11 13 94 37 51 54 31 27 74
94
23 0 35 58 52 67 81 73 51 28 54 84 77 41 24 23 41 42 42 61 54 35 31 46 25 58 88 57 51 78 75 65 82 55 40 73 50 35 32 14 51 73 38 40 51 55 56 55 72 47 46 39 51 92 83 44 25 42 57 35 9 50 62 28 34 39 58 95 62 45 62 59 71 86 75 69 80 55 55 44 48 57 53 42 14 60 71 55 32 35 70 57 65 45
92
14 45 73 49 5 26 28 47 70 57 36 30 29 34 35 11 39 53 65 84 51 37 57 29 23 46 35 55 79 41 51 58 33 25 37 56 61 57 38 35 57 90 91 65 30 39 71 51 31 23 24 37 27 30 64 88 85 67 58 46 23 38 43 24 8 0 42 45 9 39 38 51 91 71 47 21 35 68 81 72 23 42 91 67 49 64 42 41 69 74 71 31
98
66 0 45 76 32 42 68 60 37 5 28 40 52 59 36 45 56 28 50 64 37 44 40 22 25 32 27 47 66 57 47 67 78 42 10 21 18 20 45 55 58 77 69 69 61 16 7 53 83 66 75 64 63 54 50 81 71 63 39 8 14 10 7 55 83 47 52 66 69 52 24 17 5 24 42 41 65 68 31 27 29 26 35 62 88 87 45 12 28 54 43 41 59 39 14 40 61 22
96
14 58 82 48 49 54 52 56 57 66 49 44 52 42 37 59 57 49 63 54 53 84 52 44 68 72 83 44 39 46 36 49 67 90 100 78 74 90 72 31 23 51 81 99 74 40 27 18 18 62 81 55 75 56 10 7 20 41 45 40 49 44 27 20 30 67 51 21 54 68 39 47 83 97 53 53 100 99 69 60 56 38 61 80 62 46 37 27 34 32 28 27 28 59 74 33
98
78 5 92 61 13 64 44 37 14 29 62 74 98 7 84 38 78 12 49 92 0 6 73 47 65 64 51 69 76 67 58 43 58 73 3 9 42 34 45 1 71 95 20 17 60 88 57 1 16 39 73 86 44 59 96 10 18 31 43 58 86 50 82 50 20 57 1 17 80 25 97 9 76 97 12 54 77 67 27 33 49 42 61 95 69 44 17 62 12 70 93 46 13 100 46 0 45 92
96
45 86 74 45 24 36 31 28 40 60 46 46 75 38 44 54 29 30 42 47 23 11 35 38 15 34 49 31 35 51 72 52 57 69 55 56 52 65 80 62 28 13 38 38 44 55 22 22 15 22 55 73 47 11 21 47 60 51 57 80 41 2 34 76 74 58 66 43 15 33 34 29 41 68 65 41 28 43 39 40 74 37 11 51 81 81 44 36 68 43 21 19 11 45 39 0
94
21 56 61 35 38 56 47 27 11 35 77 93 88 89 51 3 10 15 39 49 52 67 28 36 79 41 40 87 45 11 46 60 37 42 71 68 69 50 28 62 49 13 40 43 31 36 16 43 59 21 26 22 30 39 24 42 30 46 84 59 51 45 54 69 50 45 54 48 32 18 19 57 48 19 13 8 40 79 57 38 61 60 65 71 56 69 66 41 22 33 34 35 76 44
98
49 0 41 87 89 75 71 45 16 22 37 64 52 51 68 41 57 88 61 54 53 23 32 72 80 59 66 54 45 45 21 53 89 94 50 38 66 50 62 67 63 37 35 72 66 71 70 42 29 24 29 47 56 52 64 48 14 42 56 53 68 71 54 34 20 15 12 11 41 67 54 21 2 18 67 77 31 22 27 35 65 83 79 79 79 70 62 72 55 52 58 60 64 68 84 62 55 28
96
68 0 15 23 42 70 81 80 50 23 33 50 32 29 38 60 69 65 57 66 52 3 35 77 62 53 50 37 69 69 35 53 54 51 44 10 41 71 44 31 28 24 29 55 52 53 76 71 52 46 33 47 82 68 51 57 39 42 61 67 49 34 40 42 35 37 75 84 55 57 69 34 45 58 64 63 40 32 29 19 14 26 48 61 61 66 55 36 58 75 34 50 84 82 58 12
96
22 34 29 34 21 26 62 70 29 11 37 38 31 39 55 49 24 12 26 37 41 67 67 40 45 45 34 41 35 25 46 78 54 17 42 39 14 15 14 23 14 17 31 26 44 42 9 29 38 15 4 14 39 55 45 39 64 70 53 65 49 28 36 46 44 34 36 18 18 31 62 62 34 20 18 36 28 31 33 49 84 83 39 37 47 43 63 35 17 52 40 18 59 62 44 23
96
9 0 2 41 61 44 23 19 39 32 23 50 41 15 24 36 57 58 68 47 38 42 28 55 83 67 53 49 36 35 39 67 91 50 32 71 58 61 76 75 49 25 48 56 50 47 50 46 41 47 27 24 25 8 35 31 10 30 40 64 85 54 22 12 22 65 53 6 7 37 76 90 55 13 50 58 45 49 39 60 37 18 60 63 54 74 61 24 9 29 53 73 42 44 52 8
98
66 0 35 38 49 55 49 60 48 74 73 56 72 59 55 49 35 39 52 42 46 91 64 32 41 50 68 55 51 69 70 53 34 30 11 6 44 79 41 3 15 18 25 26 21 63 74 42 61 77 60 33 28 70 62 63 70 66 72 57 76 85 44 11 22 45 60 63 58 39 24 25 49 73 55 64 53 10 8 25 49 48 43 71 81 73 65 61 78 75 41 47 67 52 33 46 37 1
92
41 52 47 78 68 61 56 50 44 50 44 32 51 75 50 39 62 52 36 23 59 53 49 58 26 14 42 82 69 53 28 7 16 13 35 78 73 29 21 34 45 49 24 7 3 1 16 55 45 32 52 56 73 76 53 53 68 59 70 84 58 24 41 49 48 64 42 59 70 51 53 32 11 46 43 4 16 60 68 69 72 44 61 66 58 39 6 38 62 66 67 26
98
8 32 49 65 83 50 44 86 80 42 38 68 54 58 83 51 50 55 51 71 50 36 36 28 22 27 36 29 21 16 35 46 52 47 63 61 27 62 86 69 41 32 36 15 11 36 68 61 23 25 51 49 47 72 71 39 54 86 89 74 78 53 7 48 68 27 9 7 37 73 42 37 37 15 48 52 29 21 34 75 74 28 16 37 39 29 59 80 86 69 42 40 20 50 51 8 5 3
98
6 9 32 77 66 28 23 28 35 68 95 78 58 40 19 13 38 67 38 17 45 58 65 72 38 11 41 42 36 68 46 6 44 65 48 35 30 66 47 37 42 23 39 26 20 31 40 49 62 83 44 2 28 45 18 13 52 46 30 59 78 73 65 64 31 24 52 73 88 64 49 53 46 23 13 28 59 47 30 70 43 30 60 60 57 35 53 78 74 46 10 39 57 50 62 69 57 21
96
43 99 47 57 85 94 28 71 80 88 10 45 87 26 4 55 84 51 71 51 25 7 16 74 8 93 8 44 75 24 79 63 72 59 30 98 95 51 57 75 49 50 21 71 100 52 14 18 15 33 28 20 54 21 82 16 11 94 47 80 75 10 91 93 30 66 71 50 34 42 70 74 4 84 17 63 71 58 0 82 14 17 89 6 75 100 27 91 89 24 41 12 52 37 56 77
96
40 85 18 11 70 95 46 35 13 80 49 86 17 82 23 15 84 91 40 84 96 1 0 43 5 46 15 21 55 100 46 68 74 86 90 46 27 42 53 60 10 51 66 3 76 91 43 99 72 43 58 9 4 92 34 24 16 99 3 24 56 8 51 47 74 78 8 17 61 92 87 75 78 29 27 27 33 47 47 87 49 82 18 34 77 47 95 66 7 67 2 62 36 53 57 12
94
36 99 30 11 8 94 52 0 14 55 47 70 96 74 50 3 23 57 10 36 87 75 52 32 38 10 92 25 33 65 87 82 70 64 55 8 21 56 75 72 47 36 52 12 94 20 63 66 37 38 37 75 24 75 53 53 77 13 10 50 75 5 30 96 10 4 1 7 67 72 30 47 76 23 77 78 61 3 2 65 45 53 19 58 94 62 47 87 59 29 58 33 64 60
94
19 0 13 20 12 34 34 38 58 26 12 36 67 88 61 46 52 41 57 44 14 16 48 72 40 41 82 92 50 8 3 20 31 13 28 57 41 21 55 77 65 61 57 32 23 40 45 67 53 13 36 65 35 29 45 69 96 48 19 20 42 89 62 37 26 32 35 29 46 27 43 76 48 28 60 72 43 44 51 67 96 52 9 51 47 18 27 30 49 47 44 74 55 8
96
30 6 94 53 21 72 63 0 14 40 28 1 39 34 83 50 54 91 1 92 62 63 34 73 90 64 40 99 100 29 68 61 73 0 43 47 49 70 43 2 94 2 66 94 57 95 24 64 25 14 56 29 91 67 91 84 84 67 30 58 5 0 1 32 11 43 99 26 73 80 93 58 8 40 54 92 39 51 11 16 62 52 64 90 33 90 54 39 48 67 63 18 97 7 50 68
96
34 47 53 89 52 43 77 76 60 44 47 29 35 56 33 22 34 45 26 32 52 27 41 76 87 82 67 63 54 70 60 43 69 39 39 56 67 96 68 69 91 82 51 15 5 17 48 63 34 27 51 73 78 80 60 12 15 45 38 40 43 41 68 65 63 83 90 87 54 59 75 68 74 60 43 22 16 52 54 37 36 40 62 53 55 46 43 59 66 82 46 46 85 80 41 2
98
49 72 69 85 51 19 61 59 12 46 69 68 69 53 51 30 43 47 19 33 32 23 33 40 39 55 49 25 41 61 59 74 97 59 42 54 46 53 42 58 91 57 17 32 32 54 80 37 46 82 49 48 45 23 41 45 69 57 56 84 82 79 39 40 57 63 60 44 44 31 22 24 61 81 83 89 58 60 60 56 62 30 53 98 61 35 37 60 70 39 34 31 61 91 50 42 52 19
98
83 0 31 32 34 53 52 79 73 61 55 64 69 39 35 61 79 67 28 8 29 51 40 43 69 71 49 27 14 3 50 60 36 39 28 21 55 87 58 49 53 36 17 45 71 37 52 83 65 75 67 65 57 27 57 56 21 37 58 49 40 28 35 69 59 22 50 90 88 76 85 69 41 46 52 41 35 41 37 56 46 41 37 51 67 52 37 34 45 33 57 63 49 72 57 10 6 6
96
43 68 63 71 57 52 61 50 50 63 71 69 37 39 56 48 40 24 23 63 76 38 41 57 35 17 8 2 37 37 36 61 60 68 63 63 69 64 51 40 28 60 77 46 43 28 28 31 16 14 7 14 34 54 37 44 65 73 56 32 67 65 57 43 54 78 51 55 78 55 12 20 42 32 13 47 85 46 44 62 63 64 39 31 55 45 18 41 56 44 20 24 22 34 66 34
98
31 0 34 68 73 87 59 27 53 60 40 32 62 52 14 44 81 95 83 48 61 80 78 84 66 70 51 47 40 49 55 46 44 25 51 80 95 87 76 79 49 53 61 41 37 56 72 46 53 54 44 28 49 85 85 66 48 49 57 69 59 30 18 50 50 25 14 38 76 70 54 53 56 51 44 41 31 54 82 77 65 69 50 27 61 41 22 46 30 44 68 60 78 70 42 19 40 39
94
64 0 46 49 50 84 69 74 66 66 53 41 56 60 66 69 82 84 55 20 4 13 31 44 71 83 75 74 83 46 1 14 43 59 52 23 19 38 19 37 81 48 39 41 25 68 92 54 38 41 15 41 77 51 35 39 20 27 72 52 13 39 74 88 62 21 25 59 69 64 48 26 32 49 55 37 33 65 90 80 50 60 52 46 75 43 48 55 48 57 35 41 57 31
92
36 82 51 16 11 31 62 53 54 63 56 25 14 47 63 66 42 33 54 33 33 71 89 50 40 57 40 21 17 23 19 25 60 56 11 2 20 37 29 55 47 40 81 90 65 21 7 17 23 53 55 17 40 81 54 51 48 13 52 49 13 13 51 94 56 52 77 40 11 5 6 35 42 42 76 61 15 45 84 71 44 44 68 51 35 69 78 35 31 33 13 5
96
24 63 69 41 44 70 44 33 32 29 36 27 21 54 69 46 50 39 14 14 34 64 44 4 33 47 33 37 63 65 58 76 85 73 76 94 77 59 30 37 42 11 21 30 36 52 39 53 53 39 50 28 50 78 73 86 69 33 42 53 27 6 51 94 69 26 34 48 21 9 33 71 75 78 93 68 40 60 40 44 54 57 87 59 37 31 60 47 29 77 53 19 48 69 65 29
98
57 0 9 21 17 21 38 50 67 70 40 49 84 77 65 81 83 81 87 57 20 38 48 19 20 41 44 43 54 40 13 30 33 34 76 61 52 45 40 45 42 35 54 85 70 58 68 68 55 59 39 58 90 43 39 75 42 42 37 4 10 50 86 84 79 39 40 71 39 23 40 30 45 64 39 59 47 7 13 54 76 43 37 40 38 69 76 46 67 78 40 47 38 5 20 25 46 38
94
31 74 94 89 51 53 50 54 50 24 22 6 31 66 46 54 77 45 21 19 33 30 44 45 53 82 70 54 26 44 64 65 53 45 75 73 38 34 78 98 70 44 47 51 43 29 38 57 58 49 51 33 19 45 64 63 67 45 26 38 58 56 36 61 57 21 39 34 9 23 49 74 81 78 64 55 57 58 39 55 67 34 51 67 62 74 69 57 74 48 20 22 14 11
94
10 19 59 83 69 40 16 33 40 33 40 39 61 97 61 45 77 55 37 40 30 30 34 68 76 75 59 21 40 66 66 40 30 27 34 70 82 53 68 74 55 57 48 73 98 93 54 27 50 40 60 77 63 67 68 71 37 14 26 31 48 64 37 43 64 62 85 76 33 12 44 54 57 52 12 36 51 44 59 52 67 85 74 48 57 78 68 56 30 57 75 75 78 35
98
10 42 72 47 11 29 71 75 42 36 68 57 40 49 35 37 59 69 44 56 62 34 29 43 54 65 82 62 71 81 49 48 66 66 39 15 38 58 52 72 70 53 73 51 18 55 50 44 80 65 30 6 37 82 68 41 60 49 29 46 37 26 34 31 35 39 42 67 66 76 95 89 85 64 23 31 52 57 38 46 81 44 7 40 65 36 58 48 48 70 71 51 18 20 5 20 43 24
94
58 56 26 64 25 100 60 0 98 91 3 49 16 16 40 0 91 78 96 77 21 19 21 63 50 67 61 86 87 62 19 26 76 23 38 11 14 29 13 91 6 81 55 72 79 94 63 64 98 62 49 57 9 86 31 55 35 66 2 35 42 40 30 56 92 7 8 52 55 40 14 1 75 53 43 94 83 69 71 91 25 71 63 62 49 20 6 50 97 65 55 72 13 64
96
89 0 49 51 28 58 54 49 39 43 66 56 66 81 62 70 90 64 62 65 22 39 71 38 46 84 55 25 34 62 87 47 7 52 88 53 28 20 22 34 60 79 39 17 20 33 45 69 84 82 53 37 64 79 54 45 71 60 39 20 30 70 47 43 80 53 57 78 77 46 27 62 75 47 27 51 85 63 49 47 27 31 20 46 57 48 62 61 48 64 81 67 71 74 44 6
96
19 46 41 59 87 50 35 51 53 69 57 50 64 62 35 37 73 63 38 48 69 42 33 59 55 47 30 40 54 34 47 57 26 19 37 69 99 54 36 47 23 39 37 19 39 47 65 75 55 58 78 91 98 96 86 68 64 76 63 28 55 84 39 30 54 79 51 29 77 98 71 66 64 35 42 47 22 3 12 19 16 30 41 55 67 32 24 61 84 53 50 78 81 55 40 32
96
43 79 61 52 44 24 43 84 74 51 61 39 23 69 53 52 51 14 51 78 49 44 46 43 54 27 38 82 75 43 48 35 10 44 59 35 24 44 33 16 55 45 25 34 21 31 54 37 10 36 36 52 53 37 51 63 52 55 73 46 31 24 31 31 11 0 26 23 13 40 72 60 12 25 57 46 47 53 20 7 38 43 54 81 87 46 35 76 40 4 20 62 79 61 43 13
92
12 49 44 15 41 35 13 37 36 46 47 27 55 74 70 65 52 26 24 32 22 40 29 4 12 46 38 14 31 24 6 20 33 24 16 14 24 22 13 14 53 59 46 39 38 59 28 0 48 78 36 25 36 18 33 36 42 74 50 13 2 21 46 33 54 73 43 41 58 40 32 39 18 28 30 16 17 37 73 68 53 60 35 21 26 48 44 36 64 68 39 4
96
34 58 46 22 47 54 28 66 97 59 40 47 22 47 76 56 60 81 73 56 68 48 23 39 71 69 70 98 94 86 69 34 15 32 55 52 27 49 92 89 76 89 81 76 99 99 90 60 44 50 63 88 72 49 74 85 65 76 96 100 86 70 54 65 91 64 52 85 84 75 79 56 72 87 87 93 74 37 29 58 38 13 56 72 71 64 48 73 56 44 38 27 49 74 82 42
92
6 8 45 77 65 43 55 82 46 33 39 58 83 67 71 58 61 92 64 58 63 44 53 73 55 48 44 57 82 61 42 28 25 52 56 37 56 38 34 32 0 45 66 28 6 33 58 34 43 70 38 12 56 90 47 24 39 21 50 54 17 14 32 33 39 61 67 41 14 18 49 50 12 38 44 46 53 45 51 45 56 36 43 65 68 93 49 33 35 4 3 1
92
36 84 86 63 50 61 66 69 70 80 92 68 38 51 94 93 89 69 28 31 32 48 81 80 53 22 58 98 74 59 73 87 81 82 62 29 35 60 47 24 26 33 38 38 69 80 46 56 86 79 78 65 35 26 49 54 58 61 49 55 65 56 50 65 55 68 79 46 39 61 75 41 51 95 96 93 55 14 17 42 41 59 95 56 19 38 43 26 41 81 91 45
98
38 86 58 25 41 42 59 54 49 39 31 52 60 55 37 63 45 27 61 83 88 45 25 38 48 32 16 48 77 92 93 49 11 10 48 66 52 74 91 64 35 62 82 69 71 56 26 54 75 39 40 81 97 67 66 82 52 59 72 54 68 70 73 89 49 9 46 61 64 82 76 59 36 55 39 18 34 65 56 43 65 54 48 66 59 51 76 91 66 65 96 93 45 21 63 47 21 18
94
11 0 46 74 51 55 55 42 32 49 48 41 48 27 17 50 88 75 30 11 36 55 48 30 31 53 36 24 57 75 44 38 67 84 75 30 45 81 45 35 36 18 48 47 29 24 13 50 75 33 29 33 14 49 65 71 64 41 29 17 53 66 52 32 5 44 87 91 58 47 44 27 33 23 27 60 46 44 76 41 46 54 40 45 57 53 24 30 43 52 77 52 31 27
96
55 0 17 43 51 40 38 60 50 29 16 32 69 58 25 17 22 13 12 50 72 36 15 18 45 75 81 68 41 17 40 70 73 50 43 34 40 78 66 41 47 49 41 74 51 17 44 62 81 78 51 29 34 40 43 41 59 65 17 10 38 64 62 41 33 61 64 31 19 23 56 60 33 18 46 46 47 51 25 35 64 72 62 80 83 66 65 49 40 46 63 70 40 44 49 22
98
20 69 75 33 8 32 52 37 62 90 81 48 33 59 69 79 86 74 58 34 53 63 27 52 68 27 16 42 66 49 42 47 53 82 52 43 69 64 59 42 38 58 75 71 47 63 52 47 52 22 54 50 52 51 14 25 62 44 14 57 70 53 76 94 85 47 54 87 45 44 52 15 31 35 13 11 5 40 70 56 46 33 30 31 23 50 56 46 40 19 41 49 66 70 63 43 8 6
100
97 0 35 35 29 67 87 69 62 87 84 69 67 72 46 56 93 64 48 37 45 88 85 49 22 12 36 81 49 34 73 86 54 40 69 60 65 66 36 33 23 28 46 44 28 25 48 72 68 28 43 46 37 77 68 36 58 90 49 18 56 46 7 19 37 62 61 23 8 42 63 70 63 42 40 42 52 45 56 45 41 72 43 50 83 66 48 66 83 61 40 31 31 38 44 68 61 27 22 8
94
34 55 25 10 31 60 62 38 43 49 9 9 40 31 1 32 51 16 7 13 12 24 57 48 31 35 32 31 31 57 80 54 26 11 25 33 31 71 62 56 46 44 43 37 39 32 60 64 44 38 47 67 50 45 53 21 7 19 46 46 38 36 26 18 6 44 43 8 7 40 76 46 47 70 49 53 84 44 28 39 10 36 56 22 15 34 40 25 48 55 36 43 29 4
98
58 0 13 34 32 38 73 59 24 47 78 70 69 44 15 29 44 44 24 46 72 40 23 51 43 39 71 68 64 56 61 76 58 62 66 68 64 68 77 54 67 52 49 74 80 52 46 53 43 46 30 65 68 20 31 78 52 20 50 35 33 34 49 70 26 29 31 41 60 40 44 57 30 42 73 53 24 16 14 33 32 8 8 39 50 57 85 59 51 79 88 60 32 54 80 79 83 42
94
86 45 42 43 52 99 72 67 51 43 62 63 13 7 0 99 33 45 8 6 15 20 100 6 28 56 42 21 21 13 38 34 100 28 49 38 12 59 8 41 35 89 66 92 48 37 56 29 37 14 94 99 54 31 50 47 59 28 92 2 100 61 6 95 47 80 45 75 24 37 76 64 17 33 79 62 72 75 44 61 95 24 18 84 13 51 57 5 99 80 37 51 87 9
96
13 59 69 66 48 34 32 5 11 54 75 35 40 56 49 70 73 40 45 60 23 19 64 74 30 26 66 89 51 20 38 67 60 13 36 53 53 74 76 74 48 57 44 45 70 60 42 20 26 53 41 14 30 38 28 55 68 33 41 39 22 51 74 64 49 58 40 10 30 60 76 76 63 51 43 16 20 25 7 2 34 73 88 87 43 33 44 41 37 44 36 19 43 47 38 18
94
13 40 35 29 55 46 37 35 63 72 42 33 63 80 34 12 33 71 67 29 38 64 51 33 27 53 90 67 43 49 41 40 62 76 43 52 72 58 77 81 73 66 73 57 27 57 54 13 18 32 21 46 83 93 56 45 71 70 59 30 34 49 48 57 68 63 36 37 62 70 48 55 81 45 41 52 26 37 85 79 50 50 56 47 48 36 35 79 59 21 41 59 76 50
94
0 41 59 39 55 78 57 19 28 61 58 62 76 59 58 37 23 52 74 69 28 38 69 74 85 61 22 50 87 39 33 34 49 79 54 34 30 66 84 57 68 91 57 26 56 52 32 31 40 66 32 34 39 16 56 50 10 33 72 44 1 36 75 72 46 39 54 34 36 31 35 57 66 80 39 8 39 66 40 45 49 22 24 31 20 44 77 57 47 59 38 21 19 2
96
55 91 7 95 82 96 93 0 96 33 74 87 62 57 85 48 89 71 100 71 9 49 97 79 30 64 18 9 20 95 90 10 85 77 57 83 65 12 91 55 95 11 45 5 26 21 59 88 57 93 97 37 61 93 38 76 43 26 78 67 19 65 66 34 82 23 12 24 7 98 35 58 36 37 38 58 69 50 7 34 32 60 25 88 79 14 64 91 38 49 31 90 39 5 76 66
92
4 20 25 11 9 28 29 57 55 44 64 38 33 24 36 55 62 42 31 48 21 41 68 78 98 96 92 77 59 37 11 28 53 66 54 53 66 70 75 73 43 12 46 50 56 91 56 46 50 49 56 49 57 42 30 48 49 28 41 64 73 73 36 9 57 93 68 37 60 95 73 41 55 72 77 52 48 44 50 81 50 50 52 19 41 42 22 62 44 10 49 39
98
8 11 45 49 37 63 49 58 48 31 31 23 59 43 10 26 64 61 46 38 37 75 45 32 57 66 66 60 45 60 70 29 48 84 79 64 74 49 32 38 60 67 48 64 47 42 46 33 63 78 74 92 98 71 37 63 76 39 31 32 16 45 68 60 35 34 48 53 61 54 44 36 28 20 40 52 62 82 84 53 17 14 15 5 13 23 29 32 16 31 61 73 54 35 24 7 32 27
96
46 0 49 55 25 54 49 47 59 56 49 68 77 28 40 62 45 31 48 75 48 43 49 48 54 32 20 55 57 40 47 58 74 39 45 89 69 26 2 14 40 45 29 34 64 84 74 47 29 38 31 11 47 44 49 88 44 45 70 47 54 59 67 53 13 30 67 55 34 57 44 49 69 28 39 69 67 43 26 59 67 46 21 25 26 24 69 64 66 72 48 42 38 29 48 39
98
0 24 49 45 46 35 46 60 45 34 26 49 80 84 47 33 28 20 20 49 47 44 73 56 36 15 13 42 36 32 34 5 26 59 51 30 48 74 48 34 63 69 77 85 46 40 56 43 21 7 6 28 27 13 29 29 54 43 10 36 42 28 21 21 40 57 38 7 31 49 34 37 23 48 87 74 57 42 59 40 34 66 52 52 32 24 63 66 46 20 36 37 38 79 57 28 23 9
96
46 60 29 31 47 74 48 7 42 52 35 53 57 34 41 65 39 47 74 57 43 21 5 9 20 57 85 59 21 42 76 84 83 79 52 61 82 47 26 50 87 56 46 87 84 83 91 52 42 78 63 38 45 40 20 55 93 47 7 22 34 53 45 9 15 28 14 12 42 38 31 30 42 61 68 84 44 16 63 94 46 34 58 30 22 63 58 43 60 64 69 36 22 48 64 36
98
83 38 34 37 5 2 61 18 63 21 77 95 93 85 23 11 95 48 94 97 14 23 7 37 48 94 24 91 71 79 7 63 99 60 66 28 4 51 44 99 7 6 3 21 56 64 92 88 12 69 16 62 6 55 89 97 97 65 27 85 13 96 11 68 67 27 4 18 60 100 33 26 44 46 59 96 52 95 70 99 97 48 47 29 89 21 13 49 0 31 94 4 29 44 11 76 46 85
94
1 49 70 56 53 52 72 55 19 5 19 43 73 58 60 51 50 49 14 18 51 88 71 53 70 86 61 32 29 65 49 48 93 54 19 38 26 49 56 40 36 52 62 61 54 9 22 38 65 75 52 66 87 53 33 69 64 56 74 68 77 69 61 74 85 57 35 72 49 16 56 77 74 72 52 44 46 23 30 56 65 85 92 67 66 81 39 40 79 59 18 17 51 35
94
34 44 33 62 56 44 42 48 59 34 28 69 62 26 52 83 56 17 19 16 44 58 46 40 14 16 55 68 74 72 34 44 67 72 71 47 61 91 85 84 81 82 62 67 58 24 58 50 35 57 72 46 21 50 40 39 50 57 62 31 42 43 36 61 46 40 51 36 26 32 27 34 48 59 66 37 43 61 55 70 57 18 17 26 28 58 65 72 92 69 64 70 49 19
96
8 32 27 42 80 82 78 71 70 49 48 69 50 20 55 70 49 43 32 63 63 23 13 58 79 69 81 81 48 22 36 66 56 31 45 61 49 21 17 19 33 62 75 65 74 48 40 62 63 43 28 26 11 17 14 33 69 81 82 64 41 60 63 67 53 58 64 28 57 62 21 18 65 85 36 47 67 47 48 23 45 45 25 58 63 63 57 65 73 33 46 74 67 41 38 35
96
43 50 47 84 67 39 62 69 26 60 87 86 91 4 18 87 25 76 34 89 37 67 65 72 91 27 86 73 3 36 23 6 27 46 30 69 18 79 41 34 12 79 62 27 47 31 18 44 66 73 98 89 41 25 83 73 71 45 62 82 33 62 96 91 75 99 39 36 10 18 36 45 99 12 94 28 78 12 6 89 91 76 26 68 45 24 56 25 80 47 74 0 34 76 95 38
96
48 61 30 47 73 56 34 62 73 40 26 56 38 46 65 19 26 55 34 26 56 38 35 33 45 70 71 75 65 73 66 41 34 48 35 8 12 35 63 50 41 73 47 30 61 65 64 82 85 43 53 60 53 50 38 54 30 19 32 58 59 21 5 51 54 51 78 38 26 45 57 50 21 24 25 27 55 49 34 40 32 55 87 75 49 39 62 52 31 42 43 28 32 37 55 41
98
45 93 80 37 29 71 79 70 71 76 50 34 26 32 62 38 28 30 32 58 76 63 67 49 13 8 32 39 56 57 36 30 4 2 32 78 69 23 31 48 43 71 77 38 26 54 40 42 47 48 83 67 63 43 34 55 36 59 80 78 91 82 72 71 38 42 59 60 68 47 22 29 26 35 55 63 45 18 40 39 20 12 24 43 69 47 46 50 19 50 54 37 44 55 38 17 17 6
