100
98
23 43 24 40 38 25 49 75 50 30 66 64 62 76 67 29 38 67 52 29 19 54 46 10 35 46 57 43 29 50 55 43 51 51 53 50 33 57 59 65 47 34 33 32 40 23 48 52 25 39 44 30 23 16 32 67 56 62 60 32 42 46 66 46 40 61 29 41 39 26 35 13 46 50 42 52 56 41 1 44 43 9 10 31 70 59 53 73 69 42 14 15 28 18 23 25 15 9
92
21 65 60 22 38 76 56 28 59 43 40 45 33 28 26 72 51 9 34 66 85 63 17 27 65 86 77 42 56 67 69 74 26 4 22 30 19 43 79 79 47 49 69 31 10 27 32 32 28 26 35 39 53 70 52 40 36 30 65 79 42 17 11 9 47 54 22 42 77 83 51 13 17 38 49 53 65 76 48 12 12 48 54 25 15 21 61 77 33 51 90 43
96
16 58 68 53 29 23 62 75 72 56 23 27 38 60 60 19 37 75 53 55 66 48 34 23 33 66 62 15 7 14 44 79 84 54 13 1 39 73 76 80 79 54 62 92 87 71 59 75 58 24 59 76 62 65 38 40 76 71 53 38 28 52 37 25 54 79 67 50 81 75 75 70 26 12 10 19 38 27 26 36 38 73 78 42 25 27 47 68 65 42 57 51 50 81 82 44
96
13 0 18 21 25 61 76 69 72 61 67 78 37 28 32 21 59 47 0 28 52 71 93 79 75 43 40 71 78 79 71 59 68 85 45 37 30 30 77 81 66 58 62 73 49 28 52 78 76 43 32 45 53 80 49 20 34 16 26 53 40 58 76 42 43 36 34 32 16 30 38 55 77 68 67 83 52 20 50 53 27 25 55 89 55 45 62 62 59 35 45 57 65 76 83 49
96
36 67 69 38 40 86 88 84 49 37 78 64 22 45 65 32 26 41 34 28 30 45 81 69 50 45 29 55 89 96 55 50 66 52 54 30 50 96 69 55 78 83 46 18 59 76 55 38 24 44 83 93 92 63 41 74 56 14 41 38 33 59 74 79 83 73 44 68 78 55 39 60 76 62 71 67 62 60 35 43 61 31 35 54 41 41 46 65 65 38 59 81 73 86 97 49
92
26 26 39 88 96 95 57 33 76 61 59 54 27 55 46 54 63 55 63 79 96 88 61 60 62 66 57 14 28 47 67 84 48 51 43 23 53 51 52 46 41 35 16 47 61 26 41 53 60 77 47 38 55 79 97 85 47 62 75 51 35 34 59 71 63 30 30 71 61 19 33 42 43 58 57 48 51 84 81 53 39 21 11 30 58 54 68 63 37 67 51 8
96
27 34 30 60 42 28 72 95 63 51 40 7 15 53 63 55 81 69 47 28 25 69 96 86 82 49 55 93 55 29 61 52 11 9 38 71 66 73 47 5 13 47 79 67 54 35 32 60 79 91 54 40 49 60 57 51 63 50 48 71 98 72 31 33 44 27 39 75 87 58 22 16 53 51 12 32 61 44 38 81 58 32 74 100 71 45 70 65 43 31 48 84 62 53 60 28
94
10 48 84 52 35 47 22 42 70 61 58 62 59 52 69 50 37 62 37 37 66 53 43 60 54 20 37 40 11 40 71 40 30 40 20 26 65 61 33 61 81 65 33 29 72 51 7 39 58 63 89 64 17 5 24 48 75 73 59 69 73 83 76 52 59 87 58 43 58 49 72 81 72 86 76 40 20 24 27 28 33 32 20 35 39 19 19 12 5 12 44 72 84 46
98
35 50 58 58 46 55 44 50 61 55 34 21 22 32 51 30 24 67 75 78 76 61 74 56 43 48 70 60 21 60 71 46 70 50 45 80 89 55 17 40 39 23 64 90 79 80 83 84 80 86 72 63 68 71 73 41 21 23 26 30 46 52 69 81 40 39 57 36 50 56 30 37 31 22 63 57 57 91 96 86 68 83 72 39 39 44 66 54 17 13 41 49 40 59 64 75 94 55
98
22 65 83 70 62 74 86 78 56 55 60 45 57 52 31 40 54 52 34 43 55 35 29 49 75 82 83 89 90 58 37 53 56 64 65 60 40 50 43 28 56 33 27 51 34 13 18 29 46 68 49 28 65 92 90 90 92 72 30 21 56 78 50 35 67 48 41 58 34 59 63 28 42 68 59 61 42 28 38 31 20 49 86 90 58 20 29 33 24 20 51 89 83 83 98 62 62 49
96
10 55 60 37 57 39 55 78 75 48 7 21 50 84 72 37 41 35 32 33 29 38 68 83 67 82 90 82 91 56 43 72 80 71 29 48 84 74 70 75 77 76 76 56 67 53 40 58 58 80 66 38 59 79 56 42 71 76 76 67 32 47 78 56 26 41 66 84 68 44 45 36 29 39 33 24 23 55 88 74 66 86 56 34 65 80 77 83 78 38 54 70 53 62 47 14
98
16 34 37 61 87 70 55 59 71 73 59 50 47 70 59 23 17 29 53 65 75 86 55 23 50 80 81 66 71 81 52 30 25 55 76 70 89 61 25 56 77 70 56 33 64 76 76 94 76 58 36 19 64 67 30 45 37 24 57 88 89 76 71 88 60 33 69 50 55 75 32 34 38 31 48 47 59 60 49 40 56 62 37 65 96 73 34 34 32 28 47 38 49 90 86 53 70 57
98
10 24 61 53 7 36 70 56 35 50 81 46 13 50 45 48 88 59 47 52 57 53 48 35 46 46 0 44 92 78 49 27 39 44 37 46 67 71 34 36 56 55 51 44 46 59 57 38 28 60 74 58 30 21 40 56 50 46 51 19 11 29 22 36 44 59 97 91 47 53 73 66 65 71 73 44 50 52 58 57 63 47 42 86 58 18 38 62 35 34 40 51 61 23 41 63 43 18
92
5 25 32 61 93 88 73 68 55 28 18 9 35 41 33 72 81 50 49 39 38 49 63 92 50 15 34 40 59 43 26 54 66 61 61 83 48 38 75 43 45 72 69 74 55 39 36 28 32 59 70 31 11 15 8 30 40 17 10 51 78 65 43 29 57 58 51 64 59 50 41 33 44 69 38 14 16 7 49 53 46 38 9 18 54 45 32 68 58 21 45 43
92
53 89 41 32 73 89 90 62 43 46 53 56 26 30 64 41 53 69 53 48 52 74 80 46 13 44 42 25 39 35 31 67 92 91 58 40 42 36 35 34 61 52 25 31 38 24 24 29 59 81 62 46 58 85 77 54 32 39 78 100 56 16 34 75 57 57 97 58 57 58 16 51 96 92 48 6 39 43 38 46 45 45 31 28 24 17 39 49 48 51 20 5
96
32 46 49 81 91 53 34 48 40 66 88 74 67 68 81 52 45 47 13 47 51 19 49 41 49 53 47 74 47 31 25 17 18 24 25 30 41 26 50 72 37 20 57 89 70 55 27 28 72 91 73 37 15 48 89 82 41 13 32 61 58 23 45 73 65 78 64 36 57 46 24 32 59 49 17 14 3 48 73 50 22 1 24 39 43 37 21 14 9 44 71 50 53 49 47 34
96
64 94 51 2 42 51 12 43 4 98 14 24 23 12 29 19 26 23 81 2 51 37 59 51 93 73 29 26 81 13 91 100 77 60 49 18 32 79 55 90 49 86 3 75 74 24 47 93 37 58 22 92 95 25 17 7 89 1 69 65 14 24 50 81 6 69 34 66 24 26 45 24 74 68 85 44 86 36 73 20 62 28 71 21 54 94 21 30 1 35 44 17 73 63 22 25
100
3 0 1 19 23 15 18 28 66 53 13 20 59 52 7 17 39 42 66 77 37 48 56 49 51 33 35 29 53 45 42 68 34 36 53 63 43 39 56 66 51 10 54 61 34 66 71 39 38 28 10 45 59 49 36 41 79 87 63 25 4 15 31 39 57 45 27 30 39 68 88 74 40 53 59 60 61 40 27 11 9 20 21 29 73 72 40 18 35 51 56 42 28 53 76 56 47 55 44 28
96
39 74 69 81 69 52 37 11 31 43 35 61 96 89 87 80 77 74 33 14 22 38 60 43 43 48 24 29 65 61 62 83 47 58 61 66 97 94 59 38 38 25 42 47 52 53 43 70 96 52 27 29 54 98 56 50 85 62 44 58 61 38 18 42 69 48 52 69 43 30 51 61 74 70 56 83 83 42 51 85 50 30 26 27 41 42 48 29 12 13 18 39 75 63 43 29
92
43 56 51 76 45 14 15 15 46 82 81 40 37 65 38 26 28 31 39 60 81 41 24 52 60 51 56 77 64 60 36 25 35 28 48 44 22 52 63 45 41 15 0 36 44 28 62 48 30 66 81 77 39 14 31 30 45 66 43 17 41 69 77 52 40 41 54 50 10 49 79 42 25 29 12 27 67 77 53 28 35 57 64 32 8 18 58 88 49 6 34 32
94
5 53 96 71 25 2 41 80 40 29 47 46 69 42 14 57 46 6 14 50 54 59 69 30 40 40 24 65 55 44 47 25 30 17 15 42 34 33 40 46 76 66 28 34 62 53 41 68 74 56 48 42 36 39 48 33 48 65 49 55 72 43 50 49 23 64 70 40 39 70 92 96 50 17 45 66 72 71 49 15 21 66 79 56 72 64 28 21 40 63 71 44 15 10
98
25 0 39 83 56 42 74 82 80 85 54 15 42 79 83 54 19 8 13 40 48 35 50 54 62 53 21 21 49 84 57 28 20 5 21 68 85 57 50 34 16 51 77 65 38 11 37 55 65 57 42 61 75 61 19 44 49 35 48 45 59 51 24 17 41 79 52 15 47 85 72 47 62 82 85 44 21 32 23 24 47 78 79 73 81 50 16 13 14 57 67 38 63 92 53 35 46 17
96
25 52 36 11 14 26 38 26 43 74 55 24 41 55 62 89 87 87 48 26 32 43 77 46 16 60 61 46 66 75 62 33 37 62 49 23 28 39 41 28 49 71 71 88 88 46 24 43 32 54 76 47 20 33 79 51 24 66 77 65 52 56 62 61 38 7 45 46 16 17 28 68 86 45 45 83 90 69 47 26 11 32 63 69 36 47 62 70 90 57 20 14 21 38 65 41
96
44 83 79 71 64 36 40 46 21 58 98 96 64 42 26 15 45 80 76 41 33 60 56 35 32 39 70 68 32 38 62 72 61 26 51 65 59 74 83 83 53 21 9 24 65 53 45 75 86 65 42 77 68 66 98 63 42 71 44 7 8 11 27 36 24 47 43 16 19 49 79 54 56 68 49 40 32 56 53 25 20 42 83 93 50 4 25 66 72 77 50 14 62 71 44 25
96
70 0 14 46 43 32 41 29 40 59 41 19 55 76 50 33 35 72 59 61 68 43 64 70 61 47 59 80 65 64 40 33 54 68 60 51 79 86 43 50 49 44 90 74 33 53 76 39 45 44 45 62 30 19 22 24 43 71 77 35 33 60 39 39 52 44 62 63 62 42 14 34 39 49 82 79 71 75 40 16 27 54 68 79 97 85 55 20 35 76 67 43 49 47 34 18
98
11 36 56 79 82 59 30 9 46 80 55 66 78 44 38 61 39 20 42 70 48 45 73 73 50 46 87 82 47 55 53 15 49 50 19 52 57 21 45 78 61 54 29 1 27 30 48 52 30 63 60 41 45 67 86 64 20 19 35 38 54 48 51 62 73 55 50 76 73 42 12 38 36 34 70 74 41 34 33 55 79 41 27 21 43 49 13 47 78 54 65 82 57 52 48 45 32 2
100
64 0 39 61 56 81 55 10 49 82 62 44 35 41 65 74 58 68 78 69 44 45 58 43 63 89 93 90 60 54 60 68 59 26 43 46 36 53 70 61 46 39 60 94 92 91 83 67 71 82 65 56 74 78 44 50 71 47 32 49 64 59 59 72 65 68 81 54 57 39 23 35 42 72 68 41 29 46 75 55 41 75 61 54 72 69 56 51 75 52 32 41 60 81 76 37 32 41 29 18
98
56 50 56 69 39 52 58 0 61 12 73 91 3 29 67 13 56 55 23 92 58 24 28 91 28 31 73 64 14 58 27 31 34 57 78 0 2 93 39 2 20 46 75 68 94 34 2 49 32 67 59 4 86 33 25 9 27 75 34 70 29 12 72 2 71 66 82 41 18 99 43 73 15 42 9 98 33 71 21 50 75 50 98 77 88 48 18 11 65 49 62 30 57 66 8 22 99 45
96
96 0 24 30 20 63 57 15 38 78 88 57 57 71 51 50 75 64 22 26 29 9 47 69 37 62 73 50 48 53 63 53 26 14 25 59 44 25 45 55 44 40 45 20 49 85 60 25 32 27 26 62 46 32 47 60 39 21 27 37 50 36 49 44 38 37 38 72 75 34 37 78 67 45 20 13 41 35 37 49 46 63 42 20 55 70 78 86 66 30 7 8 26 51 45 18
94
29 41 46 83 59 14 33 63 47 52 53 27 49 76 90 81 71 69 43 41 66 78 77 77 63 68 66 46 33 10 20 35 26 37 33 15 46 68 75 56 48 46 22 43 38 34 38 54 64 36 51 57 70 69 34 54 74 77 53 20 42 70 52 53 90 95 50 19 32 57 73 72 57 45 44 40 50 39 62 98 56 14 27 69 85 84 69 28 39 58 34 13 44 42
92
1 17 42 34 43 43 29 38 18 45 45 41 82 81 67 66 81 46 20 25 37 55 48 64 63 42 47 71 62 57 52 38 62 45 36 73 61 60 42 11 52 49 28 56 43 31 51 65 43 23 34 17 30 66 38 30 65 74 79 82 76 78 43 25 42 55 62 27 38 34 22 47 48 50 58 77 81 71 43 31 55 66 73 41 46 63 31 12 35 45 51 38
94
38 67 51 22 2 24 36 15 24 65 79 82 86 55 61 66 65 95 81 72 64 49 49 25 38 70 55 26 34 37 12 30 28 4 33 32 23 35 59 58 11 11 51 60 28 19 31 25 40 66 78 74 59 55 66 45 8 50 49 41 62 39 15 11 9 26 28 30 65 70 56 65 62 68 83 67 33 46 70 39 16 43 79 77 83 75 76 45 38 52 36 53 74 43
94
23 50 80 23 18 93 72 88 27 27 21 58 28 0 30 50 37 21 51 90 67 56 12 2 69 43 82 33 48 80 55 16 11 97 61 5 76 99 6 13 93 92 16 48 65 97 66 71 89 62 17 76 38 8 95 20 56 86 33 21 21 67 98 45 71 38 4 91 87 100 19 2 26 6 48 19 69 50 4 9 28 16 21 37 92 0 80 41 77 11 49 22 98 49
96
13 17 27 68 93 79 45 35 66 56 29 27 32 28 37 68 67 42 47 57 35 49 47 29 24 56 95 63 20 22 48 47 30 41 62 73 89 75 38 14 41 60 70 63 60 70 35 14 16 29 51 35 28 49 47 68 85 66 46 46 58 65 44 63 69 41 41 28 46 87 85 39 11 13 10 11 47 68 62 44 30 60 74 42 9 22 66 87 44 8 43 73 69 42 46 38
92
5 46 68 30 17 29 40 39 62 61 29 47 32 21 21 14 40 41 27 55 71 34 35 54 60 61 63 84 58 47 46 49 51 21 21 21 35 40 26 19 39 38 47 87 70 67 67 44 60 80 41 26 69 81 47 36 50 61 68 64 42 57 60 46 36 5 34 81 71 70 78 78 67 57 76 83 58 46 83 98 74 58 45 54 43 46 55 35 61 45 53 45
96
43 64 45 42 45 42 43 33 38 59 74 57 15 55 70 48 69 43 44 52 38 69 42 43 75 77 87 79 81 81 83 66 44 45 66 63 37 26 15 44 66 76 50 39 58 69 44 37 49 17 33 39 30 64 60 34 29 37 38 16 11 10 30 45 62 91 76 37 21 19 40 57 73 97 60 14 8 48 87 53 44 42 46 55 54 43 33 72 61 43 38 59 77 56 53 28
98
33 71 46 54 87 67 39 22 45 68 58 62 45 26 45 40 28 47 34 52 95 67 49 46 25 54 78 55 63 87 62 29 41 56 63 72 74 60 43 65 77 38 21 26 25 24 58 57 17 39 63 78 67 23 41 58 28 49 47 5 44 76 52 32 46 60 62 83 66 49 55 37 58 47 20 62 49 19 22 44 79 67 32 23 44 73 63 41 41 28 45 59 70 87 50 15 39 35
92
1 37 30 19 30 13 15 36 37 12 37 44 46 84 78 67 38 38 80 86 84 51 13 5 16 59 82 78 56 23 49 50 26 45 62 67 56 48 48 29 44 86 55 50 72 35 12 30 60 42 6 7 34 28 1 24 63 68 59 64 63 56 62 71 38 33 47 29 15 18 46 65 40 46 56 24 37 66 76 40 20 65 88 76 31 15 56 72 41 51 53 7
96
3 25 39 66 98 69 55 52 32 22 40 53 45 34 55 93 50 27 48 29 42 40 55 68 46 32 43 60 69 53 15 46 42 36 71 43 46 95 91 56 62 86 90 96 83 77 84 54 53 71 74 58 42 32 4 45 88 87 76 64 73 70 77 52 25 33 46 77 73 45 48 39 29 31 17 14 31 79 86 58 34 31 21 45 54 22 45 82 57 29 57 84 84 82 81 37
96
29 52 46 54 79 67 42 33 10 21 38 38 40 50 51 67 61 33 29 34 45 21 2 16 41 59 45 50 69 77 75 78 94 65 53 71 78 44 10 50 46 17 17 4 40 60 22 40 53 51 67 67 82 52 26 58 65 73 61 24 43 42 56 93 86 40 20 33 45 55 32 52 67 68 86 54 19 43 82 62 58 49 35 52 72 84 45 30 69 97 57 22 34 40 61 41
94
21 52 43 54 93 62 62 52 27 49 39 29 23 37 65 44 39 82 88 67 43 24 12 25 26 26 34 31 51 40 58 57 56 49 2 49 53 44 58 69 62 51 74 81 66 26 7 48 61 63 95 85 72 41 44 51 51 57 63 77 71 86 54 6 32 80 97 64 19 28 39 15 13 22 13 19 60 46 12 31 32 37 29 19 46 53 54 52 69 92 81 59 49 27
92
13 19 28 50 75 95 98 90 83 77 70 47 28 37 38 21 14 43 44 53 68 44 19 20 34 43 70 61 45 44 59 88 68 35 24 39 38 33 48 56 58 56 35 22 32 59 80 49 63 86 72 66 47 66 50 43 60 60 64 39 47 47 55 43 42 40 20 57 64 29 21 62 71 53 37 49 53 16 28 52 29 49 86 75 39 17 52 86 71 47 29 6
94
66 0 33 34 23 39 64 84 74 39 38 53 29 18 14 29 58 64 47 32 32 51 43 47 61 40 61 65 24 35 55 28 32 59 44 22 40 59 32 15 29 64 52 29 62 66 69 59 49 59 61 53 64 49 33 60 70 51 12 51 79 40 41 38 20 49 77 54 26 37 49 65 59 27 30 37 22 44 65 67 76 78 83 86 47 50 64 41 25 41 52 50 47 9
96
27 40 35 48 60 49 22 13 35 32 48 85 55 38 32 10 38 67 53 24 14 25 32 58 53 18 22 44 64 71 60 68 58 25 30 40 59 89 72 29 55 66 53 45 32 71 85 46 37 47 64 72 71 48 9 34 73 83 69 34 9 27 48 34 21 59 92 79 55 58 85 86 75 43 18 27 35 67 54 33 74 72 71 89 86 55 23 55 75 66 67 56 56 49 63 50
94
100 0 26 53 55 51 62 51 29 60 80 79 87 61 37 41 24 4 34 35 4 21 35 66 67 45 65 55 47 70 62 38 37 69 78 76 94 64 32 53 71 41 10 9 50 93 50 42 83 70 62 37 20 54 52 59 93 80 39 35 50 56 44 13 25 43 67 94 66 27 25 25 9 44 51 25 50 52 22 38 84 52 20 22 21 64 60 42 75 78 49 18 37 35
94
1 27 53 69 69 29 48 83 55 51 40 41 72 39 10 57 58 26 45 70 58 40 58 67 72 51 15 40 43 25 31 27 55 90 60 21 48 73 64 77 67 20 50 51 11 25 63 75 29 14 14 41 77 65 77 93 73 43 48 81 52 43 69 71 52 19 13 11 41 68 73 45 42 72 39 53 89 79 65 44 32 64 98 77 34 26 34 63 56 48 81 85 45 0
98
56 75 45 39 35 31 46 49 46 81 78 38 60 91 100 85 79 90 61 47 36 29 48 79 62 26 71 92 73 48 19 55 58 32 42 70 72 68 61 42 66 79 91 83 74 52 20 67 93 70 66 55 38 43 77 81 49 47 60 74 74 77 81 56 56 65 63 85 93 86 99 86 81 69 58 87 97 83 44 56 66 40 56 85 74 60 58 74 81 64 71 76 87 99 63 26 65 57
96
16 57 88 58 19 55 87 81 44 47 89 63 25 34 28 50 50 13 37 61 44 57 88 83 88 75 48 40 48 54 75 77 51 66 61 15 26 46 53 35 51 65 45 77 89 76 81 57 54 51 38 73 84 59 35 33 42 46 48 66 43 5 1 19 34 41 39 41 67 41 17 51 69 45 35 28 49 57 50 65 65 39 5 25 68 64 48 52 71 98 88 87 97 66 43 27
96
27 50 56 44 49 73 76 89 53 37 44 35 55 70 72 59 52 56 35 31 54 78 52 3 3 11 48 70 52 52 79 56 50 44 40 86 81 36 38 49 19 13 24 41 36 47 41 9 35 64 50 47 55 48 36 51 85 97 60 34 24 24 46 38 52 53 42 27 2 48 78 74 91 70 25 9 55 71 51 57 56 28 23 49 41 27 57 67 42 28 11 44 66 42 59 42
96
17 44 54 45 69 56 48 69 68 45 35 66 41 39 42 25 42 36 57 48 34 73 63 37 56 81 47 26 21 21 63 76 79 58 51 83 79 84 78 62 37 28 31 58 92 69 41 41 64 61 56 58 64 48 25 65 90 53 23 27 17 9 46 76 42 34 69 51 15 9 54 86 63 66 73 36 28 73 70 67 87 48 49 59 57 61 56 63 71 70 55 48 32 18 50 45
94
7 28 85 53 89 93 76 89 47 18 85 90 87 15 80 81 54 20 87 20 51 75 6 64 99 40 14 96 40 61 79 37 54 92 57 35 94 97 81 77 23 70 57 22 1 75 55 56 61 65 75 30 71 21 41 23 12 11 44 36 40 53 89 42 17 46 44 71 88 61 21 66 61 56 83 35 85 80 0 70 22 66 96 97 0 3 1 22 31 17 14 69 24 10
94
26 64 36 59 93 89 27 26 66 33 56 24 67 81 75 28 11 25 97 48 54 84 13 78 23 22 12 0 46 71 85 84 60 3 95 80 12 22 69 31 98 9 1 44 36 10 15 4 94 91 28 40 5 70 17 30 92 67 34 82 64 99 56 20 69 55 29 65 75 50 37 77 64 19 34 19 96 50 34 63 11 22 42 1 12 45 51 52 48 16 13 26 46 99
98
9 31 23 21 15 76 96 1 58 4 100 66 7 17 80 9 21 33 37 2 38 26 34 54 5 33 23 97 29 98 64 42 79 85 84 7 10 45 12 16 85 64 52 8 74 19 86 0 9 24 33 16 27 50 30 97 99 75 9 35 35 33 57 85 94 92 3 68 34 23 84 89 12 79 10 32 85 2 59 71 17 6 74 62 82 61 55 97 26 82 17 70 42 28 67 78 93 68
94
38 55 58 42 42 58 40 25 4 28 74 76 55 40 16 34 63 55 37 15 51 79 61 78 58 53 61 26 54 85 44 44 74 81 86 77 53 35 60 66 27 22 41 37 27 42 67 87 73 59 77 63 64 60 59 43 47 65 33 55 67 41 35 36 31 46 60 73 52 9 52 98 70 65 68 60 36 40 43 34 64 76 82 68 72 48 5 36 46 33 71 54 38 34
92
10 38 44 59 83 82 52 40 61 56 53 40 40 65 51 28 15 24 34 20 33 43 36 39 48 40 32 43 44 30 57 76 33 26 32 29 52 75 72 77 75 29 22 33 49 41 24 65 79 53 34 54 70 69 76 60 57 43 53 77 41 28 52 61 33 41 79 73 34 7 10 27 49 37 31 64 74 76 52 35 59 49 17 34 51 21 26 35 36 49 69 43
98
48 70 71 44 87 56 76 8 34 66 87 6 96 45 57 81 22 42 88 1 27 57 17 20 29 55 21 52 68 80 77 55 55 87 28 23 50 15 75 96 7 31 40 33 91 9 55 46 87 79 2 85 97 87 81 78 43 90 50 2 29 76 89 52 47 75 38 48 0 38 95 1 10 92 52 98 57 19 47 71 16 93 71 87 29 51 93 69 85 67 78 42 97 82 61 67 99 98
94
16 25 30 46 42 49 42 12 15 58 51 18 59 71 65 49 16 41 63 34 33 43 45 32 33 78 61 48 55 66 94 77 70 74 44 40 64 69 62 60 53 45 41 65 94 72 44 24 19 44 72 71 54 45 44 65 92 71 42 34 27 55 51 34 46 56 58 66 62 71 74 50 57 51 70 82 55 57 65 75 71 54 34 56 81 60 75 85 56 58 83 78 87 53
94
5 32 28 19 26 47 50 36 55 54 68 58 45 32 41 48 51 55 19 22 48 58 58 44 21 34 68 73 28 10 10 13 49 71 40 19 55 89 74 61 67 58 47 48 71 54 52 79 86 73 49 25 18 23 12 22 28 21 44 41 25 56 41 24 19 28 51 70 82 71 78 70 77 94 47 37 68 65 49 35 20 36 71 83 50 7 41 66 38 18 17 10 9 7
94
26 66 43 40 52 34 58 45 13 37 66 76 54 27 32 60 46 7 13 25 25 44 49 38 68 58 47 65 72 48 13 14 54 51 6 44 65 45 27 50 63 26 35 42 17 23 22 12 30 33 27 16 18 56 76 52 28 18 13 40 75 41 43 77 44 53 69 41 16 21 28 40 77 65 66 70 61 60 32 36 56 58 59 70 76 43 35 69 89 94 60 28 34 20
96
88 0 17 27 32 53 53 66 55 35 60 43 27 41 60 52 31 60 77 77 49 38 50 35 61 74 41 25 57 50 35 51 66 49 31 56 35 20 30 55 43 14 17 7 12 12 17 21 35 75 75 56 61 53 57 42 38 35 3 4 41 55 40 26 38 38 45 89 57 39 48 55 50 63 83 65 74 54 40 64 52 62 63 59 83 48 40 60 45 56 55 38 27 30 55 34
92
42 56 60 91 60 61 79 66 81 87 46 56 61 52 78 75 78 59 70 57 52 54 21 43 81 72 41 44 35 55 76 33 50 53 30 42 27 26 32 46 67 85 71 68 66 43 47 35 48 73 61 36 38 56 47 69 99 72 72 81 37 16 15 42 69 57 30 53 57 39 76 86 77 50 32 35 18 12 56 74 42 58 46 20 58 59 52 53 63 70 50 24
98
98 0 23 40 24 46 69 65 56 60 71 55 32 28 28 34 72 56 39 36 55 81 76 90 74 76 92 60 33 43 52 56 42 24 36 34 44 54 32 42 54 56 47 40 60 63 53 71 83 76 88 84 51 32 44 70 84 52 53 66 48 29 9 32 65 45 35 56 67 73 55 65 70 39 33 68 77 30 49 56 56 66 22 26 42 55 52 40 59 66 44 24 32 47 56 66 72 37
98
96 0 11 40 61 50 66 52 39 71 81 66 30 25 51 83 97 79 47 34 31 30 57 44 45 53 12 34 48 31 52 83 54 23 30 22 52 53 14 6 23 23 26 31 23 42 46 53 42 50 51 53 80 78 89 73 64 68 33 15 49 84 52 8 39 81 59 37 24 29 61 66 61 78 90 83 78 73 40 44 62 61 55 64 59 47 74 40 4 28 50 55 71 69 75 60 14 0
92
42 76 46 34 60 83 68 44 26 31 56 41 38 73 85 66 53 29 2 17 24 37 79 75 37 26 41 52 62 43 16 39 66 66 38 30 54 37 40 72 44 26 38 53 77 82 39 45 75 61 64 44 45 37 40 84 82 74 65 26 36 44 34 38 40 52 65 56 37 21 19 60 73 73 53 22 18 31 64 48 20 45 74 46 42 49 19 29 33 49 49 12
94
34 72 57 32 40 53 61 64 63 44 16 27 64 50 23 47 75 64 66 72 49 29 14 55 50 17 49 64 43 32 34 37 67 59 58 69 56 49 43 29 29 69 68 37 50 50 60 92 82 47 50 42 46 92 64 18 29 76 77 40 23 34 32 34 74 57 42 74 69 32 12 19 20 34 70 88 66 54 69 61 33 18 19 61 94 71 44 45 55 41 46 77 58 15
96
70 0 11 25 61 62 17 44 75 65 69 60 71 79 78 54 29 43 63 73 43 47 76 67 51 53 51 23 29 34 49 85 62 61 58 26 43 45 53 56 43 75 79 48 63 85 74 55 51 37 36 51 19 40 55 54 48 22 42 67 75 87 95 58 60 79 64 56 67 68 25 4 12 25 29 56 70 56 34 26 39 33 39 71 69 46 30 22 25 55 83 54 55 77 48 9
92
5 16 54 76 52 47 70 76 75 86 57 46 44 12 48 71 49 58 68 44 35 32 33 29 24 65 76 52 39 35 35 63 94 79 57 48 35 19 27 55 64 72 91 55 48 66 75 95 89 96 57 39 60 44 32 52 39 35 38 30 27 47 92 79 56 45 33 57 96 58 40 79 91 88 59 49 72 41 26 46 64 48 46 89 90 68 35 20 54 63 67 48
96
17 47 67 43 69 73 44 100 30 78 33 38 91 3 3 11 32 64 15 53 17 58 51 97 92 89 37 98 34 50 55 8 41 32 43 51 64 91 49 10 25 55 88 3 64 25 45 79 97 100 51 46 97 69 15 75 11 22 58 16 57 14 80 86 9 65 32 19 20 81 99 93 80 40 39 53 34 53 40 62 44 95 9 2 32 19 45 94 66 73 91 78 97 78 61 50
92
18 24 24 48 34 7 49 93 86 49 11 3 13 47 47 42 36 7 25 62 79 71 34 30 38 33 22 45 84 59 19 15 42 48 22 10 12 15 13 15 34 60 42 34 73 57 22 54 79 77 86 52 41 68 53 39 57 70 81 78 41 18 40 48 39 26 23 59 50 27 47 40 35 68 69 56 77 54 24 43 66 72 51 59 48 39 69 60 72 93 94 47
94
13 32 32 52 74 38 58 60 28 39 53 82 87 62 71 80 54 40 58 63 81 73 38 53 64 43 53 73 68 43 28 68 83 86 85 63 46 53 76 49 62 65 54 59 50 71 89 63 47 84 99 78 72 57 51 48 24 63 93 52 27 33 41 54 58 76 68 38 27 35 62 77 92 100 59 55 95 73 72 100 68 72 85 73 57 45 35 58 89 67 74 76 79 55
94
44 53 53 73 66 40 38 62 31 42 79 89 67 53 63 62 32 3 36 50 53 75 76 58 54 75 80 85 59 11 14 54 58 34 31 57 51 25 42 61 80 62 39 26 13 42 75 60 27 10 18 63 79 71 47 47 54 58 51 31 63 66 68 54 47 40 43 46 11 40 68 80 68 33 14 31 63 62 32 31 63 44 16 15 51 54 25 44 54 54 30 11 53 42
96
34 76 78 45 46 49 31 6 75 94 52 30 80 39 59 93 94 11 9 88 23 48 46 11 71 15 99 68 58 97 13 72 11 99 26 29 98 26 96 35 68 19 65 42 31 65 23 69 61 32 32 23 86 24 72 18 58 16 41 21 88 39 34 59 59 42 42 90 41 93 65 46 38 13 13 66 18 48 82 83 89 13 1 42 51 71 24 49 72 27 57 0 58 48 53 82
98
36 44 47 56 49 51 41 44 32 13 13 17 50 53 44 45 40 65 46 31 36 15 47 77 60 30 19 20 29 49 68 85 50 40 50 58 87 98 86 53 54 69 44 37 30 39 63 32 21 69 70 52 79 83 58 63 46 18 51 61 52 74 62 56 60 29 21 58 92 64 39 56 45 23 59 97 57 42 62 36 42 75 61 66 82 70 86 78 64 69 58 49 38 31 56 52 28 18
100
58 0 43 57 54 81 59 38 27 41 38 17 30 36 50 69 76 48 28 32 15 29 37 32 37 28 29 27 18 45 63 24 0 48 85 82 79 46 17 7 14 26 19 42 40 15 30 54 85 93 83 51 32 56 60 42 35 18 34 75 87 65 27 20 36 37 58 50 10 6 17 63 86 60 23 40 83 49 40 50 22 48 64 65 83 86 46 9 30 59 74 85 84 39 41 53 53 65 54 27
96
3 0 9 21 22 31 56 83 65 44 42 56 69 57 60 35 5 16 26 26 22 7 37 52 53 70 40 25 39 46 67 56 21 48 86 50 27 31 57 72 71 49 48 54 18 54 71 70 63 55 54 21 48 47 40 80 48 19 38 64 46 40 35 38 65 63 33 47 67 70 60 50 70 62 42 39 40 42 60 31 14 24 49 77 65 33 41 62 51 60 84 56 17 41 38 5
96
1 41 56 64 77 67 54 28 42 76 45 6 34 59 77 72 46 33 45 70 73 48 47 80 81 45 34 29 6 17 40 47 41 58 84 82 40 15 20 53 50 48 60 57 77 79 53 28 64 84 54 61 70 42 53 44 43 56 39 26 19 50 58 20 24 33 13 3 28 38 30 56 51 52 74 82 89 65 38 33 48 66 76 74 38 12 45 79 55 62 85 62 50 57 75 43
98
19 48 59 53 25 33 73 61 28 57 66 40 59 81 81 47 24 35 22 40 69 39 17 38 60 71 65 59 37 43 42 22 39 22 44 47 22 17 4 33 78 86 69 30 31 49 20 19 31 56 83 62 26 7 30 61 39 48 70 61 33 39 58 60 54 51 46 56 59 49 79 80 52 59 65 25 39 58 39 48 46 54 58 64 76 42 33 23 48 47 44 62 48 51 70 54 45 37
94
14 50 70 68 79 65 35 44 79 53 26 68 66 61 44 46 93 72 36 17 13 51 77 71 42 11 8 31 60 52 62 45 33 71 65 56 43 15 40 64 43 19 13 44 45 55 59 16 41 71 79 78 40 23 47 72 67 36 9 9 16 25 54 48 40 55 63 39 7 22 58 43 33 37 22 42 54 54 66 73 61 32 33 35 8 31 73 87 91 98 98 74 52 28
94
30 81 59 74 0 67 93 11 55 97 90 46 99 66 60 49 79 32 57 94 62 91 5 98 20 75 35 24 87 62 65 27 47 7 42 24 80 19 49 2 70 48 90 86 54 23 86 72 39 69 13 69 73 43 2 16 18 63 76 28 7 33 9 79 60 99 78 66 54 16 59 13 84 12 57 35 32 32 25 94 12 90 4 87 72 94 50 42 24 39 67 96 100 7
98
45 0 26 55 61 57 53 30 33 48 58 73 52 39 38 23 43 52 36 24 19 48 34 30 56 37 8 23 52 47 49 49 24 48 43 2 21 70 62 15 8 31 74 94 59 14 41 78 55 49 36 33 36 55 86 61 53 39 48 71 38 27 38 37 55 59 65 85 65 55 71 47 52 69 45 29 15 5 7 56 94 75 66 55 41 46 50 36 18 22 21 55 91 91 82 42 36 28
94
68 77 61 85 10 59 76 37 88 20 43 60 56 82 21 79 22 55 83 13 43 100 43 86 53 9 45 51 52 9 81 13 97 45 78 74 77 77 16 64 17 38 47 61 58 99 72 99 18 96 31 74 18 58 63 22 11 3 2 46 20 31 100 0 90 15 88 58 67 67 73 45 78 1 63 24 75 92 74 37 40 31 87 83 41 3 37 19 66 11 40 48 73 10
94
79 18 67 81 82 23 2 3 44 89 20 64 91 2 55 26 67 24 23 43 34 83 90 57 79 14 25 22 43 5 8 47 35 93 95 53 51 46 82 40 5 34 98 44 45 78 25 97 2 86 75 73 65 57 75 63 80 51 90 72 48 9 49 33 25 44 52 50 4 15 44 92 5 87 67 26 5 20 39 78 24 10 68 17 50 57 37 80 16 18 95 45 78 86
92
48 60 52 62 37 17 34 52 57 51 36 44 66 88 91 77 64 44 56 77 83 92 63 40 42 64 73 66 79 76 73 57 55 74 82 75 42 33 35 59 59 56 89 68 67 93 59 50 65 51 46 63 75 74 48 48 49 26 51 83 72 39 32 57 60 37 58 91 81 73 55 17 23 35 63 56 30 50 80 67 30 26 21 14 18 53 51 40 37 28 47 31
94
19 22 16 59 59 56 45 43 66 71 47 1 18 32 60 73 30 18 64 54 28 53 34 11 47 55 49 77 69 65 39 5 32 36 17 44 36 33 43 58 71 40 59 45 22 24 14 45 52 54 55 54 77 73 80 79 69 81 89 57 19 23 42 34 42 73 43 21 25 12 42 69 35 45 59 25 46 40 46 72 42 33 26 56 52 33 67 45 30 50 66 39 9 9
96
91 0 48 49 13 28 33 20 7 40 71 54 23 20 57 85 74 54 36 23 46 82 48 35 75 72 74 58 44 39 52 63 66 79 35 39 63 71 94 94 57 35 54 73 78 45 20 51 48 49 49 11 32 32 41 68 42 22 19 34 69 62 21 31 39 22 47 54 30 13 47 69 67 70 55 35 28 21 43 55 25 37 52 64 79 65 51 71 79 71 75 72 39 41 67 34
98
32 74 50 32 68 63 65 95 88 83 68 38 58 55 37 38 61 85 36 9 11 25 28 43 64 32 37 79 61 16 12 24 39 57 34 29 62 76 91 71 30 56 58 54 84 60 51 33 39 61 39 60 85 67 54 52 52 62 57 67 73 50 58 56 64 57 30 62 86 74 35 44 64 67 79 65 39 28 35 44 48 45 30 10 44 51 25 24 22 50 83 63 49 55 46 66 74 28
94
22 68 68 42 68 50 53 74 79 92 58 40 64 66 54 37 30 36 22 24 56 45 52 72 33 49 46 57 97 96 74 43 41 57 56 40 70 78 60 82 72 65 83 91 57 11 33 33 16 34 68 67 33 22 35 41 32 40 48 35 30 38 64 57 57 60 35 73 87 66 75 63 28 25 37 62 80 73 50 61 89 64 30 43 60 74 83 68 79 81 70 45 47 41
92
22 36 42 73 53 25 32 26 39 35 19 12 40 74 36 41 47 48 75 49 16 42 59 51 65 73 63 59 80 60 35 37 26 12 37 51 53 42 39 61 47 43 24 11 56 87 56 15 20 18 12 46 59 32 34 29 47 51 40 80 77 51 45 56 42 12 0 39 43 23 68 55 50 75 78 76 45 28 35 51 48 58 70 37 8 12 40 57 39 41 30 1
94
51 63 62 87 55 22 56 74 44 57 55 29 17 56 99 97 77 39 49 41 51 99 82 43 15 11 12 48 89 55 41 45 56 65 74 79 42 48 42 41 72 66 69 90 55 53 50 30 54 32 8 32 74 61 36 60 60 34 24 18 44 68 50 45 55 68 54 53 55 34 29 57 57 30 52 76 77 78 73 53 43 25 40 61 34 34 53 31 17 55 63 29 21 16
94
20 63 44 46 59 22 47 82 72 43 31 38 53 62 50 58 79 63 36 48 51 23 45 61 61 58 58 86 71 71 59 57 73 48 43 62 75 44 30 64 51 28 18 46 62 31 55 47 11 9 51 62 39 46 44 41 60 44 50 73 65 38 17 27 49 38 45 67 37 59 44 22 66 85 68 47 63 62 30 34 36 15 46 60 16 31 34 30 30 50 70 54 54 23
98
46 73 46 36 63 65 79 72 53 82 83 52 37 60 52 51 63 54 55 60 42 48 60 69 58 17 63 94 50 56 55 43 79 53 62 72 39 41 46 39 54 80 79 49 29 36 48 41 50 57 56 92 92 49 39 65 65 59 40 49 52 38 62 57 66 85 89 93 90 85 57 38 57 66 37 26 40 71 94 56 21 52 60 61 88 57 43 68 66 62 46 39 71 94 97 64 67 60
98
11 16 38 44 29 39 33 47 73 61 49 46 50 40 40 73 83 71 70 81 60 67 69 50 54 35 37 59 76 66 48 35 57 51 21 63 65 49 60 71 54 28 50 54 56 40 48 90 65 27 40 67 78 73 71 65 61 78 49 33 23 28 59 34 16 24 46 61 67 65 42 61 73 78 73 38 26 36 45 54 62 33 20 59 55 22 13 20 32 28 36 68 90 48 38 55 67 47
96
31 46 58 64 36 53 43 43 70 36 50 86 79 65 55 31 11 33 48 29 27 69 82 45 34 54 43 45 66 65 62 49 54 51 59 92 72 30 39 53 45 26 35 71 55 25 40 63 76 50 19 52 78 45 38 50 16 22 38 65 70 58 39 51 56 39 37 35 46 25 21 25 59 85 86 56 38 60 38 50 45 22 65 86 86 62 31 21 55 52 49 53 55 68 45 24
94
45 76 41 51 79 38 52 71 39 61 61 24 47 45 33 34 37 73 52 36 42 51 72 78 77 59 49 33 29 63 68 40 54 79 69 60 50 63 48 26 61 50 27 58 64 29 45 73 53 61 69 74 60 57 69 72 54 39 32 44 52 24 65 59 18 53 57 25 48 76 57 66 86 75 69 77 91 63 42 42 39 35 32 31 41 60 38 37 78 90 89 80 35 4
94
8 0 4 17 41 41 15 13 18 13 14 52 92 81 68 53 54 62 51 49 52 67 82 56 15 35 48 58 92 75 39 16 49 53 37 63 62 62 51 52 49 43 70 45 15 30 54 40 27 56 43 24 63 78 71 42 8 56 73 51 40 33 56 81 79 47 19 54 86 59 36 42 43 27 58 50 30 63 55 50 50 25 52 51 13 40 61 68 42 17 43 38 10 2
96
23 15 42 15 39 78 48 86 65 91 46 1 29 80 42 31 83 79 35 9 77 53 43 12 36 79 10 15 89 19 54 64 84 35 41 52 64 67 89 92 56 62 73 96 43 65 76 18 44 13 20 93 18 71 5 10 42 30 73 28 71 51 7 24 77 76 65 83 8 88 55 90 88 100 93 93 69 66 39 34 29 53 67 65 8 7 61 94 0 57 27 84 14 82 0 41
92
53 80 28 30 76 57 71 69 0 5 56 32 23 79 65 6 64 22 2 5 91 42 67 66 75 21 5 84 69 84 83 92 63 24 58 10 7 66 72 65 69 1 46 94 94 90 65 72 100 48 64 17 7 11 77 8 22 76 49 4 62 15 28 50 92 35 24 76 55 46 44 57 29 84 18 57 53 43 98 78 49 25 94 42 62 18 49 88 98 51 75 52
92
30 39 26 11 22 48 6 49 99 68 50 44 51 90 66 5 66 64 24 75 16 68 95 82 64 89 30 65 0 63 24 64 28 49 13 29 23 37 70 60 24 4 47 59 39 90 48 56 26 39 55 62 92 67 21 68 6 19 62 34 13 12 20 66 56 53 76 99 35 3 75 38 21 30 96 68 74 19 27 76 34 73 44 67 82 27 29 81 89 7 9 3
98
19 67 74 47 56 62 46 56 67 54 76 67 33 62 69 62 72 79 76 72 63 37 21 33 29 42 83 82 68 66 49 23 20 39 67 50 57 60 37 45 29 33 35 50 81 83 68 52 65 37 16 47 55 55 74 74 75 51 47 62 58 69 58 52 38 44 82 98 73 65 61 22 16 53 43 49 54 52 55 58 82 76 88 60 58 82 85 84 83 88 53 26 60 58 39 52 58 34
94
18 59 70 62 46 48 37 15 51 87 56 21 39 41 29 31 50 71 63 53 74 72 45 39 27 10 26 35 29 53 79 91 63 42 28 18 53 84 90 64 50 71 89 85 46 27 45 42 53 78 53 49 84 79 76 52 38 40 50 54 29 30 29 52 41 1 9 58 90 61 19 26 37 48 65 49 26 36 72 50 13 47 69 40 25 33 26 27 51 69 89 83 49 13
