100
97
23 43 67 82 96 74 46 73 81 51 59 97 71 59 67 80 67 21 21 48 86 100 96 60 56 69 75 82 58 39 39 77 92 50 31 37 72 81 59 81 77 64 53 32 52 89 65 63 62 58 81 69 73 69 47 72 68 22 42 63 65 61 77 94 66 51 76 64 63 74 57 45 56 84 67 56 90 94 47 50 54 51 51 44 57 53 42 60 81 64 47 54 83 81 67 63 36
93
36 53 39 68 54 56 94 73 35 20 58 70 52 41 37 62 66 53 59 51 60 53 30 34 18 10 48 66 46 26 49 72 60 77 71 54 46 49 79 55 40 76 67 72 71 26 8 39 56 51 62 73 82 80 82 63 18 43 55 27 29 17 18 40 47 32 24 41 56 34 38 43 12 10 30 39 62 77 46 17 25 22 14 61 91 74 68 64 51 55 61 67 36
95
50 73 56 43 40 33 18 15 53 97 69 38 29 62 67 41 48 64 73 47 39 50 44 33 24 27 70 98 72 31 20 68 88 76 77 51 56 75 40 19 22 43 45 23 61 77 79 72 50 45 43 61 43 30 72 59 15 26 38 67 57 37 33 55 55 43 43 45 60 44 45 68 52 39 58 76 79 71 64 59 88 92 88 54 52 48 26 61 50 47 71 59 52 38 16
95
3 46 67 38 39 37 20 31 37 30 33 45 69 60 40 70 57 14 7 2 37 76 51 41 66 53 39 25 3 41 58 28 48 67 28 46 87 60 25 43 86 87 50 30 50 34 7 24 23 4 15 25 59 53 36 45 50 37 26 57 42 43 45 35 26 17 44 32 36 37 35 53 32 59 55 9 18 34 64 47 13 60 95 81 52 33 47 54 65 48 24 55 44 12 3
97
89 0 6 10 19 57 68 65 70 63 72 44 10 39 55 40 27 16 20 24 47 63 41 25 22 40 36 38 57 63 51 40 70 89 62 59 77 36 12 53 79 68 45 46 64 70 81 56 50 65 50 58 51 32 53 36 14 19 38 52 40 60 39 42 83 87 88 80 78 89 84 71 48 59 52 38 60 43 63 51 31 61 35 30 71 56 29 51 41 21 50 37 15 41 47 53 35
93
4 4 16 42 49 64 47 32 38 42 76 63 58 59 40 70 54 15 32 62 77 72 42 40 80 56 50 76 42 10 21 60 68 27 49 64 36 60 88 72 60 66 50 35 25 35 74 55 32 46 27 33 53 63 73 60 50 72 92 89 52 54 60 65 50 22 25 14 24 39 27 18 29 51 71 81 56 35 30 46 90 54 55 90 70 48 62 69 62 58 46 36 13
95
41 82 28 0 28 30 21 43 53 20 56 67 43 49 68 13 30 38 15 58 6 76 71 25 17 51 56 7 34 4 23 72 81 33 74 80 73 91 42 94 65 66 69 36 35 47 42 87 18 57 89 36 20 49 85 93 24 70 18 64 43 84 53 56 2 73 39 84 58 80 83 68 62 60 70 32 65 92 41 77 42 70 47 45 53 94 51 21 32 81 55 17 48 53 67
99
18 0 4 19 58 55 39 41 62 78 58 32 32 56 31 37 48 41 65 75 82 68 50 42 35 53 36 52 51 9 45 63 32 46 79 66 30 13 15 10 13 43 43 58 54 15 52 59 39 53 62 63 43 51 76 73 76 40 30 66 37 31 34 6 11 20 47 75 48 54 48 37 51 47 53 34 35 27 34 79 91 87 64 45 72 89 72 37 18 57 71 27 21 39 30 41 33 12 11
95
20 68 71 36 38 70 67 56 81 81 43 51 70 48 67 65 68 62 54 44 30 74 91 51 54 72 59 41 60 61 49 45 56 69 36 59 70 31 25 62 50 41 56 53 42 48 46 45 40 29 52 42 33 67 72 52 66 71 51 44 72 52 52 86 63 49 51 68 66 62 46 38 66 66 78 75 33 28 25 11 36 77 97 59 57 97 92 62 56 57 25 43 77 47 11
95
10 43 76 60 54 67 65 37 29 46 23 8 28 72 84 68 78 77 50 23 53 71 59 41 33 35 30 32 42 66 79 81 69 70 59 26 16 47 57 56 33 48 73 50 66 48 28 54 60 70 50 28 26 41 83 81 59 43 61 65 44 55 47 30 22 18 25 19 29 39 59 72 64 62 65 53 53 64 42 40 62 46 21 22 12 7 19 35 67 65 26 47 42 15 11
95
34 0 6 25 66 59 29 22 10 6 43 86 54 13 35 43 15 13 38 75 52 16 22 32 59 52 22 47 54 27 13 11 35 43 37 59 40 46 69 45 65 84 66 37 55 58 35 37 54 47 29 45 30 24 60 47 36 56 55 56 61 48 49 71 79 62 29 37 31 53 75 30 32 43 54 81 74 63 53 30 51 71 61 34 20 34 64 85 56 45 35 11 19 41 23
97
12 47 80 86 55 16 1 14 37 63 52 11 23 45 25 39 43 9 7 54 73 30 40 50 20 20 37 48 54 56 28 11 27 19 10 51 63 43 35 42 72 83 47 13 47 69 70 83 77 81 74 47 59 84 73 37 47 58 33 46 55 45 67 54 58 69 21 24 67 82 54 23 25 20 26 47 49 49 34 18 35 39 60 69 35 23 57 82 77 73 36 16 48 41 26 69 45
95
54 36 23 80 39 43 9 83 38 72 57 90 61 65 57 46 96 58 24 14 42 93 9 33 28 3 74 13 33 28 72 72 95 80 26 14 2 76 6 46 26 57 86 49 93 6 16 58 75 19 46 76 65 52 9 17 43 32 5 9 38 11 28 68 58 92 63 17 65 62 30 93 96 18 22 90 20 56 48 5 83 73 16 15 74 33 65 57 67 21 21 63 15 32 37
97
63 7 80 40 3 59 88 51 7 49 87 51 92 47 69 35 86 100 76 98 0 5 1 86 99 28 94 72 100 82 86 27 75 56 98 60 60 71 67 51 59 54 24 19 62 98 22 84 78 87 21 100 54 83 8 22 89 7 89 92 66 62 59 28 40 75 16 93 87 11 5 76 53 26 88 8 56 95 45 12 82 33 5 26 11 54 15 77 31 33 64 71 84 89 69 94 11
93
11 52 69 62 36 3 16 21 9 19 60 64 37 50 55 23 20 61 85 80 57 44 55 42 50 51 45 55 71 95 55 20 52 65 45 65 53 29 32 32 67 65 47 77 72 38 58 54 28 36 51 69 73 54 25 16 45 59 24 45 65 55 69 45 38 71 55 56 70 75 51 42 78 86 58 13 13 15 23 42 65 87 55 40 59 54 46 62 86 87 43 35 34
93
25 73 85 37 9 11 34 42 41 39 27 52 49 44 55 36 26 18 47 92 66 61 46 25 65 46 52 57 19 30 61 46 38 53 50 38 27 50 72 90 91 55 14 52 60 34 46 66 49 26 49 33 32 44 48 42 49 65 35 15 39 48 37 66 93 71 30 42 47 32 31 46 79 87 69 37 55 46 6 44 86 75 55 71 85 53 42 61 63 60 56 53 28
95
45 17 12 49 23 28 5 89 4 51 34 65 27 9 65 3 58 78 56 23 98 16 54 96 37 6 55 94 38 44 4 97 62 31 10 65 92 81 58 38 1 58 52 16 24 30 61 51 10 36 13 77 8 6 15 26 92 85 76 72 44 5 32 25 27 7 59 83 90 99 44 30 62 73 34 84 83 51 40 30 60 82 40 86 57 10 38 31 93 97 9 35 27 6 48
95
12 18 69 28 49 44 26 77 22 22 92 36 77 35 47 50 96 25 58 83 58 67 81 98 80 20 83 29 26 82 26 19 70 50 67 79 68 93 87 29 67 4 87 91 58 79 11 33 89 64 71 62 39 12 84 36 50 10 31 5 48 73 98 85 56 5 45 24 92 100 40 15 92 65 43 20 9 19 14 13 8 49 85 90 9 48 2 29 97 100 19 23 52 74 40
97
17 56 61 46 57 55 43 35 27 51 42 5 27 32 49 76 71 41 26 69 61 41 49 64 74 61 68 59 63 88 79 81 47 37 77 63 44 62 77 84 75 67 72 43 15 7 35 63 48 38 44 69 48 51 88 43 28 71 89 79 62 58 70 64 63 60 52 55 27 28 40 36 53 74 74 34 23 44 27 15 59 63 28 42 79 78 44 51 42 31 40 17 7 18 31 30 13
97
90 0 2 8 48 52 20 10 43 65 65 78 41 39 51 46 41 32 57 54 55 46 27 59 59 28 40 50 34 54 48 55 64 30 27 56 59 57 63 48 68 93 76 68 72 38 32 52 32 18 22 14 12 17 52 74 72 81 75 74 68 62 48 17 29 68 84 56 58 94 71 27 35 40 30 37 35 21 24 23 9 34 45 29 57 60 22 11 29 51 43 67 96 83 36 47 47
97
21 5 92 73 40 24 20 14 19 16 43 79 37 76 4 46 83 36 42 42 99 59 78 34 54 100 69 60 41 39 37 79 67 25 27 91 73 0 13 75 79 14 92 9 5 50 67 64 2 65 72 81 74 46 18 26 34 12 31 19 32 37 51 12 95 10 14 44 41 36 65 8 88 80 59 19 40 27 97 32 22 39 35 26 96 76 12 82 63 31 7 28 27 82 20 32 74
95
9 25 30 35 46 27 32 36 23 30 44 35 26 25 37 42 21 26 54 63 29 11 12 44 59 42 32 62 64 16 15 34 48 35 26 53 43 37 39 42 67 52 36 28 34 39 68 97 94 90 61 41 50 36 19 48 70 76 67 58 69 45 32 42 58 65 62 82 74 34 10 13 23 32 50 80 72 53 39 35 51 65 58 58 51 24 41 68 56 26 20 42 77 92 50
97
43 59 61 86 80 70 63 68 37 21 66 64 28 22 35 26 52 59 23 54 88 94 96 84 72 81 63 33 48 75 60 38 58 45 48 77 47 58 52 40 52 44 51 49 35 33 29 47 76 82 77 77 51 41 63 58 31 40 54 14 44 81 85 55 45 83 52 44 57 65 91 75 40 44 81 97 53 46 81 67 62 79 93 82 70 50 31 48 54 29 10 52 51 22 42 63 40
93
19 53 34 43 65 58 67 58 32 17 27 26 17 26 62 71 54 73 88 74 69 77 43 34 65 76 90 65 36 40 48 31 45 70 57 71 54 42 60 44 53 76 49 29 56 77 65 69 59 58 77 49 20 51 89 81 82 44 32 75 50 37 68 81 70 69 44 22 56 69 45 29 56 80 68 42 31 19 4 33 59 29 21 40 61 40 46 82 61 45 45 29 5
99
61 0 28 66 47 33 71 85 72 75 66 54 76 52 14 13 36 73 80 70 77 83 67 72 90 48 9 58 92 86 49 32 68 62 69 91 48 18 19 52 70 30 15 18 11 40 58 62 76 67 38 36 56 39 28 44 66 48 42 52 42 62 41 34 46 24 30 37 64 55 13 35 41 50 50 34 27 45 61 54 81 71 39 22 28 22 46 81 73 77 77 72 64 37 23 46 69 71 35
95
11 9 47 25 55 18 98 81 85 52 42 75 97 11 63 0 72 33 78 27 77 39 68 30 70 24 7 52 99 99 10 12 6 24 70 53 3 15 35 16 59 56 76 68 3 88 71 53 68 83 15 67 44 100 65 76 71 65 83 70 85 29 35 80 73 7 87 81 76 15 95 75 94 95 17 21 68 23 17 12 3 76 73 53 78 100 29 59 20 30 80 96 57 87 1
97
49 60 42 53 59 57 53 34 41 72 50 58 75 50 53 45 29 66 89 70 51 35 17 49 63 57 65 61 52 36 66 92 59 18 9 16 13 49 72 57 41 60 62 49 49 59 67 38 27 23 43 51 42 50 79 98 71 62 71 59 60 77 77 58 67 72 52 55 73 53 23 52 78 57 39 31 34 55 62 69 54 51 88 98 96 90 71 74 57 23 36 55 43 55 47 7 3
93
3 4 21 60 57 48 72 49 57 84 44 44 70 72 42 21 57 49 51 86 65 53 65 41 34 45 20 39 55 42 46 28 41 37 29 55 67 83 91 75 29 35 69 52 58 43 49 80 67 34 34 81 96 75 72 61 40 63 71 50 32 39 55 73 62 62 52 49 71 49 49 64 42 54 91 76 57 46 65 90 47 5 17 60 53 51 42 17 62 50 40 57 22
95
27 60 41 32 53 54 54 33 3 37 49 46 51 20 33 54 42 48 63 42 49 65 66 56 59 77 64 56 49 24 41 79 58 66 67 54 39 5 35 83 93 75 45 63 69 36 62 53 49 63 25 34 64 66 45 41 32 45 50 18 42 57 22 24 26 11 44 34 35 57 29 48 87 80 64 68 43 34 33 10 43 41 35 72 65 46 68 69 44 54 60 52 36 31 19
97
82 25 7 99 41 74 53 52 81 29 80 44 10 89 17 22 9 55 27 25 62 3 6 61 48 99 38 16 48 51 69 32 27 23 66 83 43 68 69 18 44 18 15 56 95 39 5 30 98 93 2 85 87 23 37 36 13 35 74 0 13 92 57 19 5 60 78 96 6 38 88 77 17 25 78 74 100 61 97 69 82 59 14 17 35 37 93 76 14 64 24 98 32 13 90 98 64
95
63 10 67 14 62 21 92 84 72 98 1 0 85 64 56 19 1 89 47 25 77 61 82 66 70 38 26 24 52 2 98 2 13 39 62 6 46 15 79 52 52 24 32 41 75 46 69 46 96 83 65 66 3 39 27 33 93 27 19 43 54 36 15 4 25 35 13 19 64 37 100 60 85 5 11 85 20 83 37 69 48 94 6 80 64 0 22 49 87 99 61 25 86 95 72
93
48 85 50 55 93 64 62 49 32 54 64 51 54 57 21 33 61 80 59 40 67 69 32 36 58 42 47 34 50 83 83 84 59 52 40 20 16 27 60 80 46 40 83 52 17 54 90 80 54 69 94 99 99 91 86 85 84 64 72 64 39 38 56 63 36 50 52 29 16 34 50 24 53 94 50 31 67 91 86 82 96 74 71 82 59 35 45 80 49 16 29 44 29
95
19 26 45 69 67 62 53 46 35 35 67 96 64 20 12 53 62 30 51 61 65 62 54 75 53 60 75 73 74 28 34 72 67 55 76 80 44 29 61 60 35 37 42 54 37 41 42 57 75 35 17 12 8 25 34 27 37 38 25 26 61 91 70 60 86 53 22 48 66 65 69 51 56 77 62 56 40 27 49 39 14 31 43 33 28 51 36 17 17 27 60 74 40 20 20
97
32 76 68 45 39 49 38 11 7 49 90 58 28 60 72 75 74 60 84 73 64 43 18 22 28 51 56 64 49 37 65 47 33 55 46 44 75 74 44 19 27 73 54 51 94 63 39 53 76 92 86 52 54 82 52 28 61 79 71 75 56 20 4 7 32 48 35 65 63 42 67 85 71 66 44 39 67 50 57 48 59 85 54 31 28 41 73 82 85 61 58 62 56 50 43 58 25
97
22 0 30 32 49 80 36 15 47 78 70 46 49 73 46 11 19 41 71 51 50 42 31 40 55 73 59 78 88 62 63 62 69 80 35 26 53 70 47 55 88 42 15 55 73 58 58 39 49 49 48 85 92 79 56 33 43 61 73 71 73 52 17 22 50 58 51 67 47 47 45 59 94 73 28 19 46 65 53 52 64 78 95 49 37 50 50 48 22 22 55 74 51 55 48 12 1
95
9 9 0 1 2 81 94 93 7 59 94 94 7 35 18 84 46 61 8 0 46 7 77 78 16 22 85 0 3 96 100 2 32 40 9 32 80 94 2 49 33 9 98 63 93 2 62 78 60 98 71 57 93 5 3 97 48 8 87 41 12 44 69 8 40 41 83 28 83 53 80 6 14 65 67 34 65 73 11 67 25 74 22 30 33 35 39 66 17 63 88 55 74 61 14
95
43 46 17 41 30 14 30 21 38 67 32 24 57 65 66 44 24 43 38 50 70 35 40 82 94 77 70 85 63 26 13 28 39 39 36 36 34 31 45 31 37 50 44 35 19 43 57 71 72 59 47 34 49 39 34 35 28 57 71 56 63 85 92 44 40 77 53 54 68 32 25 58 34 1 24 63 86 49 33 46 52 73 47 48 73 62 53 59 75 89 65 56 70 79 47
95
29 33 14 28 43 34 19 54 58 53 61 63 65 39 39 60 40 43 46 54 69 69 56 56 87 43 45 75 61 68 76 85 45 17 22 50 71 66 77 68 70 79 86 68 26 5 37 48 31 21 22 54 72 72 79 50 47 79 84 70 39 53 55 39 24 5 16 35 48 26 16 38 27 38 55 66 60 49 67 67 46 33 54 39 8 2 36 35 45 51 13 52 82 48 8
95
39 62 60 56 64 46 20 34 30 61 83 53 23 25 47 73 72 58 40 58 98 54 39 77 88 95 73 60 82 47 27 47 35 18 23 55 65 55 72 48 37 75 72 42 49 54 20 30 72 70 60 75 49 47 39 35 40 41 42 16 13 7 3 30 78 77 61 62 69 70 34 10 38 51 65 68 32 49 77 84 61 65 71 63 88 79 62 30 30 63 60 59 58 57 33
95
28 35 33 33 19 29 33 30 18 27 39 28 58 88 44 30 48 39 58 71 59 48 52 41 34 67 57 44 43 13 2 20 40 33 50 66 30 26 31 25 57 84 57 23 45 48 37 26 44 62 42 69 83 70 40 6 6 44 55 38 39 31 61 75 63 52 53 37 7 47 88 71 43 43 28 30 60 59 53 57 49 45 40 60 48 24 61 43 15 13 0 47 57 41 31
99
36 0 32 75 61 37 57 77 80 52 26 24 27 34 18 42 65 58 81 63 22 50 78 35 27 75 72 49 28 22 63 77 44 46 71 85 49 48 74 26 40 88 73 28 10 22 39 43 51 76 49 9 22 25 55 77 62 38 8 52 67 24 15 52 86 76 56 72 73 25 28 36 42 47 25 43 65 49 30 35 31 34 69 62 66 83 70 45 47 79 54 57 77 72 45 8 20 31 13
95
12 18 55 62 48 61 59 35 31 53 38 37 34 28 64 71 46 65 74 80 82 55 62 84 60 22 38 37 9 4 23 60 54 19 46 47 45 78 40 32 29 40 47 24 53 54 29 44 72 72 81 74 63 49 14 11 39 73 88 82 41 15 18 21 30 23 48 90 54 33 76 50 22 23 9 12 54 49 18 22 45 57 60 78 34 43 63 54 48 35 30 34 57 35 3
97
88 62 14 75 26 85 83 47 65 81 5 21 65 48 61 95 17 31 95 0 70 35 96 68 16 71 27 61 72 41 87 13 17 40 18 95 91 36 100 53 20 69 34 58 49 18 98 39 17 15 75 37 40 29 15 45 100 66 76 4 58 15 81 87 34 0 44 88 79 57 41 8 18 97 53 75 61 99 98 63 96 21 83 67 45 48 71 76 34 46 38 23 3 83 77 31 53
95
23 27 40 83 61 54 36 9 24 20 49 85 78 79 58 35 42 39 28 53 43 46 72 36 21 14 49 72 52 24 25 70 80 46 23 18 22 53 58 28 17 24 15 22 56 73 62 39 24 9 36 82 76 32 27 70 46 14 54 57 18 7 2 46 45 40 58 20 28 65 47 31 67 70 67 72 78 70 22 28 64 68 81 84 63 65 69 59 50 44 39 24 16 31 21
97
65 0 15 58 83 58 49 32 6 29 70 86 74 81 68 53 47 40 71 60 36 42 61 84 84 71 75 51 26 31 60 57 51 85 81 76 62 68 55 46 81 59 48 51 18 40 82 77 72 48 27 23 45 56 16 11 42 65 54 43 51 73 62 47 45 53 53 57 76 54 31 40 37 48 56 20 32 45 50 62 47 66 86 59 48 40 36 61 47 15 48 86 45 7 41 64 28
99
90 0 16 46 37 18 16 27 42 25 47 55 48 54 42 37 17 36 37 13 33 42 44 70 90 57 28 38 24 19 31 18 19 26 43 35 48 88 82 72 73 72 62 70 47 26 64 70 52 69 75 35 31 32 16 51 51 62 76 43 34 35 56 65 65 88 58 44 67 72 39 33 72 69 41 56 77 43 35 58 66 57 29 16 37 68 90 82 64 34 29 72 81 54 56 63 65 57 20
95
11 46 79 51 27 44 65 77 53 31 32 49 70 77 90 56 23 40 35 62 78 32 39 84 70 25 33 47 45 57 67 86 56 41 50 43 76 70 47 67 88 91 85 92 99 60 51 83 52 59 83 75 73 67 91 75 72 57 43 57 47 31 32 54 44 66 78 65 84 66 54 59 70 60 44 72 64 40 36 49 73 57 48 44 50 78 89 96 74 66 76 65 64 66 34
93
94 57 78 95 49 32 18 39 32 87 37 36 84 10 88 58 77 31 70 59 8 31 60 100 40 58 47 92 60 95 88 98 39 19 40 42 13 71 76 24 57 56 95 22 2 97 52 37 40 58 67 83 2 14 38 24 49 13 14 44 15 18 50 50 74 14 73 13 72 22 33 60 43 16 93 99 16 39 34 30 22 21 58 51 54 94 78 1 61 40 74 66 32
95
58 21 74 53 12 78 31 22 80 68 53 15 90 82 57 12 98 93 20 17 24 79 29 42 20 20 14 21 42 19 11 84 67 6 55 32 61 47 3 37 36 17 56 98 89 37 2 48 88 67 46 39 55 12 80 94 81 3 57 24 12 66 0 93 35 99 74 8 33 8 65 55 4 7 41 16 74 11 50 86 76 13 16 80 48 23 43 26 17 81 100 59 87 29 36
95
22 0 32 73 87 52 30 38 36 43 66 87 62 36 39 27 24 20 4 50 76 35 33 72 86 59 43 49 37 25 43 39 22 57 76 50 34 63 60 64 71 62 43 47 73 44 21 46 51 48 69 64 32 44 64 37 58 67 34 30 28 15 53 55 45 56 54 55 39 29 19 50 82 87 52 18 50 65 76 61 38 47 36 25 34 35 39 40 46 39 27 24 15 51 41
93
93 75 41 91 60 61 88 3 63 64 99 53 51 18 86 94 35 47 45 40 52 18 92 18 78 36 26 82 36 93 80 44 58 56 19 40 55 82 30 3 44 93 79 37 39 7 51 76 68 31 49 62 31 56 84 24 98 46 22 56 79 87 87 61 98 6 91 9 81 60 90 72 16 49 59 76 11 17 26 59 12 14 92 52 43 42 98 48 91 16 42 37 45
97
96 23 45 97 1 92 85 91 44 9 25 81 37 17 2 52 65 20 14 1 20 19 83 93 60 38 68 71 65 54 19 83 68 67 53 21 52 52 47 87 91 83 39 46 91 44 99 38 8 15 37 60 78 93 21 12 62 17 7 59 81 97 15 68 25 49 41 100 34 7 7 50 19 2 37 75 60 0 7 0 91 44 99 71 61 83 28 88 59 3 91 1 82 74 35 49 76
97
36 42 12 17 14 52 82 67 86 97 53 33 56 46 33 31 43 48 43 41 46 53 26 40 86 82 61 47 42 46 63 69 81 55 43 57 48 54 66 58 40 72 75 47 64 92 84 37 19 68 89 80 56 21 31 52 69 62 52 73 54 35 27 30 49 29 7 21 22 35 82 56 39 74 66 36 62 90 61 63 90 58 15 27 34 41 55 35 40 41 43 80 72 52 40 57 45
97
29 48 20 23 20 12 12 19 21 9 17 38 68 77 33 16 58 79 50 52 86 48 17 51 75 75 33 19 46 24 30 53 65 52 47 48 12 0 36 65 42 13 26 67 37 22 68 58 37 26 2 25 65 37 34 78 80 55 49 67 74 51 11 1 0 32 43 40 37 21 36 58 44 7 36 63 60 54 67 79 75 83 78 78 85 62 55 43 40 65 34 31 54 64 56 31 11
95
3 8 30 28 35 80 64 35 40 46 73 55 10 33 50 36 48 79 85 55 41 60 39 14 31 35 39 39 33 24 11 16 14 47 75 32 40 45 17 39 67 45 21 17 48 55 28 40 47 71 91 47 10 22 30 21 7 52 77 60 77 58 61 59 11 19 22 4 1 34 36 18 53 54 35 35 25 44 68 66 34 12 36 57 75 78 81 81 67 37 26 25 37 62 30
97
9 0 45 90 91 46 7 10 27 66 90 54 19 55 83 49 55 55 22 43 72 54 43 46 30 36 33 51 53 15 28 46 36 50 67 42 49 70 77 54 25 53 56 33 50 69 29 40 55 51 83 52 30 73 93 82 59 34 15 5 6 9 30 25 13 48 54 38 63 61 65 75 28 9 25 45 32 9 49 81 56 40 25 6 20 36 33 47 43 48 58 35 44 62 75 83 40
97
34 45 42 33 30 71 52 40 67 83 84 43 27 64 65 63 62 27 33 39 26 24 44 82 54 40 66 39 52 81 79 64 63 86 69 67 74 78 83 49 43 63 51 39 42 27 16 18 25 34 28 28 27 18 12 10 42 58 52 54 60 52 37 25 9 29 56 48 37 33 33 68 90 49 7 3 22 59 38 18 32 48 38 10 32 32 19 30 58 70 65 53 40 43 47 36 8
95
50 0 33 62 31 19 47 32 17 55 56 63 59 44 54 67 78 61 70 88 62 59 69 30 25 31 19 37 39 18 38 62 46 28 16 9 21 64 70 31 29 63 71 29 34 33 15 31 52 44 35 30 45 74 75 57 17 48 75 42 58 69 31 18 30 66 70 52 74 64 58 44 25 26 13 53 75 46 56 45 12 22 30 34 69 57 18 54 73 42 21 50 70 69 41
95
87 0 4 22 39 41 31 15 32 30 49 78 65 65 35 51 75 48 44 69 66 23 45 68 28 29 42 56 66 51 73 95 96 49 3 32 55 32 21 45 50 58 71 44 13 14 43 49 31 24 38 31 52 88 77 84 65 22 8 38 62 52 68 73 47 49 59 41 25 25 21 28 33 43 44 19 29 37 59 59 54 62 63 90 66 22 39 77 76 70 60 71 92 62 17
95
5 44 85 55 6 3 27 69 58 20 39 76 86 43 41 77 54 52 57 24 13 50 82 66 43 24 44 63 37 58 44 24 41 29 42 76 88 43 39 63 69 59 50 38 7 38 51 37 33 25 32 42 68 84 72 56 49 52 47 39 25 33 50 45 26 45 86 46 4 31 75 80 80 49 17 55 66 68 77 51 34 59 61 67 82 79 74 41 9 2 39 82 86 58 17
97
44 39 87 97 36 78 94 74 89 19 70 84 23 51 28 43 83 69 27 96 62 37 9 95 67 6 68 87 95 53 32 19 71 89 8 8 75 36 49 1 42 12 53 14 53 7 38 33 14 39 18 27 25 8 69 95 66 17 16 63 18 70 59 58 35 9 83 0 12 65 69 33 23 71 77 59 74 20 96 67 91 54 29 43 27 87 68 83 16 94 7 3 10 7 22 58 81
97
44 74 83 86 83 81 54 50 61 56 63 54 43 60 78 82 58 56 82 86 67 41 68 68 26 54 78 54 65 91 95 87 44 27 57 87 72 64 74 72 76 54 42 35 51 74 45 40 46 47 62 74 72 60 70 88 76 60 54 33 32 51 49 71 86 56 46 72 67 26 32 63 90 89 76 54 53 78 88 63 59 78 49 64 95 89 63 31 27 27 34 44 50 38 35 70 49
97
33 0 0 36 44 16 17 58 77 39 52 42 38 46 28 20 14 32 38 23 22 31 61 52 45 51 28 21 46 43 27 37 12 34 39 41 66 35 36 42 20 38 43 62 84 55 29 45 82 60 26 18 38 75 61 54 44 31 47 64 57 60 55 15 3 23 42 67 81 43 54 58 13 14 52 44 46 59 37 51 72 74 42 52 47 40 52 25 12 32 50 28 13 25 67 92 44
97
1 29 77 84 58 54 35 31 28 4 33 42 22 52 75 79 80 68 63 47 49 43 16 24 62 64 29 39 53 59 38 41 78 54 28 55 77 61 34 19 51 42 17 57 91 58 24 52 43 16 31 64 84 80 82 76 50 57 87 94 71 48 30 41 72 63 64 69 51 22 37 44 30 22 50 74 61 59 73 62 15 22 69 68 56 81 90 47 20 22 26 54 34 16 50 51 15
97
21 44 66 47 32 70 76 46 42 34 26 35 34 56 79 67 36 30 21 32 48 33 33 49 59 60 31 33 54 42 70 65 28 50 63 70 47 40 57 57 39 32 64 83 62 54 68 75 83 45 14 4 42 50 11 6 22 32 25 20 16 50 92 67 39 49 47 48 48 45 29 41 70 71 81 82 72 52 65 52 53 61 22 52 63 44 46 57 57 58 52 26 38 47 66 65 20
93
11 34 37 42 51 62 39 19 46 32 35 65 58 69 90 61 39 57 71 40 27 38 52 85 65 29 46 67 35 28 75 88 58 57 42 26 33 58 95 80 64 48 63 71 61 75 56 54 40 47 60 41 42 25 50 69 56 40 12 12 35 37 59 90 84 49 22 49 41 46 72 70 43 14 18 56 75 35 35 38 20 10 5 5 45 63 62 85 45 14 52 76 34
93
25 35 49 45 30 38 22 19 43 52 66 52 41 78 94 92 90 71 33 21 46 45 54 60 69 81 76 58 60 54 19 40 48 64 86 83 51 62 85 61 42 44 74 74 52 37 55 49 18 38 65 84 57 22 40 53 73 58 33 73 73 46 47 27 20 68 86 58 43 31 56 59 19 41 60 72 57 43 71 77 55 34 45 62 47 47 53 69 68 60 60 32 21
99
32 0 1 15 46 72 72 69 59 31 55 94 84 77 87 46 40 42 24 59 50 16 44 71 51 58 85 74 57 79 97 66 58 87 53 43 48 61 79 48 21 16 60 78 78 96 82 61 55 62 62 49 40 36 47 52 53 48 56 45 25 39 41 53 47 16 19 48 43 27 51 73 79 61 59 64 44 65 51 29 24 6 33 41 51 55 48 60 53 65 85 81 72 72 37 6 26 60 40
93
77 17 78 76 42 54 56 60 37 13 0 52 48 45 41 21 14 45 61 35 85 1 56 64 57 44 41 9 28 47 9 12 18 90 41 53 49 32 92 22 95 18 7 86 18 96 49 5 99 28 92 65 36 87 99 7 94 3 34 42 68 43 64 22 27 6 57 67 47 62 91 60 60 7 98 90 59 76 96 68 77 47 79 22 15 75 14 19 15 50 69 81 42
95
51 63 46 41 32 70 66 26 33 71 86 79 81 83 61 64 70 78 71 27 30 26 47 68 40 54 76 84 58 40 50 68 80 60 78 97 87 93 99 55 21 62 83 80 85 56 54 76 54 52 55 50 73 87 67 32 36 71 100 61 23 65 99 68 62 69 81 71 35 53 75 50 63 60 20 43 86 85 75 58 25 55 80 69 68 58 29 51 53 24 39 32 30 67 52
93
23 60 80 55 23 58 80 38 8 6 0 43 54 57 52 8 33 45 17 23 21 23 70 64 35 31 32 51 66 32 35 44 36 68 81 46 17 14 14 37 43 19 31 35 48 48 27 47 56 75 90 67 62 80 78 79 50 12 47 80 46 46 43 48 47 41 54 39 58 46 9 41 70 35 30 36 29 38 61 80 46 43 59 33 46 65 71 84 47 51 50 36 28
95
6 45 50 31 29 12 32 35 51 75 71 85 55 16 10 27 47 57 71 87 56 22 35 32 22 60 90 41 31 68 78 45 46 78 61 28 17 26 32 54 72 77 55 50 77 55 36 71 82 76 58 20 40 80 50 41 51 38 52 64 81 48 46 56 28 22 11 47 56 48 60 71 48 33 77 91 86 93 97 75 56 73 85 47 12 13 36 60 50 26 31 62 57 66 50
93
33 52 37 21 37 43 57 49 31 49 73 78 54 71 67 47 62 90 72 42 46 60 39 40 61 49 73 62 35 40 26 48 62 48 60 62 71 82 48 24 42 31 22 58 68 65 70 79 54 27 29 55 97 88 66 54 54 75 57 56 59 26 56 94 87 64 33 12 35 48 35 64 95 67 42 69 52 54 100 65 36 56 55 61 52 21 19 58 64 62 85 85 48
95
2 35 36 21 36 35 57 41 52 67 35 32 45 57 71 71 46 61 61 28 10 45 66 66 61 68 99 53 31 50 62 72 77 65 49 44 50 77 48 32 70 48 14 58 58 35 43 26 26 49 64 81 59 43 55 29 26 35 25 10 25 55 77 87 67 59 68 78 73 31 51 91 51 44 69 73 45 43 57 56 70 55 59 69 62 81 87 73 64 31 36 52 29 30 20
95
15 41 51 48 32 27 55 82 76 40 43 34 50 88 77 82 76 39 42 70 54 48 63 52 39 57 78 55 30 27 39 47 41 62 76 56 48 65 87 100 90 49 32 52 63 63 79 91 87 91 51 42 54 47 61 43 19 17 40 46 57 78 63 45 67 55 22 54 50 45 71 45 20 24 19 50 47 41 77 78 46 35 70 67 50 54 44 39 49 53 64 88 85 37 4
97
50 84 48 16 51 94 54 42 48 37 39 34 25 8 14 55 84 82 60 59 42 11 38 33 39 75 41 50 70 54 53 41 46 70 93 73 48 66 76 64 51 46 27 39 81 89 52 49 85 70 63 81 72 50 26 46 62 38 54 72 88 54 41 61 30 22 53 76 56 63 96 65 27 40 78 85 56 46 46 37 20 47 63 42 37 49 77 89 59 38 56 40 48 43 6 42 41
97
82 0 46 53 25 49 39 53 85 61 43 39 32 38 26 34 59 49 33 34 48 41 16 31 51 56 81 88 53 57 57 40 35 49 61 50 60 38 59 59 53 44 38 78 58 32 37 54 39 9 46 65 58 84 74 61 52 25 31 58 53 45 74 56 50 44 31 55 73 77 44 44 46 34 41 28 5 26 62 37 41 46 9 40 84 64 33 53 80 55 17 50 71 35 19 48 38
97
81 0 49 96 78 69 64 40 27 27 52 81 77 45 12 43 57 46 80 82 44 18 36 37 20 35 60 52 15 9 40 38 32 67 63 44 63 54 15 34 38 9 27 57 76 46 4 37 76 43 25 35 16 5 16 48 43 21 36 51 73 90 68 43 38 61 59 17 45 65 68 83 83 69 42 59 54 39 60 73 76 39 17 17 24 41 50 79 92 88 60 36 60 53 51 59 19
95
29 72 64 51 65 73 75 85 92 64 65 61 67 56 36 44 28 64 99 83 36 41 57 25 37 59 33 35 49 19 38 48 27 52 77 85 74 71 83 83 53 40 46 64 49 15 28 33 24 51 71 72 47 5 40 39 5 31 60 41 49 55 33 54 75 45 12 17 29 50 72 74 37 35 68 74 71 48 43 41 49 57 41 32 33 67 96 100 81 71 89 86 58 70 51
97
33 58 45 34 62 54 18 18 14 49 46 39 82 69 41 21 22 70 87 75 53 65 72 60 82 58 59 83 80 76 77 85 90 82 43 26 46 48 67 96 56 29 69 67 18 37 39 36 68 60 47 58 83 87 58 51 58 29 15 53 75 72 69 30 21 27 54 84 52 52 50 23 40 78 65 64 52 24 38 59 59 67 58 23 45 63 67 85 58 46 62 27 27 56 68 42 5
93
14 31 30 36 32 41 40 40 80 50 30 30 39 65 56 47 52 45 52 58 57 75 70 57 69 75 28 35 66 41 48 67 62 34 8 52 80 68 80 89 76 63 57 41 18 4 0 47 90 81 52 17 37 41 22 29 46 32 42 42 36 42 18 50 46 35 67 62 60 58 39 37 37 29 48 67 35 10 50 50 18 25 41 56 29 47 51 32 41 31 21 34 27
93
47 79 36 47 78 29 41 67 11 77 16 40 49 99 100 9 16 50 65 43 43 9 96 96 22 59 97 83 86 81 45 86 32 1 79 77 36 78 95 1 70 99 34 79 81 83 77 33 44 7 36 60 59 82 32 29 75 0 92 45 29 70 1 47 26 63 5 100 12 14 85 25 37 60 43 69 65 22 94 37 13 84 6 89 65 21 72 5 81 84 60 7 18
95
14 78 19 14 23 85 98 1 36 19 80 50 27 67 10 20 74 84 32 67 16 47 52 79 6 36 91 21 38 88 81 83 0 84 43 66 72 64 47 37 7 92 24 53 18 43 41 65 82 31 91 6 34 87 36 5 94 30 30 95 84 55 71 18 48 55 60 18 15 19 84 78 67 51 37 59 29 91 67 60 11 86 71 62 20 45 59 59 43 25 16 71 46 57 7
93
35 77 45 33 79 66 60 48 30 68 77 38 10 46 83 45 47 56 55 58 61 56 12 33 51 63 92 87 74 77 58 49 55 52 65 46 50 66 62 43 15 47 86 83 42 38 55 35 36 46 64 59 61 67 45 34 14 21 24 20 26 41 52 48 27 34 72 80 68 70 77 83 69 63 87 70 38 26 53 49 43 42 51 91 86 65 59 70 81 69 66 66 27
97
15 32 32 40 56 72 51 32 58 38 13 17 13 54 85 84 38 16 15 9 54 73 62 43 26 27 42 42 26 37 70 61 44 40 10 25 30 8 44 77 35 33 49 50 66 40 44 47 42 57 61 76 78 56 41 18 13 40 35 37 26 42 80 52 19 38 35 34 36 35 49 13 35 37 13 47 63 65 79 60 35 47 64 71 50 34 31 22 20 48 72 59 51 53 67 69 25
93
42 66 56 42 21 53 41 15 28 21 9 41 41 18 59 58 25 42 59 46 48 66 41 4 5 32 65 69 71 44 31 50 56 62 73 48 48 60 65 54 18 30 64 88 87 46 32 66 37 12 48 49 25 16 12 28 39 33 11 6 30 26 26 70 68 21 14 56 85 70 46 48 53 37 26 24 54 71 56 27 11 22 46 50 19 30 30 18 14 0 43 84 39
93
23 27 18 31 23 17 38 63 35 9 36 44 24 26 65 75 61 72 61 48 60 66 33 5 13 28 61 82 62 55 65 58 65 63 41 38 68 53 27 50 42 33 57 37 28 72 46 0 39 64 63 76 48 51 66 65 72 47 39 58 80 76 62 52 25 6 45 59 35 69 93 66 64 56 38 39 57 75 39 12 54 78 30 29 72 67 45 50 53 72 89 71 29
93
65 81 58 23 29 92 35 12 25 36 14 56 29 71 72 34 32 98 18 85 43 43 49 63 36 55 84 37 84 96 8 3 48 58 58 4 56 81 56 68 15 64 23 65 83 54 69 98 98 91 14 85 52 12 14 36 44 14 70 6 2 100 44 70 67 76 41 3 75 40 74 36 17 74 97 35 12 48 18 93 56 99 64 93 29 27 14 9 100 51 56 37 6
95
9 0 43 86 65 23 35 68 81 82 40 24 26 23 58 42 39 55 53 45 12 14 33 63 70 46 22 48 46 16 33 49 66 51 34 37 37 57 53 44 38 32 60 45 45 43 20 43 36 33 55 75 51 24 44 76 95 55 24 49 75 62 41 25 15 23 19 49 83 83 67 57 49 20 47 46 8 43 74 79 82 54 49 52 50 77 54 25 49 66 67 61 72 61 16
97
29 43 2 35 77 83 7 80 96 78 14 80 31 35 4 84 15 84 89 28 94 30 32 7 49 56 6 81 39 24 0 62 19 6 25 0 48 85 32 54 61 14 23 25 24 70 97 69 28 50 47 30 90 71 89 25 82 34 87 56 16 80 53 28 92 21 23 8 70 21 18 48 66 57 1 10 44 86 13 45 57 59 30 95 52 18 10 100 17 11 84 69 55 11 68 65 28
97
27 92 95 89 4 14 1 55 52 87 27 94 56 28 48 33 63 34 40 39 49 6 53 4 41 81 4 55 55 15 72 39 41 33 48 31 43 25 65 91 9 63 18 85 71 6 45 54 74 18 40 42 27 52 90 19 13 28 61 71 18 6 63 43 31 16 55 4 34 47 18 43 93 36 80 88 40 6 91 93 87 55 32 70 82 94 63 33 77 26 68 41 49 87 13 30 61
95
1 16 18 32 36 46 71 32 30 55 44 25 49 48 49 77 48 29 27 45 77 55 27 34 59 58 63 80 63 34 44 76 53 22 25 31 44 68 67 48 36 51 56 48 36 33 66 47 29 68 51 23 60 73 59 51 52 47 47 81 69 33 53 70 68 42 35 35 5 45 66 66 47 39 53 61 49 41 81 86 46 25 18 6 41 36 31 78 84 53 48 74 61 27 7
97
1 0 46 51 13 32 50 66 70 59 53 24 30 48 65 96 69 41 51 49 68 75 35 56 49 15 51 87 76 57 31 4 51 72 59 71 59 60 61 60 67 58 71 45 14 15 20 59 49 25 57 56 29 50 76 68 54 72 87 89 84 55 45 53 51 32 17 26 43 67 66 43 59 84 47 52 59 31 27 17 27 40 39 62 51 9 30 72 54 16 46 49 25 33 60 73 33
93
45 48 9 16 15 54 88 45 49 62 38 28 33 60 68 49 52 48 57 92 74 46 39 37 47 33 38 72 50 21 58 70 58 56 43 50 63 78 75 81 86 77 49 14 24 61 61 45 28 17 57 66 34 21 17 41 79 58 62 66 37 63 52 31 73 72 26 10 34 47 56 74 85 70 36 25 51 52 35 43 23 51 93 65 69 52 15 59 72 42 21 16 14
97
29 59 63 40 45 78 45 10 10 43 46 55 82 76 62 48 57 63 42 24 43 39 16 50 50 31 58 41 30 59 58 41 63 60 24 25 54 71 73 44 25 43 33 40 42 36 43 53 47 45 69 41 37 75 51 8 13 23 18 25 35 55 40 25 66 57 22 30 23 29 61 78 78 54 57 36 46 66 61 62 21 15 39 43 68 97 78 69 84 83 74 54 55 85 89 42 1
95
43 72 42 18 37 80 64 23 12 43 63 47 63 53 52 89 73 54 60 37 52 49 29 33 25 17 26 74 96 72 40 59 50 46 85 47 40 50 23 60 51 27 50 34 20 35 42 20 28 40 32 52 42 18 11 18 61 74 40 23 31 26 23 62 84 78 81 85 79 71 41 51 63 48 61 52 59 66 55 62 38 48 86 41 2 7 46 66 35 25 63 51 10 38 32
97
41 69 46 65 79 64 44 33 36 30 55 76 85 50 12 60 61 36 41 62 91 65 72 100 96 98 56 13 29 70 62 64 67 42 54 64 49 60 89 74 77 49 42 86 55 56 65 22 50 77 60 70 93 94 58 43 79 60 61 89 72 65 55 67 54 45 82 63 64 73 61 77 47 32 79 63 30 70 84 85 74 49 41 48 45 30 26 54 95 76 68 76 78 84 75 47 17
97
0 95 78 90 47 74 75 10 94 7 11 61 39 35 97 11 92 83 80 5 60 93 16 40 54 26 33 20 62 49 72 53 44 12 15 93 55 68 2 29 60 59 100 90 50 51 91 29 9 40 0 92 81 22 94 36 61 51 80 73 69 95 43 86 41 44 75 13 62 18 82 34 9 28 71 68 40 43 51 97 13 63 0 88 38 69 6 50 65 95 88 90 82 73 67 67 60
95
9 9 1 42 64 52 61 63 53 26 10 6 22 34 36 37 18 31 47 67 91 52 25 65 66 33 46 51 41 51 73 66 45 70 69 66 66 37 41 30 12 16 22 43 75 80 68 61 42 29 26 39 59 76 47 8 31 49 28 40 54 36 62 45 17 18 8 29 20 6 27 59 76 54 39 64 46 45 49 50 77 74 55 64 46 23 41 21 33 45 44 38 21 48 36
93
1 1 27 75 70 38 54 84 53 27 45 46 53 61 67 66 65 66 54 28 12 13 39 60 54 75 63 31 54 68 61 44 20 11 14 40 61 45 48 53 33 55 48 31 61 82 75 33 44 71 28 29 32 8 32 49 64 90 70 22 16 21 45 55 20 5 11 45 65 74 74 49 33 20 49 72 55 39 19 31 29 29 21 11 35 70 60 22 31 22 6 14 7
