100
95
59 63 42 62 75 55 34 54 53 48 54 78 63 23 23 29 52 82 74 80 81 65 50 32 65 79 51 54 84 62 36 30 38 71 52 29 44 80 62 38 34 58 73 39 32 49 44 46 42 57 95 49 43 70 52 41 58 63 57 44 36 70 55 16 33 40 45 53 67 65 50 73 69 43 36 47 77 53 42 81 92 79 41 30 39 39 26 12 31 49 34 55 88 92 54
99
68 0 27 73 52 14 52 59 61 55 43 76 78 79 86 62 28 33 60 77 86 59 25 46 36 23 22 25 53 68 82 56 39 48 50 62 61 34 18 19 16 49 83 49 56 76 51 24 28 72 61 17 39 43 48 75 64 54 26 29 34 40 43 19 26 43 49 67 87 73 60 71 56 56 64 74 74 43 21 30 58 38 24 61 87 47 17 21 54 55 9 9 44 42 53 50 52 92 44
99
62 0 23 48 74 53 35 69 78 61 67 91 47 35 51 38 34 30 33 58 51 53 92 74 40 27 18 13 28 45 60 76 42 43 68 33 12 45 71 67 54 59 77 53 47 80 92 51 19 24 47 34 22 34 21 44 35 3 51 87 74 48 35 71 53 31 73 94 88 75 44 29 26 42 53 24 32 56 67 84 81 46 17 27 67 65 57 64 31 28 72 93 72 29 43 46 37 49 18
97
15 40 51 49 62 60 63 59 20 49 53 27 43 41 55 54 53 56 52 43 43 80 94 60 61 93 69 26 48 80 61 48 45 63 55 40 42 41 69 48 51 60 18 35 44 21 52 58 29 22 11 19 53 70 81 61 44 55 38 42 56 66 72 76 43 9 54 65 54 46 24 61 61 45 70 46 47 71 54 47 31 53 57 20 33 40 51 72 84 87 44 13 42 35 20 58 41
93
36 46 42 64 63 79 100 58 38 67 56 21 27 53 48 37 30 62 90 90 61 57 81 82 61 47 57 52 76 97 84 79 88 52 46 48 46 54 63 71 55 44 32 27 53 94 91 69 44 22 32 30 43 80 75 37 52 93 70 53 59 49 43 48 62 88 84 85 58 58 61 55 48 16 38 29 39 51 47 83 56 22 35 37 67 70 69 85 81 60 31 42 28
95
32 46 25 53 58 32 39 63 91 86 80 72 64 78 72 32 44 65 62 66 43 64 72 25 7 43 38 50 51 24 69 97 96 62 49 71 74 48 54 54 37 50 53 65 81 46 11 48 63 26 30 46 39 52 60 48 31 18 13 47 57 48 61 34 37 71 39 40 64 35 49 81 50 43 81 86 58 56 40 36 72 78 71 37 41 39 32 44 66 64 49 70 54 52 34
93
78 5 17 76 45 34 28 27 23 56 92 3 100 55 81 31 93 63 20 46 80 34 28 8 83 0 81 3 0 81 50 94 50 21 78 96 74 70 95 3 4 20 17 29 25 53 50 75 59 39 9 43 27 9 61 59 39 32 63 85 63 14 11 77 6 5 78 42 63 9 77 66 26 52 35 60 21 99 53 70 67 20 3 86 85 78 7 62 50 75 45 70 99
97
14 28 22 43 56 64 71 42 19 31 36 38 48 66 47 11 14 38 72 56 39 45 46 63 80 47 23 39 71 57 17 9 41 48 47 62 58 56 59 61 52 54 29 9 45 86 49 41 83 88 61 49 78 74 61 35 3 50 58 30 59 45 36 51 50 41 56 53 19 26 32 58 61 27 13 31 41 44 40 35 40 32 61 68 73 92 84 53 12 24 53 58 76 66 36 55 38
97
43 65 46 35 29 22 15 52 62 65 49 47 74 48 29 27 20 13 43 70 48 41 52 41 58 86 87 65 67 49 35 47 64 67 50 53 61 40 38 44 14 36 62 82 91 79 86 71 54 34 5 45 61 57 44 53 76 59 64 70 59 27 42 55 59 67 46 69 67 55 66 30 6 29 52 55 67 47 56 73 50 65 61 28 20 60 66 36 21 6 45 84 85 93 52 26 22
93
10 30 52 45 28 53 53 17 45 83 41 16 51 63 29 20 37 50 31 15 57 46 2 36 68 49 62 60 49 64 46 40 23 7 30 20 6 52 54 14 1 10 21 7 8 53 74 34 6 49 67 63 87 89 56 27 62 79 48 14 38 74 51 29 53 49 50 55 20 25 39 42 42 51 59 42 56 66 24 10 14 26 27 34 68 69 58 62 38 29 30 45 37
97
80 22 83 56 52 30 99 57 27 25 60 30 91 36 51 36 26 27 68 65 46 78 3 74 61 26 34 17 67 38 21 33 38 92 80 15 74 63 96 20 98 81 61 33 17 97 52 75 81 42 78 31 36 84 87 84 31 9 65 93 62 69 90 42 28 27 39 30 11 44 66 21 17 38 40 17 56 39 86 65 82 56 85 56 96 2 69 45 66 98 39 39 23 18 29 4 9
93
61 20 15 30 1 25 38 96 7 35 40 28 36 92 89 21 45 82 95 72 34 86 83 45 9 52 18 83 17 41 96 60 80 21 40 87 20 94 62 55 14 38 50 94 22 48 32 78 55 61 74 34 55 82 72 30 40 49 94 89 32 46 55 97 17 64 43 21 95 14 13 10 76 83 56 15 77 34 34 63 96 27 62 9 22 19 20 31 12 50 73 38 85
93
14 66 65 87 63 91 86 63 20 79 34 11 37 98 96 25 91 91 100 70 2 56 64 57 8 69 23 21 17 70 1 97 95 5 56 0 71 49 21 89 18 52 24 63 52 65 47 88 95 24 10 49 85 49 3 77 43 94 97 79 79 49 11 100 36 73 34 61 88 63 62 30 27 74 18 16 19 29 61 38 91 38 7 58 89 84 71 66 28 13 77 8 43
97
42 80 87 57 39 67 76 79 80 65 73 70 72 75 54 72 57 21 17 28 60 61 78 79 64 62 41 49 54 43 42 67 62 48 59 58 39 52 57 50 75 82 67 37 60 64 29 26 53 79 63 33 37 80 92 67 46 32 64 66 34 34 56 49 16 24 44 52 74 90 94 77 51 80 67 64 81 69 91 73 34 50 44 31 60 66 56 54 69 53 24 24 40 37 21 21 13
97
50 65 37 51 78 68 40 41 50 49 68 84 71 83 85 48 31 60 52 52 77 52 62 96 92 47 35 63 41 27 23 39 61 53 44 47 60 45 30 66 65 43 50 52 70 56 53 59 50 57 58 61 70 62 74 73 37 41 39 35 34 55 54 49 66 56 59 45 48 47 62 61 50 65 71 59 55 89 96 93 67 48 69 84 52 14 54 72 46 55 69 71 83 71 46 67 46
97
39 69 82 57 43 83 59 16 42 61 42 50 50 38 42 49 71 77 76 67 33 27 24 40 67 56 59 82 82 85 63 55 62 73 64 42 41 39 56 76 58 49 46 47 80 69 66 44 23 47 65 66 39 18 32 31 39 73 91 99 94 76 61 38 17 56 73 33 53 70 38 59 98 62 56 76 67 84 86 57 22 29 32 16 54 80 76 46 42 73 79 89 50 15 21 47 41
93
31 38 32 28 40 62 36 34 58 78 69 70 59 56 53 46 42 44 44 47 44 10 46 48 12 35 68 49 49 73 60 37 27 50 57 25 24 24 29 66 62 23 31 55 64 49 35 64 48 48 70 43 41 55 37 47 73 48 41 51 39 19 35 45 14 30 44 59 46 10 38 46 63 65 64 95 51 12 45 55 37 21 36 67 68 84 87 72 80 52 13 7 0
95
27 53 49 47 38 27 17 44 87 89 87 55 35 33 31 44 42 50 76 79 56 36 47 41 55 53 22 21 34 72 83 51 55 64 51 44 34 44 38 48 35 5 32 78 96 76 73 94 83 74 59 44 56 54 59 56 40 37 18 50 69 67 90 50 55 73 67 47 54 68 57 76 39 17 52 55 66 60 22 50 54 24 16 33 72 55 18 28 63 53 37 63 66 32 3
97
37 0 31 53 55 51 23 21 39 62 74 41 23 61 47 46 88 45 44 89 72 33 35 54 42 51 70 41 6 20 30 49 87 51 30 51 46 23 14 28 23 19 51 51 47 64 44 26 11 43 69 31 11 21 44 47 29 47 62 74 78 45 61 76 31 50 92 82 62 32 20 21 29 48 42 29 46 60 48 58 82 75 44 35 62 73 72 69 73 51 38 74 79 51 41 39 14
93
39 55 35 64 63 25 56 81 79 81 73 58 71 78 41 37 58 67 72 63 50 56 67 47 59 79 73 86 66 72 87 53 67 77 32 44 51 53 53 42 72 62 64 67 40 33 49 38 37 45 55 72 42 20 31 59 57 61 53 39 74 88 70 61 48 53 43 21 47 44 27 41 76 82 46 63 63 28 32 50 72 54 41 78 78 70 91 78 42 57 82 66 30
93
5 50 83 83 89 84 73 60 66 77 54 40 57 68 61 43 63 80 50 64 77 70 87 92 90 50 33 49 68 47 23 65 75 79 69 60 79 62 38 60 91 73 48 34 39 55 53 71 87 58 54 72 41 41 67 43 36 73 47 44 57 42 54 49 59 79 51 37 31 11 12 22 35 23 54 47 28 36 33 58 78 80 70 79 58 17 21 24 37 53 72 49 0
97
81 0 41 43 9 35 32 38 51 55 38 5 21 32 24 41 56 52 61 78 82 51 57 65 38 28 60 50 5 8 18 61 75 54 45 65 94 89 63 22 17 49 54 32 12 37 85 80 78 94 87 67 66 73 59 43 20 28 28 3 9 28 48 39 36 33 23 41 46 40 29 21 28 32 22 30 39 40 43 40 36 60 61 38 53 45 30 25 21 17 38 54 42 43 29 51 46
95
18 62 60 20 55 68 62 89 79 51 22 9 30 58 73 59 64 50 8 45 72 46 38 72 69 66 53 44 55 66 97 86 71 80 53 50 49 53 69 35 33 28 15 28 25 50 71 70 82 61 45 27 49 60 25 35 57 37 19 20 41 81 50 12 45 62 32 13 45 64 60 51 49 79 82 79 65 43 70 71 62 75 40 37 60 31 12 48 68 59 39 15 30 71 51
93
8 43 44 22 46 59 66 54 23 27 54 74 80 43 19 23 18 41 66 48 40 47 43 44 46 62 70 79 57 31 21 52 77 33 51 91 91 70 44 59 65 76 95 46 4 51 54 29 47 58 60 37 46 45 23 47 58 48 30 38 74 76 37 44 64 31 15 57 75 32 9 50 62 21 19 47 38 30 66 73 53 25 14 36 30 5 16 19 6 42 87 87 42
93
46 46 7 42 72 45 41 65 78 68 35 50 93 94 85 66 69 95 95 79 64 74 73 67 74 74 44 46 64 65 54 44 70 53 26 48 44 16 41 85 56 40 66 54 51 60 36 29 28 35 64 65 76 49 27 67 96 96 78 61 55 32 10 28 44 46 60 70 65 72 94 56 42 83 65 69 61 41 73 74 51 30 45 86 71 40 23 32 51 50 74 91 48
95
71 0 48 55 54 85 60 60 86 74 66 48 42 69 62 54 68 60 41 29 23 20 17 19 53 74 28 50 74 71 67 31 25 15 9 51 56 22 30 64 65 40 63 89 50 9 13 18 36 39 54 50 20 41 55 53 74 98 84 41 12 28 31 18 57 76 54 57 39 17 48 86 69 32 56 65 43 27 30 62 72 72 80 67 66 53 13 41 85 72 73 68 36 36 19
97
25 0 49 71 63 46 40 82 67 41 59 56 53 83 94 89 44 45 71 52 35 11 40 40 2 15 55 58 52 54 24 7 49 92 52 37 41 55 46 3 46 71 67 56 31 17 43 79 58 31 19 53 84 79 69 75 71 40 37 68 50 42 86 60 47 55 23 45 46 40 74 44 34 70 89 75 40 26 62 87 75 58 65 91 49 40 42 45 87 46 23 53 39 16 41 41 7
97
30 58 5 38 66 7 95 70 83 66 31 8 90 2 68 20 87 2 42 21 71 85 25 12 11 36 80 11 67 97 37 41 99 12 79 39 63 51 10 56 66 87 64 2 71 79 13 91 53 43 40 81 65 74 50 94 65 96 18 52 17 45 54 54 4 22 90 89 31 68 98 60 87 60 89 33 45 88 75 91 3 39 65 30 36 2 43 10 79 78 56 91 33 0 33 54 73
93
35 37 21 21 55 93 50 54 83 78 48 55 98 59 12 15 55 80 77 78 83 74 44 22 18 62 62 40 54 60 86 96 55 26 62 70 37 41 68 42 12 20 25 32 68 87 85 72 57 75 80 84 84 49 23 55 54 27 17 37 51 50 69 44 13 13 31 50 50 30 22 46 50 31 16 27 35 45 42 14 17 62 53 28 59 80 49 28 69 79 76 83 45
97
29 34 38 67 42 19 34 55 75 56 46 57 65 63 29 43 48 44 66 68 80 91 51 55 89 78 84 71 73 70 44 45 27 26 54 70 70 56 56 49 58 42 44 81 69 63 57 43 65 71 55 67 85 91 54 18 23 54 39 25 56 73 54 53 71 67 48 25 44 47 38 46 30 26 21 33 56 47 54 81 83 55 37 59 82 85 70 50 47 33 56 90 84 47 31 38 18
99
38 0 12 60 52 24 40 64 88 63 25 24 24 13 54 81 54 38 66 84 67 37 20 56 65 61 72 39 34 71 61 45 34 51 60 55 63 74 80 69 78 51 30 39 61 44 8 52 61 28 21 52 58 43 65 61 73 59 27 20 19 45 57 54 72 58 51 84 47 47 54 31 29 54 87 51 14 22 41 52 73 62 37 33 54 71 78 70 39 15 41 70 38 49 63 21 3 27 24
97
5 26 37 29 44 33 8 20 26 17 28 67 76 55 23 24 53 49 50 43 26 56 49 6 11 15 52 85 63 65 46 50 61 44 39 39 46 39 24 29 53 39 38 74 88 48 40 78 46 20 33 45 30 43 82 86 52 21 17 30 66 57 56 41 41 85 56 28 42 33 45 37 50 95 96 86 58 34 61 51 19 24 45 50 21 17 46 55 64 51 35 72 62 34 27 35 24
97
3 32 61 78 77 62 43 52 65 48 46 24 13 44 69 69 65 80 52 10 43 77 74 54 27 57 92 72 78 64 53 84 49 27 44 27 32 48 56 51 56 54 38 53 48 27 14 44 73 76 88 46 8 43 81 74 30 20 43 44 29 10 13 56 48 53 51 11 57 81 81 80 34 48 82 56 57 58 69 83 41 20 19 19 32 64 76 53 27 44 82 47 28 35 43 51 21
99
82 0 25 33 12 9 14 14 13 11 40 50 26 41 55 34 32 74 91 46 34 66 36 38 76 82 80 69 69 73 47 44 34 35 76 70 51 71 96 73 43 66 78 67 84 76 78 61 56 67 44 54 58 59 82 59 60 58 50 60 58 69 62 38 49 81 88 74 58 72 61 49 53 61 82 47 35 56 34 56 77 39 36 36 22 58 41 38 58 44 30 41 81 73 40 50 50 44 31
97
29 59 29 85 4 82 48 55 17 73 25 87 1 31 59 91 79 33 25 55 3 16 64 51 6 8 23 15 12 57 96 65 33 22 91 92 57 84 79 13 3 47 6 8 41 3 8 72 79 52 20 89 56 15 27 5 21 53 38 3 99 46 12 69 65 80 13 61 73 98 52 92 17 75 70 6 59 70 65 51 55 84 52 65 94 34 59 58 74 40 3 17 56 59 61 19 95
95
96 84 75 55 80 63 75 70 69 2 17 53 85 79 95 49 42 3 17 15 93 3 91 82 50 89 61 46 54 76 57 62 28 85 85 4 43 28 22 52 19 42 50 79 79 99 93 35 39 85 90 79 66 29 56 3 9 51 2 78 100 100 87 10 79 59 16 12 34 13 15 32 28 86 79 37 26 27 34 17 9 7 23 24 61 17 74 66 12 67 62 59 18 14 39
95
90 45 79 43 57 9 7 22 67 5 6 63 58 2 49 66 52 28 57 62 84 10 97 15 22 21 26 96 78 31 38 41 11 98 89 15 51 19 87 69 73 35 97 81 49 88 20 43 33 87 3 58 69 39 69 4 97 61 11 27 47 9 67 79 92 30 33 23 25 50 94 70 57 33 68 77 88 74 56 73 75 48 84 42 40 4 61 8 100 87 100 30 90 5 23
95
0 26 45 61 50 10 10 41 51 58 49 43 83 72 67 65 53 44 25 44 50 29 19 18 10 8 8 27 71 59 16 11 54 91 61 35 54 46 35 72 95 94 58 10 48 53 53 74 71 65 59 54 33 40 25 37 72 67 31 17 18 40 77 60 58 74 82 84 38 1 9 34 69 54 22 60 64 26 60 65 37 45 47 50 73 69 46 49 33 35 74 77 51 63 43
95
63 89 43 86 0 41 17 76 64 45 86 95 74 100 48 35 32 80 84 15 0 10 96 63 76 65 93 9 86 41 38 30 13 5 10 12 63 92 2 30 77 39 89 70 69 0 29 47 70 17 32 15 60 12 20 84 77 3 25 79 82 34 42 16 83 56 63 84 42 10 81 35 56 33 65 100 62 23 42 88 64 12 85 58 30 78 88 43 11 98 94 41 15 76 3
95
43 54 17 41 35 35 70 37 9 56 65 60 81 57 63 46 34 36 19 44 76 68 33 53 60 20 4 7 27 24 45 75 41 39 73 64 65 84 55 28 52 73 72 83 67 29 55 92 73 35 51 79 80 53 31 26 27 68 58 21 7 22 29 47 75 41 19 35 32 14 8 9 42 75 43 36 34 46 48 36 49 53 49 29 23 18 26 38 28 52 59 59 93 74 25
93
18 43 90 16 13 18 7 69 99 38 40 60 44 13 48 53 44 31 73 17 92 27 64 8 59 97 59 54 24 65 52 68 77 97 43 83 76 15 99 39 37 44 89 86 84 63 15 28 50 51 92 39 62 27 38 66 34 89 38 23 8 19 76 15 61 57 46 73 30 28 84 95 71 83 3 9 87 83 48 97 77 36 40 56 26 90 63 27 12 10 33 68 36
97
53 90 75 67 38 26 48 50 45 74 98 90 53 40 42 51 52 38 71 59 39 62 47 36 35 31 24 53 72 35 45 45 19 19 48 61 69 55 38 60 81 91 77 69 60 61 73 87 67 30 25 35 38 45 51 54 69 76 68 42 40 75 52 42 59 33 54 75 85 58 10 6 21 58 55 46 80 82 60 65 71 35 10 29 36 63 78 32 9 50 85 60 65 90 49 45 42
97
3 91 71 74 28 36 40 99 71 31 45 6 69 47 51 50 46 48 88 74 11 15 8 92 81 89 98 0 73 96 43 98 81 58 88 15 17 23 49 0 34 31 80 79 19 54 69 71 81 21 62 84 12 32 17 54 14 25 1 76 23 63 83 48 85 66 81 99 76 68 20 30 67 46 13 29 97 29 92 98 3 66 13 39 14 75 11 40 11 27 42 85 14 100 100 64 63
97
25 65 66 42 42 41 67 55 40 45 38 30 5 39 65 76 92 91 81 65 61 54 24 23 70 97 60 13 35 82 80 80 65 66 66 53 82 83 42 9 7 31 31 16 31 48 64 84 63 59 80 45 33 32 21 51 83 76 53 29 23 19 54 74 27 17 43 62 40 46 58 28 46 86 84 65 53 35 42 62 43 54 81 45 49 67 73 80 72 64 40 57 47 33 32 49 47
93
2 33 60 33 39 54 37 28 41 40 31 41 63 86 57 45 50 29 16 12 10 18 14 44 73 78 93 79 62 75 49 35 46 57 77 59 49 28 28 36 45 48 52 71 75 54 28 28 53 49 51 44 48 80 64 74 58 44 53 63 58 41 37 44 78 54 49 45 27 30 35 61 39 40 47 38 23 36 59 32 29 46 38 42 71 48 31 55 32 13 49 42 5
95
13 22 58 72 40 45 59 49 69 65 70 81 79 88 77 66 49 64 91 72 53 75 91 55 22 38 76 98 78 72 51 41 66 73 45 30 34 34 39 43 45 64 75 69 68 78 64 27 53 61 55 64 37 39 78 93 58 35 58 78 56 35 52 33 57 100 56 56 64 44 50 29 41 55 68 72 53 36 46 72 70 85 55 25 68 76 38 28 64 57 50 66 32 54 51
97
50 98 60 26 48 59 74 66 64 72 56 41 22 31 29 37 46 30 35 54 58 29 26 56 50 47 61 41 41 42 22 16 45 70 51 60 41 39 43 54 66 68 94 66 50 44 44 79 60 32 30 13 53 70 67 88 78 59 46 60 60 40 50 43 45 74 48 15 14 27 53 61 38 58 100 65 59 90 70 27 21 62 59 31 48 77 52 59 54 14 23 57 75 54 27 24 23
97
65 29 23 82 21 72 86 2 68 32 23 21 80 88 63 81 0 96 16 51 67 62 66 52 43 36 3 3 9 48 65 63 39 20 88 54 74 99 17 56 29 30 32 31 58 14 77 65 31 15 36 16 78 92 10 6 86 7 59 57 43 59 82 4 43 27 17 35 70 91 87 62 68 22 69 31 57 92 38 96 1 20 66 17 17 18 61 87 90 30 64 97 23 81 22 92 53
97
88 0 2 24 57 36 28 44 25 39 65 82 67 41 64 88 77 36 37 36 44 44 14 32 50 44 26 46 65 76 94 56 34 48 65 87 60 20 50 54 31 49 36 38 29 26 45 67 71 33 32 55 58 26 45 87 46 42 52 13 13 19 29 65 50 27 38 62 71 72 79 57 59 72 35 38 41 4 18 35 40 57 42 54 55 39 41 42 71 73 74 81 42 10 44 40 5
95
93 95 9 53 100 92 70 9 39 60 86 14 53 100 22 14 89 94 20 13 0 9 62 29 28 93 84 0 3 72 73 85 82 91 39 45 41 69 88 19 50 17 53 94 46 62 17 10 58 83 4 68 80 37 5 75 41 24 9 16 83 52 65 1 45 12 81 63 82 35 43 80 30 54 96 46 47 85 75 29 48 25 33 44 66 11 19 16 39 24 24 32 87 15 100
97
42 51 46 72 64 36 16 25 34 60 79 54 73 99 82 63 36 49 50 24 63 77 54 51 66 47 27 73 82 51 70 91 52 62 95 89 83 75 49 50 61 45 48 45 51 37 44 66 64 86 89 54 56 55 24 37 48 58 72 52 27 38 53 28 52 80 38 30 68 56 26 61 65 61 77 46 32 27 47 67 45 52 74 74 73 62 29 50 55 24 50 55 26 36 40 38 31
97
46 0 35 67 79 95 86 73 39 42 66 36 55 78 39 31 25 49 90 65 30 39 72 54 38 40 40 67 84 43 1 49 64 52 56 50 45 43 55 27 10 31 26 19 35 23 43 52 60 73 48 28 40 68 71 73 66 56 55 49 51 80 55 22 51 39 13 28 32 17 10 46 61 35 49 54 18 33 51 52 35 34 71 83 87 72 38 36 76 95 90 77 57 41 54 55 19
93
16 57 70 57 35 24 41 73 80 46 59 59 66 66 62 77 33 33 72 77 60 64 66 33 15 54 83 55 27 23 62 89 58 27 15 49 63 51 75 51 10 24 57 75 79 49 45 59 54 74 53 49 58 34 34 45 47 45 53 39 50 73 46 51 70 49 44 50 44 43 72 92 58 59 68 64 84 81 80 85 51 39 65 63 79 83 39 55 78 47 22 36 33
97
63 10 8 41 65 85 8 45 39 98 0 92 3 41 49 77 94 72 67 92 46 12 21 14 36 28 51 89 84 32 21 72 11 8 36 10 25 18 53 71 43 63 58 64 37 38 21 99 45 99 2 38 1 41 32 40 11 80 29 62 85 41 90 74 52 87 92 88 0 22 55 23 25 47 74 92 98 45 49 46 77 43 76 15 90 33 75 64 33 10 10 7 97 88 93 79 68
97
48 81 80 59 34 34 36 34 20 40 59 61 59 62 71 82 59 30 21 7 9 6 35 48 15 28 38 53 87 84 52 61 59 52 50 27 68 86 39 23 34 27 24 36 55 68 76 72 80 53 22 61 52 28 66 80 79 51 30 64 66 31 21 29 21 35 32 27 50 37 14 35 52 30 22 28 66 97 83 48 45 76 80 70 72 73 72 52 36 57 57 39 64 53 52 73 28
95
37 46 43 47 36 44 30 13 18 50 74 44 21 64 78 75 67 67 81 54 38 59 83 74 49 50 62 46 32 27 44 34 48 69 46 59 71 63 70 78 70 40 24 20 36 75 62 50 62 36 22 24 58 75 63 76 55 40 62 90 88 71 54 71 84 39 12 11 35 77 80 69 66 73 67 34 44 79 63 49 80 57 21 23 54 93 77 69 91 82 79 95 99 62 15
99
48 0 47 91 92 82 59 63 79 52 58 82 60 57 70 80 67 43 21 43 81 50 54 72 50 55 33 15 17 19 24 29 50 61 60 53 31 34 50 34 37 68 78 72 45 40 80 80 58 56 76 75 41 56 59 21 9 20 37 51 33 38 36 32 44 15 22 27 10 6 38 67 48 46 73 61 34 54 43 40 84 68 41 50 36 11 10 49 65 63 83 47 32 45 31 43 72 82 40
93
34 44 47 54 53 45 46 75 70 71 41 26 33 48 61 65 89 82 76 64 39 39 63 74 35 44 83 51 37 58 78 69 30 37 49 48 32 14 61 76 37 35 38 36 70 81 39 36 33 5 3 9 14 17 43 47 42 53 59 60 73 51 30 51 54 30 13 50 59 32 17 11 49 57 20 20 47 81 70 68 58 56 86 90 56 8 30 58 42 51 39 12 11
97
12 91 61 89 38 65 32 73 40 49 36 86 45 43 16 49 48 5 91 65 96 13 6 72 76 28 90 17 54 45 91 50 0 59 13 43 86 39 55 72 80 63 92 61 85 67 5 56 56 54 36 38 91 73 25 46 29 17 86 50 35 51 15 52 50 8 39 38 76 41 24 18 56 50 41 42 23 22 66 26 44 67 54 4 12 44 29 32 31 47 54 9 32 100 63 92 68
93
45 47 41 54 42 57 55 39 27 38 36 39 57 60 48 49 50 34 26 41 70 76 53 51 35 25 54 61 63 55 66 49 40 49 47 64 54 26 20 27 36 73 61 56 73 55 55 54 70 83 60 34 30 38 45 40 31 22 43 81 54 14 31 47 57 85 54 54 97 86 73 64 48 20 33 68 48 38 71 87 78 64 37 29 20 45 54 25 57 56 36 43 21
97
13 61 74 44 54 51 25 42 28 28 72 83 52 40 43 29 56 65 56 57 66 80 47 53 59 35 27 22 14 31 46 29 17 13 51 81 82 47 27 32 47 45 15 22 30 47 56 41 23 14 31 29 32 69 58 47 56 58 35 27 66 64 53 55 46 43 24 26 65 67 30 48 48 35 73 49 43 35 16 27 18 44 70 46 29 42 40 24 17 47 64 38 50 53 56 69 29
93
20 53 1 63 13 26 18 86 94 48 18 18 60 99 39 66 66 55 49 57 60 29 45 37 45 48 21 79 78 38 26 6 86 68 28 95 96 43 51 46 36 18 67 76 74 74 71 75 14 4 13 60 100 77 20 6 27 61 66 95 71 14 9 37 88 8 66 41 25 90 26 72 18 11 75 37 80 23 41 80 62 6 17 63 79 1 18 28 11 56 6 52 48
93
73 16 55 52 25 85 73 9 49 47 51 9 35 57 61 17 100 30 88 58 28 59 27 6 48 66 49 9 39 33 63 85 41 16 67 53 17 86 67 8 69 23 12 77 38 60 28 3 76 87 11 96 69 16 16 57 55 88 35 10 23 36 48 44 13 72 67 97 25 34 74 12 93 85 25 33 33 99 70 71 45 30 89 64 26 88 17 88 45 37 79 46 43
93
36 50 35 24 15 50 89 70 69 72 56 43 19 32 35 60 67 69 96 87 49 21 42 38 41 71 89 64 63 81 78 85 47 55 57 16 10 53 85 45 17 56 82 62 54 30 34 56 55 48 68 88 58 35 48 69 70 53 48 41 51 60 34 55 64 70 63 52 43 23 66 62 62 66 32 15 52 92 81 61 43 53 82 95 72 69 74 68 71 78 62 26 9
99
95 0 48 77 45 55 84 67 65 54 28 27 26 21 33 33 43 42 22 51 51 39 47 63 78 63 41 45 34 25 21 22 53 37 16 34 51 77 91 45 49 57 42 52 51 49 27 60 89 54 56 62 30 44 55 65 73 71 68 49 61 74 81 58 62 76 65 53 27 41 52 62 62 46 48 67 61 60 79 63 33 40 64 34 17 17 7 22 64 50 42 76 67 71 83 48 40 57 23
93
26 35 67 89 53 52 45 33 50 54 68 79 63 46 63 88 50 52 55 12 24 42 29 51 98 63 57 56 35 77 69 29 59 95 72 35 28 47 46 24 39 68 74 55 45 74 74 66 45 40 80 86 48 19 27 49 77 61 67 92 47 41 83 75 33 22 52 70 58 58 60 62 80 54 48 52 48 66 53 75 92 89 87 54 66 79 77 87 53 53 48 28 25
93
49 52 24 64 92 67 55 48 58 67 32 34 52 67 76 88 60 46 66 46 69 71 53 37 19 45 70 59 30 54 56 34 32 54 65 46 54 33 51 94 97 96 96 94 91 97 77 67 51 36 73 94 83 74 77 88 90 92 83 71 52 23 10 44 92 76 45 65 96 67 47 81 75 76 64 55 81 68 33 46 46 40 63 46 44 65 79 49 14 39 65 45 18
99
71 0 19 46 63 85 66 54 67 72 61 25 39 76 47 9 8 10 52 48 7 53 72 29 14 9 20 53 53 28 48 72 59 63 66 53 72 61 26 42 52 26 29 34 27 45 34 11 23 35 49 48 33 21 34 65 47 60 68 42 44 31 20 36 37 59 45 48 60 42 51 46 53 28 28 75 69 54 34 26 26 45 46 4 25 49 30 34 77 78 72 76 50 43 55 70 78 77 41
97
6 32 39 19 54 70 50 70 88 61 19 45 45 29 33 23 22 30 75 87 38 29 55 37 44 46 42 66 56 55 55 49 60 82 83 53 28 45 48 48 86 67 41 54 36 23 51 71 66 77 89 74 70 61 57 41 28 59 73 68 80 55 23 16 43 58 40 51 74 90 59 31 33 43 71 92 58 38 62 40 40 48 52 81 89 83 44 46 82 93 54 30 61 37 45 50 9
93
14 47 32 4 82 33 62 76 8 80 81 14 26 31 15 11 75 9 11 6 21 90 15 47 83 25 42 45 96 16 49 44 93 66 100 25 19 26 8 45 11 23 72 21 21 9 69 40 10 9 100 40 68 54 47 93 0 82 5 56 30 15 41 90 60 84 7 82 67 88 97 79 26 69 3 39 39 75 33 49 46 71 64 97 74 14 50 8 6 16 10 30 41
97
31 0 44 66 67 57 61 65 57 83 89 89 58 48 79 68 55 44 18 24 62 77 79 90 51 29 50 31 45 65 52 65 72 41 42 66 40 48 55 37 65 63 61 93 59 21 47 70 59 74 70 55 32 2 20 45 34 55 91 91 55 36 78 97 81 44 15 8 48 67 47 56 35 11 27 53 78 56 60 65 23 51 86 83 65 23 31 67 40 5 29 60 59 73 53 23 16
95
3 11 41 46 21 45 74 37 30 52 51 77 53 37 41 22 40 48 63 49 10 22 17 41 55 43 48 22 49 79 71 58 37 48 40 44 73 85 60 12 36 83 64 39 39 60 79 58 67 79 43 26 63 88 52 31 62 85 43 43 85 44 23 24 17 59 66 49 47 54 75 58 57 47 46 72 60 72 89 51 34 49 33 18 11 10 7 45 62 49 43 42 75 47 3
97
46 0 46 69 27 41 82 75 76 50 10 24 51 76 74 57 60 36 24 68 60 59 80 59 65 50 48 61 46 50 64 42 21 42 32 7 34 34 5 29 73 51 22 45 46 32 51 84 74 69 85 95 66 59 88 91 74 41 58 54 16 32 60 55 31 29 61 55 40 54 26 23 60 42 38 44 10 46 63 21 9 42 39 23 50 57 30 34 51 19 2 11 10 9 28 25 5
97
9 24 34 22 22 66 59 16 15 31 46 68 95 87 60 65 51 27 38 48 48 71 96 49 31 55 50 35 17 39 51 43 44 20 53 66 64 96 91 77 49 29 28 33 24 44 87 72 49 28 52 64 49 79 49 44 79 60 36 64 58 19 57 99 59 26 40 33 20 42 81 92 90 94 71 62 83 50 37 51 23 30 76 90 79 56 24 16 51 52 33 56 60 64 57 22 6
97
28 66 58 31 42 42 63 98 95 93 89 94 68 26 18 58 97 80 39 49 61 67 67 48 57 44 28 37 55 61 58 78 93 81 89 63 29 67 66 54 45 17 31 27 54 86 55 20 11 46 64 59 50 27 15 20 50 79 48 12 44 37 52 88 46 26 23 7 53 95 62 68 95 66 58 78 73 72 56 32 32 53 87 89 63 53 59 46 63 64 67 90 72 41 42 71 41
95
43 47 32 76 63 47 42 51 81 55 47 47 37 24 17 32 36 35 28 59 80 71 65 39 39 31 38 68 72 46 13 36 52 68 47 23 26 48 76 66 51 57 52 33 53 47 25 12 36 64 52 40 61 62 28 14 55 97 91 84 45 43 45 42 62 61 84 98 55 30 68 86 75 65 50 27 28 41 40 20 45 52 42 62 60 50 51 32 19 26 9 15 42 74 45
95
33 0 71 1 88 57 23 58 25 35 75 71 33 97 67 19 54 93 18 48 1 57 71 80 47 56 40 49 19 82 77 76 37 19 95 16 78 90 37 70 85 77 60 91 98 91 32 54 34 50 45 18 3 43 16 33 34 99 62 37 19 28 85 18 55 64 16 52 85 60 55 85 69 91 51 68 78 20 79 3 21 93 67 39 69 85 81 11 4 34 49 83 65 43 38
93
0 43 17 8 30 46 70 18 4 19 0 48 59 9 51 15 30 67 51 29 4 76 34 15 15 10 2 8 47 82 17 100 98 28 6 2 80 96 49 58 14 93 52 99 28 27 37 47 86 44 54 65 72 91 8 59 70 23 70 17 72 63 15 36 74 19 34 95 2 82 78 79 68 78 46 81 78 80 84 80 97 74 29 58 74 80 62 91 66 79 89 2 97
93
7 19 21 38 47 34 64 75 67 77 66 65 59 24 5 45 53 24 46 71 62 67 71 34 17 38 70 53 19 12 30 56 64 76 88 88 87 74 56 56 39 46 52 25 51 72 30 9 29 31 24 28 25 37 53 53 38 48 41 15 12 18 64 49 0 32 61 39 23 43 57 29 43 82 72 49 48 48 45 34 17 46 43 15 57 67 60 53 36 55 73 53 10
93
23 30 56 83 66 73 79 82 89 53 43 83 90 44 21 31 17 15 58 69 48 51 40 43 44 53 77 88 92 69 67 52 13 16 64 96 49 46 76 78 95 95 75 75 77 37 15 44 76 77 48 56 62 63 93 67 68 99 88 73 69 51 42 52 74 62 20 39 64 36 50 74 39 26 34 37 39 65 58 47 39 8 13 58 79 48 41 45 72 59 31 43 22
97
8 18 46 81 49 58 5 36 31 24 17 64 67 15 60 18 29 21 73 74 34 45 82 45 79 4 94 3 79 17 48 10 56 34 56 53 36 77 28 48 44 9 13 74 52 14 95 24 8 26 68 18 75 80 32 56 26 29 0 13 5 6 17 32 27 69 32 81 48 60 78 78 80 70 40 40 59 88 94 61 69 49 65 99 40 43 75 15 82 73 41 57 97 58 74 98 43
93
20 24 42 85 63 30 22 30 50 48 31 27 34 26 16 57 77 29 38 64 76 82 43 10 8 45 89 72 30 35 34 39 75 91 57 19 56 97 93 66 75 72 32 41 48 59 51 16 31 55 42 18 21 41 66 63 72 100 63 62 78 78 82 56 29 30 51 75 75 66 51 29 38 27 38 79 92 94 57 26 25 51 76 78 68 31 57 93 86 52 14 16 16
93
22 24 41 46 56 53 27 31 31 58 87 81 70 71 60 66 69 66 73 68 57 78 58 20 48 83 90 63 67 85 44 19 54 69 34 16 52 85 83 60 40 45 72 52 12 48 59 47 57 57 47 68 84 84 84 73 67 48 51 75 87 59 28 35 76 96 60 48 84 78 45 62 73 75 76 42 47 69 52 49 50 54 71 85 77 47 33 47 76 86 47 52 52
95
25 89 4 77 91 48 61 16 6 27 79 76 33 9 53 96 35 16 52 32 42 54 58 93 31 37 20 50 21 69 58 79 52 77 47 2 38 56 17 96 51 31 51 59 79 42 4 63 41 30 29 88 76 18 34 99 34 76 0 74 41 62 78 60 16 24 68 24 87 13 23 51 46 17 3 29 1 14 62 59 47 94 49 100 33 31 21 76 29 80 28 100 36 45 42
93
57 48 82 34 35 38 50 54 37 17 10 73 42 66 72 58 12 88 39 49 89 9 91 81 74 64 70 74 86 98 54 81 73 54 13 54 95 84 62 26 7 89 54 69 100 73 70 73 17 58 31 90 95 39 77 6 19 41 59 33 8 76 97 6 65 5 29 32 78 56 75 12 24 76 22 4 100 39 62 10 40 68 27 24 82 85 96 56 78 76 9 1 24
93
44 57 14 30 37 57 51 47 88 83 40 47 64 66 97 84 67 47 51 56 34 54 88 63 56 43 18 59 69 65 69 50 67 47 49 80 49 17 39 78 85 65 20 20 67 80 33 17 47 53 37 50 51 37 50 71 54 40 29 23 41 39 31 51 50 52 53 23 15 35 48 20 21 17 24 31 45 75 47 53 61 54 72 63 74 85 78 54 44 34 40 58 22
97
16 0 8 33 33 16 28 31 58 62 53 76 77 42 28 71 82 45 46 65 32 29 38 51 84 76 48 27 27 60 54 23 58 96 55 19 61 76 59 62 79 57 57 56 32 62 40 17 60 94 69 38 32 54 75 37 14 29 36 24 19 22 54 90 92 73 27 41 84 57 58 55 58 97 64 35 64 65 48 28 39 79 72 68 55 59 77 72 60 43 41 49 33 56 92 47 4
95
3 19 39 56 34 49 81 36 32 66 74 64 76 53 7 16 52 68 52 56 33 2 41 86 62 21 40 73 77 79 64 68 74 34 20 58 91 74 59 82 67 49 62 72 60 55 55 54 77 81 56 44 70 90 57 45 51 41 45 66 71 25 39 85 92 88 82 66 51 65 61 49 73 86 70 47 33 39 61 46 22 59 74 64 61 28 41 68 33 36 43 26 57 67 26
93
54 73 54 83 100 78 43 45 74 84 61 64 75 57 51 58 74 90 97 51 25 54 65 69 67 51 70 70 34 52 43 17 41 38 25 31 58 60 60 91 78 66 59 43 46 37 44 62 59 35 37 69 48 47 79 46 38 52 39 55 39 20 44 71 49 43 57 28 11 8 53 66 54 51 18 23 58 47 41 62 72 63 58 48 60 82 56 28 8 36 84 62 14
93
42 53 46 61 29 25 69 81 37 16 49 60 35 53 49 43 83 62 44 45 62 52 47 70 66 57 32 21 16 21 33 20 29 43 44 71 87 49 37 81 55 31 31 30 65 58 49 40 55 94 96 62 24 48 55 45 43 19 32 79 77 43 51 47 39 31 54 87 51 61 85 46 20 60 73 67 57 60 90 53 37 79 85 73 62 26 20 63 61 64 54 43 38
93
63 90 18 2 56 15 65 87 62 13 69 72 69 36 38 20 94 66 77 39 56 66 33 4 39 42 81 16 23 32 89 45 57 5 91 68 11 73 9 52 39 54 43 43 74 75 13 1 82 92 69 43 37 43 99 78 39 74 18 50 75 50 88 17 79 76 29 1 33 62 83 93 9 21 95 78 16 15 71 59 88 57 18 37 16 50 68 18 30 62 98 84 68
97
4 28 59 77 75 52 60 49 39 35 22 62 92 86 72 62 40 27 19 25 25 4 45 94 88 45 16 55 87 88 59 61 68 33 31 65 78 48 21 52 75 27 11 52 83 51 18 26 18 6 52 74 60 58 36 40 41 56 83 65 48 45 66 84 73 58 75 53 37 35 8 23 66 90 55 34 63 87 63 49 73 59 18 45 89 48 30 39 17 49 70 38 33 46 28 21 17
99
63 0 6 18 53 52 48 75 87 98 98 63 57 81 80 75 81 72 52 56 37 55 59 28 53 38 21 65 50 47 61 48 66 77 50 55 87 51 19 16 22 40 36 46 62 45 24 26 43 71 82 68 53 27 13 16 22 19 15 44 40 23 48 40 55 56 51 60 40 35 46 64 44 21 45 58 54 33 41 60 64 50 37 58 35 15 35 34 10 8 22 44 53 59 51 23 32 58 31
95
1 63 55 78 44 52 60 92 1 75 70 45 51 7 37 70 92 74 38 15 68 12 16 83 68 83 78 43 56 73 31 29 82 100 55 71 39 20 71 13 67 67 77 73 11 76 39 64 48 14 56 50 26 47 86 8 77 38 55 37 38 18 61 92 83 93 73 9 32 90 87 49 37 2 23 9 47 67 14 56 15 91 72 73 91 77 92 98 79 19 67 84 69 60 56
97
17 53 76 54 63 95 75 56 39 22 46 77 54 55 53 11 21 38 39 57 64 30 31 74 77 37 33 67 48 30 62 61 58 50 30 27 9 1 2 32 78 52 16 17 13 15 23 48 38 26 59 71 74 60 30 61 78 53 28 26 51 50 27 43 67 38 22 60 68 45 25 31 61 67 37 4 3 24 49 45 61 83 58 30 23 12 52 93 92 71 41 55 80 55 17 19 14
99
76 0 29 30 38 75 55 57 44 7 19 25 14 17 49 43 48 88 82 82 63 20 26 60 55 46 46 61 89 89 43 17 63 89 81 58 42 44 43 31 54 64 23 13 32 68 88 72 51 27 16 54 49 33 30 20 25 31 25 40 67 28 8 25 31 56 79 80 64 37 32 38 71 58 16 23 18 46 93 73 58 37 34 55 73 63 45 40 55 53 22 55 43 37 40 53 49 40 38
95
42 83 25 40 76 22 3 70 73 79 100 67 69 28 94 97 19 98 74 62 42 47 42 41 71 49 90 9 38 79 40 20 81 62 51 13 41 5 49 87 44 3 30 63 69 40 67 35 98 52 12 71 4 82 77 37 14 72 38 54 8 45 71 20 65 88 75 92 89 69 79 0 96 7 33 7 12 58 44 32 91 7 39 18 23 85 45 24 78 16 4 45 26 17 81
93
32 58 62 52 67 53 39 47 33 57 43 19 48 74 76 82 51 17 33 74 81 54 50 40 47 46 39 71 81 50 47 37 20 44 59 74 70 59 50 62 77 37 24 47 51 66 86 88 78 49 42 61 54 38 25 27 71 61 14 46 76 78 55 50 57 43 57 77 85 70 58 71 89 94 97 71 56 80 88 85 91 75 31 41 42 26 48 66 55 37 25 27 27
97
9 42 47 22 11 36 68 42 52 67 36 44 45 31 43 41 25 13 15 29 48 65 60 28 25 48 57 49 45 36 20 52 82 67 45 56 65 71 57 65 55 29 50 43 33 43 46 56 83 82 45 43 36 45 66 33 35 57 66 36 41 77 73 51 16 9 25 56 64 29 13 15 8 25 57 35 11 44 56 59 82 70 71 65 52 62 39 25 60 67 29 13 55 96 95 55 7
95
11 0 12 41 64 50 38 34 60 57 55 71 71 84 70 66 39 10 29 33 22 18 29 36 41 62 64 67 41 48 82 59 59 59 62 84 60 50 72 74 33 15 62 54 11 16 49 78 73 73 53 17 40 48 50 85 50 24 52 48 20 22 35 59 82 67 32 16 24 51 81 68 49 58 84 61 33 24 21 17 9 24 52 56 57 77 88 85 45 11 51 76 30 9 6
