100
93
27 29 8 34 39 37 47 55 75 47 19 25 62 99 89 55 55 77 57 21 16 60 68 52 49 50 49 63 64 67 87 54 45 76 60 25 59 89 76 69 55 71 96 59 33 31 29 68 81 43 41 44 62 78 54 60 78 79 56 41 49 61 77 68 48 25 33 67 43 27 59 60 54 77 62 43 44 67 80 48 39 71 59 46 52 40 51 50 34 43 66 79 46
95
20 25 48 62 28 35 67 71 69 60 25 39 84 91 48 55 87 66 71 58 53 39 12 14 13 55 87 44 26 52 45 64 52 45 75 45 25 21 27 45 61 76 75 57 34 24 53 72 77 95 89 65 43 21 53 76 62 76 69 38 24 45 49 21 6 52 82 76 47 42 55 55 68 56 47 51 39 50 49 14 40 68 68 41 54 97 93 62 38 45 57 47 30 16 2
97
88 0 38 86 69 33 14 31 50 58 72 81 74 48 46 29 19 51 72 84 81 73 48 22 22 27 47 50 24 38 39 36 47 18 3 20 59 50 50 49 42 44 36 44 64 79 61 75 78 53 59 40 10 50 61 46 33 44 62 26 21 60 79 57 27 6 3 3 30 54 54 38 40 56 31 20 35 49 34 45 48 21 35 38 35 22 19 64 71 63 77 81 70 49 49 43 16
97
45 61 21 5 35 41 26 33 37 42 19 41 83 57 20 53 90 77 77 70 60 50 56 51 17 15 43 38 18 50 65 52 64 72 44 15 37 54 35 30 29 42 49 45 47 47 49 33 12 50 53 21 29 33 37 51 46 58 45 3 42 74 35 1 33 57 41 50 45 40 39 21 55 60 50 57 31 40 77 89 78 38 41 40 42 46 29 57 60 63 82 94 54 18 44 34 3
95
69 56 26 75 39 63 17 88 97 69 25 98 44 40 75 81 15 49 55 7 31 24 66 13 46 7 56 39 89 85 94 99 22 90 42 72 76 56 17 34 72 12 59 21 14 35 44 76 11 7 96 1 78 54 81 57 75 74 63 47 72 27 20 47 64 45 74 11 55 27 49 27 33 4 56 47 52 7 53 0 85 27 48 23 29 58 32 28 21 34 56 68 56 14 54
95
38 0 13 34 34 39 67 67 36 32 31 52 85 53 15 9 45 69 30 13 24 48 36 10 40 53 37 28 16 31 63 49 22 47 58 59 76 83 56 19 17 32 60 35 5 33 63 67 45 55 66 28 50 93 77 54 55 34 14 47 47 43 66 58 35 33 28 39 50 17 40 52 14 13 30 34 25 56 48 34 56 71 80 56 66 64 59 49 48 82 90 63 55 67 31
93
70 37 30 88 21 80 99 48 57 16 93 100 41 21 53 59 0 60 36 61 16 51 83 15 26 99 7 87 29 6 90 55 60 25 79 30 58 80 8 49 3 79 94 31 7 23 66 68 38 78 8 89 93 25 66 98 64 89 25 4 31 84 14 99 30 26 95 57 5 87 75 45 35 27 2 78 20 91 6 72 92 63 23 93 56 96 20 0 62 44 13 36 62
95
52 59 39 41 33 60 57 52 67 39 22 22 32 50 38 19 31 64 78 43 51 55 30 38 64 57 17 47 73 78 74 51 52 37 55 61 19 23 54 78 70 55 46 49 36 25 23 41 85 55 49 66 70 58 43 76 88 73 57 33 36 54 39 44 64 46 41 57 54 39 52 89 76 70 48 32 37 57 67 34 60 70 33 33 72 96 49 42 51 29 65 58 25 44 32
97
75 48 11 66 37 87 64 99 54 40 54 7 81 22 4 34 40 84 27 7 0 49 58 41 72 60 24 6 58 75 59 51 30 32 97 67 4 22 43 69 28 20 74 37 87 65 26 19 5 100 24 31 23 32 29 33 16 71 51 80 16 90 7 2 99 8 12 83 62 73 81 33 4 16 17 63 91 17 42 31 37 35 94 53 96 68 35 44 24 27 40 9 4 7 92 64 34
93
63 84 44 59 99 93 85 68 31 21 64 61 44 73 86 76 53 71 56 67 95 91 74 50 76 77 46 49 42 60 100 68 31 37 43 75 98 99 72 44 47 56 81 82 56 50 41 57 98 90 77 65 63 70 51 28 24 56 60 62 95 69 61 75 74 62 37 49 60 44 74 71 50 56 50 79 81 79 94 96 98 56 62 100 88 83 64 72 73 45 49 54 33
97
20 0 7 40 54 28 48 57 51 55 38 22 30 40 24 46 36 18 20 31 48 62 82 62 67 80 60 63 60 54 46 29 45 39 19 10 18 19 46 54 15 27 33 50 56 36 43 26 2 15 27 44 38 39 52 56 38 36 35 12 58 81 47 34 33 27 61 78 70 68 32 20 26 25 20 8 46 74 68 66 70 52 42 50 25 27 34 59 78 78 91 48 35 63 70 40 4
97
79 0 15 39 73 93 53 36 37 44 46 37 34 48 65 72 54 21 39 44 23 39 49 61 75 32 20 62 67 39 65 53 45 45 16 17 10 38 42 17 14 31 30 16 48 62 69 67 43 40 58 77 79 44 34 42 21 54 94 68 31 46 37 17 47 48 25 9 25 43 50 46 26 46 49 35 59 62 49 61 55 41 34 31 43 66 68 60 43 44 38 16 50 46 55 71 24
95
15 38 57 53 45 75 70 68 64 28 41 43 46 49 41 71 84 69 44 60 87 62 39 52 55 43 40 42 68 46 36 67 76 69 75 71 41 58 43 41 67 55 72 51 9 47 84 71 49 24 45 45 25 52 59 39 47 51 44 44 28 44 77 55 52 66 59 47 19 38 46 47 80 72 39 60 64 29 49 62 29 22 41 63 50 42 48 58 45 23 58 85 84 65 25
93
23 47 31 29 41 57 84 61 59 55 41 36 28 46 60 50 41 54 80 92 59 60 72 43 24 62 90 48 46 78 71 36 32 45 24 45 57 64 57 12 51 75 61 74 86 54 36 35 32 51 56 76 59 55 51 23 56 56 30 44 66 41 27 65 50 45 53 29 27 43 37 13 47 57 64 89 82 63 63 61 58 57 39 27 21 64 59 61 70 29 39 46 17
97
33 68 79 52 42 65 37 28 27 48 59 50 47 35 47 37 43 54 52 54 65 42 25 53 75 46 11 44 49 23 54 72 77 100 75 42 67 86 38 36 61 55 53 63 48 19 14 34 32 47 88 53 56 96 72 36 64 58 26 63 64 47 32 42 67 51 42 66 59 63 65 57 60 60 88 61 62 85 52 31 60 62 42 29 10 54 74 71 48 9 18 52 66 64 74 70 37
95
27 72 92 74 41 39 67 77 57 53 79 61 35 68 71 31 14 47 60 21 18 38 54 49 31 42 64 69 74 72 68 57 47 33 39 52 28 11 37 68 76 89 94 73 40 54 73 80 78 76 81 79 86 53 24 24 47 73 41 26 38 68 82 73 80 58 58 52 14 19 62 94 98 64 34 65 47 43 89 64 37 70 52 18 42 73 91 48 48 85 52 43 68 46 11
93
50 90 78 75 10 38 31 73 23 2 39 64 47 66 43 24 77 9 100 40 67 32 78 3 72 72 79 93 25 85 47 44 97 96 37 5 1 57 24 78 55 31 33 44 6 89 0 68 62 15 75 85 89 50 98 38 61 25 66 78 17 90 5 83 97 21 47 93 65 78 12 77 98 34 95 42 54 94 71 54 82 81 59 66 43 92 66 14 20 23 79 62 40
99
97 0 32 34 21 19 25 58 48 52 44 41 57 61 66 52 31 44 50 42 67 38 27 57 77 76 42 51 42 41 81 58 46 60 35 49 68 58 81 94 88 78 51 28 41 42 56 48 44 70 44 59 80 44 37 56 38 58 60 46 63 38 58 55 36 62 73 56 40 59 76 86 79 75 85 49 7 27 48 43 25 43 84 79 78 72 45 49 45 43 61 42 52 62 23 11 11 14 11
97
28 46 67 72 64 78 90 76 51 71 94 95 78 52 33 45 59 59 82 70 52 59 62 52 34 30 36 39 65 91 79 62 32 16 53 48 32 51 54 40 18 27 40 38 42 65 47 14 33 44 44 66 58 65 73 77 68 61 75 63 67 38 18 46 37 11 47 85 92 66 52 80 74 52 68 78 63 64 58 67 89 79 48 66 84 70 51 39 40 42 39 29 65 83 66 44 18
95
63 0 22 71 81 70 60 24 41 41 5 51 59 56 81 40 41 82 88 45 20 37 21 13 14 31 64 73 60 66 70 55 70 91 92 87 88 80 45 38 56 41 35 27 33 59 55 30 53 75 44 64 71 68 54 35 52 30 51 57 11 28 77 83 40 29 24 32 63 69 76 39 34 60 69 75 68 52 20 20 53 66 33 30 30 42 49 58 56 15 16 58 86 58 20
95
34 0 44 64 37 40 69 65 33 32 65 79 79 91 84 67 44 53 77 68 55 50 35 58 66 24 9 45 85 70 32 49 70 59 76 72 57 63 47 17 24 61 62 43 34 24 28 53 79 62 46 63 64 29 7 49 67 50 27 38 67 52 36 63 54 33 61 42 42 58 54 44 62 97 81 32 2 29 66 63 42 44 28 36 78 66 25 18 20 22 47 64 74 69 29
95
44 80 90 97 57 42 83 91 77 43 51 74 43 65 94 75 44 59 91 51 60 96 90 61 60 52 21 29 48 64 71 67 65 84 74 62 70 56 35 20 24 73 95 88 68 46 34 18 41 63 64 55 65 85 46 27 68 53 17 22 60 53 10 38 72 60 30 26 35 45 48 73 79 50 45 29 46 69 44 55 70 46 55 83 66 49 47 29 54 69 40 68 84 77 51
97
73 0 38 68 77 47 36 43 12 47 59 48 62 38 9 10 25 31 20 17 19 34 35 48 84 72 46 26 20 18 12 31 71 87 89 57 32 72 49 4 36 61 49 34 40 51 61 37 6 21 54 60 66 66 69 78 50 58 67 35 22 32 35 55 40 21 29 31 47 33 50 77 67 64 47 66 85 53 24 16 22 49 72 40 49 70 65 57 49 74 59 25 55 71 63 77 37
93
26 93 58 12 6 59 56 99 100 65 93 56 38 76 83 20 35 54 64 0 55 91 30 42 62 35 73 54 66 54 19 98 55 34 88 81 38 22 31 39 8 95 11 29 38 82 44 29 87 98 43 17 92 96 7 88 91 30 9 49 54 16 24 7 95 40 30 58 64 6 42 91 7 28 61 61 85 81 5 34 57 2 13 39 95 0 2 62 81 3 39 5 38
99
26 0 18 67 90 87 62 37 22 46 93 62 36 37 44 62 48 25 26 39 60 41 8 32 33 35 36 15 24 37 69 92 85 73 64 40 22 16 13 37 70 80 46 31 50 38 29 57 81 71 40 25 54 86 57 41 57 54 65 64 67 72 69 87 91 61 46 65 40 15 46 79 71 57 44 36 72 76 27 0 19 26 50 60 38 70 67 41 49 61 83 51 9 47 58 52 38 16 13
97
34 66 68 41 37 65 62 59 68 84 93 90 58 16 37 63 27 2 24 44 43 57 64 29 3 22 67 86 59 33 34 26 14 52 79 78 61 51 43 50 52 17 48 48 22 45 36 19 54 46 37 43 22 36 47 69 62 47 29 26 50 45 56 84 66 56 59 68 67 58 66 28 32 45 34 45 31 28 45 47 42 24 21 49 68 48 12 14 41 57 54 55 73 51 36 63 36
97
27 76 91 44 27 29 51 92 66 45 45 60 41 14 24 42 42 49 45 33 58 51 46 59 75 57 29 60 55 11 26 39 48 53 57 39 7 13 52 51 6 34 65 72 76 64 71 59 29 24 36 34 26 43 56 70 68 31 3 0 30 57 51 45 45 45 58 53 39 25 37 39 45 83 44 21 19 39 71 54 35 35 71 59 41 41 21 18 36 30 45 76 74 71 59 45 15
97
34 59 29 11 13 25 53 40 52 46 23 65 78 40 5 22 63 66 53 37 19 15 39 36 41 76 64 39 37 56 44 63 54 42 60 71 58 57 74 60 71 78 83 43 34 80 81 71 37 12 10 30 64 81 81 78 44 36 71 55 40 68 84 46 12 31 67 68 78 80 76 66 58 43 51 92 53 8 28 63 65 59 47 55 88 78 57 52 48 32 48 56 26 20 15 28 24
97
99 52 18 19 89 37 71 26 80 71 2 4 84 3 61 2 76 92 15 98 31 98 55 91 86 98 94 46 69 71 6 71 49 37 63 28 52 61 51 5 99 26 28 48 3 31 91 12 53 63 19 92 30 61 1 6 91 24 78 98 11 64 98 96 94 99 29 71 96 47 83 98 56 54 7 79 67 46 77 49 23 2 34 63 5 27 66 77 27 84 0 27 6 17 40 0 19
97
51 76 58 78 50 35 83 94 81 81 69 42 28 19 35 65 56 54 68 46 48 85 70 50 45 30 26 47 74 85 59 34 27 42 43 32 37 32 67 56 52 59 44 60 76 68 37 51 47 30 48 31 51 82 54 41 70 67 49 55 29 21 29 60 82 83 54 24 53 64 71 74 44 44 66 58 63 71 43 19 26 39 41 20 31 77 78 79 62 32 68 57 43 65 66 51 18
95
15 56 62 42 34 19 31 42 33 23 17 41 80 73 36 26 29 39 29 54 81 33 21 29 21 39 55 53 37 35 53 69 67 62 84 67 64 50 47 89 53 37 69 44 47 77 45 37 36 35 63 61 40 65 61 19 33 40 53 54 47 67 77 58 59 60 54 78 70 77 83 39 35 68 50 27 54 47 47 80 73 81 90 86 80 67 76 71 35 28 65 93 100 81 32
93
17 50 45 28 46 60 59 35 37 34 10 29 75 75 46 32 31 43 43 72 75 54 41 50 69 66 84 85 45 47 67 38 26 28 62 66 19 34 44 57 74 75 84 45 44 41 47 83 83 71 79 65 53 46 39 39 27 25 42 69 65 74 70 80 53 16 29 40 59 66 44 15 34 58 74 77 69 66 47 62 63 24 14 14 41 82 84 65 71 71 56 36 7
95
11 30 28 57 54 44 69 58 54 56 38 13 38 55 69 96 62 55 54 35 25 31 33 45 88 68 60 68 40 40 67 48 23 32 47 35 49 91 51 28 55 66 81 69 28 6 42 87 95 65 66 75 48 60 89 61 53 57 55 57 68 95 55 54 55 42 73 89 72 46 29 20 41 41 48 43 30 54 76 87 62 29 27 30 49 67 59 63 69 45 38 57 52 71 49
93
22 68 64 43 45 34 60 74 40 37 76 95 69 52 84 65 22 33 36 34 56 81 72 66 69 77 95 63 66 80 62 37 38 44 57 66 27 51 71 50 45 44 78 61 12 47 67 33 44 78 69 77 68 47 67 91 80 37 20 46 83 70 58 61 60 54 49 65 45 22 51 84 97 67 58 53 63 63 21 53 56 23 37 33 44 87 75 36 31 29 56 78 35
93
5 10 26 69 89 50 49 45 20 64 64 15 29 29 5 11 42 70 35 46 56 38 51 55 51 26 32 42 44 75 58 17 53 48 6 36 44 24 20 28 29 18 23 40 75 94 68 24 4 20 23 30 40 58 69 46 57 75 68 46 28 34 34 58 47 24 53 47 28 32 23 16 18 17 24 23 31 32 21 48 40 51 85 65 75 71 27 40 74 56 35 57 43
99
16 0 16 32 37 69 51 30 37 51 78 62 27 26 66 88 78 76 62 25 13 19 34 39 19 20 21 34 43 52 78 63 47 63 78 45 57 52 17 58 70 27 23 35 53 68 34 32 65 74 57 69 71 59 81 87 78 37 6 34 65 59 54 76 81 59 37 45 43 53 51 13 11 35 41 14 7 25 19 36 74 51 53 86 81 84 66 58 47 39 65 71 58 30 38 72 67 45 22
97
30 33 9 23 62 61 50 73 89 55 52 85 53 32 37 69 69 33 30 64 58 12 12 21 36 37 40 73 77 57 31 25 62 65 73 84 44 16 55 91 81 51 38 47 57 47 47 45 54 52 38 44 19 44 80 47 46 48 28 37 32 28 16 13 19 16 23 24 57 88 86 86 87 91 65 42 47 57 47 46 40 47 62 52 50 74 97 63 42 41 42 74 67 63 54 59 48
95
42 48 37 33 26 30 28 60 87 69 29 43 75 56 29 26 50 63 49 39 28 20 32 65 91 80 70 52 56 46 28 67 80 51 45 36 20 27 46 47 31 70 67 61 69 61 80 50 16 56 94 86 80 82 91 71 67 66 60 66 56 50 60 69 57 67 87 53 21 44 32 43 65 62 39 48 48 22 22 17 26 36 28 22 31 31 58 45 54 84 73 70 72 86 48
97
65 54 22 27 91 78 50 86 9 43 85 12 27 6 97 19 28 80 98 60 12 60 72 22 17 3 83 55 63 43 55 100 20 61 28 4 68 96 70 73 64 52 92 18 4 59 8 100 61 39 77 33 8 68 32 39 9 65 98 66 12 26 62 100 77 33 40 5 15 34 80 28 18 37 60 100 32 47 19 75 15 78 80 65 3 55 57 48 93 38 81 50 61 12 36 59 68
97
21 60 60 44 47 47 42 28 24 31 30 49 79 83 56 28 38 74 48 19 52 55 61 55 28 59 47 47 69 49 62 60 68 76 50 34 23 22 21 44 87 75 57 61 75 48 48 67 55 79 73 43 42 47 34 57 69 38 25 53 55 16 23 46 55 79 72 42 27 22 58 55 43 50 46 49 22 1 8 16 55 95 72 72 63 42 64 80 44 6 12 53 50 28 73 53 4
95
39 62 29 17 25 22 36 41 12 35 71 67 74 46 12 11 15 23 47 54 49 60 42 42 28 9 10 39 70 37 44 80 88 55 22 31 45 27 5 49 46 50 58 38 71 54 21 22 32 25 4 38 62 26 27 63 67 48 30 46 72 45 26 21 43 80 88 53 8 5 48 66 20 5 26 24 3 46 52 27 50 44 22 48 90 79 63 44 31 30 24 19 45 54 14
95
8 65 30 97 27 55 66 77 45 98 33 0 30 22 44 75 12 16 1 21 50 96 38 47 28 0 63 0 52 45 18 56 11 25 42 51 96 59 5 49 35 23 75 99 67 50 98 68 67 71 79 100 42 51 96 12 28 25 41 77 31 41 10 78 75 97 70 32 73 81 30 91 54 22 9 57 80 73 51 19 18 88 4 5 52 43 55 15 29 43 83 60 75 50 18
99
3 0 0 0 17 21 48 65 51 33 40 52 64 74 54 29 10 37 32 41 72 77 55 43 42 47 49 40 40 59 46 28 57 73 90 54 11 18 45 52 53 78 70 47 56 59 60 39 10 26 29 19 53 67 59 47 59 83 67 62 48 40 34 48 72 65 39 49 54 52 58 53 35 7 21 54 70 65 35 34 79 71 35 15 42 63 50 67 72 43 37 46 32 10 7 12 9 12 8
95
7 16 40 79 53 38 48 27 21 58 88 52 18 37 60 32 12 32 45 21 43 75 43 38 73 70 46 41 35 36 29 9 1 15 21 25 42 44 40 40 39 21 37 41 43 53 37 61 50 59 49 18 43 26 32 68 74 57 42 61 68 69 68 74 46 47 62 42 59 69 64 47 29 12 52 80 45 62 95 72 66 76 63 41 19 10 50 62 41 65 56 53 60 24 1
95
1 32 82 78 17 45 62 0 80 62 84 98 100 63 27 98 20 61 60 63 62 22 100 13 93 76 91 35 39 54 78 27 72 3 21 87 61 30 32 70 24 96 9 8 52 36 54 6 5 88 31 40 90 50 27 99 43 6 72 86 46 33 44 93 46 77 5 89 87 24 88 82 79 97 75 43 13 67 56 43 81 95 59 87 82 12 95 31 8 48 79 87 18 75 90
95
53 59 62 65 48 78 82 79 75 81 75 47 36 31 64 66 61 89 81 62 44 26 54 83 66 52 30 37 73 89 82 85 79 69 62 31 24 58 78 74 59 27 36 36 32 58 42 22 23 63 89 74 38 49 74 66 46 57 94 82 59 62 50 51 58 60 86 85 68 48 62 52 48 53 23 56 85 74 61 56 44 29 50 54 45 70 60 27 22 30 71 90 51 23 17
95
18 61 53 44 46 18 22 24 16 50 67 52 29 27 65 65 59 61 35 47 71 79 66 48 26 13 60 55 16 54 84 82 81 75 59 43 46 28 36 51 51 56 32 9 28 52 40 57 73 62 44 38 46 19 14 37 62 39 34 55 33 21 52 50 45 48 10 27 61 67 42 55 58 33 21 32 52 51 70 80 87 47 12 16 15 40 45 44 27 1 15 29 15 29 29
95
9 13 23 43 38 55 65 28 48 87 72 35 13 53 92 58 39 46 59 68 67 51 49 55 55 43 10 48 68 50 52 29 54 74 45 55 49 17 46 54 48 45 34 28 22 53 33 7 24 68 95 69 27 9 38 82 62 47 85 62 53 84 89 87 87 91 73 31 41 88 92 54 41 32 8 33 69 63 23 6 16 39 75 49 11 56 91 81 61 68 88 60 51 79 45
95
66 69 28 15 4 6 92 21 65 95 62 0 79 17 80 65 62 66 58 16 86 21 88 41 25 54 24 26 84 96 47 34 85 67 39 82 44 13 9 58 53 66 24 70 4 59 26 98 92 67 1 0 50 59 30 71 20 61 6 69 39 17 76 94 76 36 53 100 99 8 79 0 97 34 29 23 17 50 24 30 97 55 48 100 42 94 62 55 73 77 59 0 26 81 67
99
33 0 34 51 18 33 56 54 53 23 37 79 75 40 40 42 22 14 14 51 38 14 16 8 33 42 58 54 16 28 40 22 28 23 22 61 49 34 50 42 41 48 48 27 9 51 84 81 63 47 32 15 57 70 41 60 75 83 82 40 54 70 49 62 65 75 72 72 63 65 91 73 67 83 60 32 45 52 43 44 50 72 89 44 26 55 73 49 53 70 46 30 22 54 63 35 28 56 40
93
35 52 50 37 46 89 73 38 54 61 42 32 28 50 79 88 82 78 71 79 78 51 33 63 82 52 43 40 40 39 56 62 48 63 86 77 53 74 74 33 39 83 89 45 50 63 74 100 56 12 49 85 85 85 51 56 81 42 44 66 80 58 48 85 81 78 46 11 9 46 82 79 86 70 32 31 38 22 18 61 53 20 24 35 79 80 37 33 33 14 11 15 13
97
43 58 36 38 56 53 40 33 37 36 29 31 36 53 32 11 45 87 77 52 59 85 88 85 49 13 31 70 64 57 57 60 87 49 54 53 32 51 58 72 79 74 56 71 54 45 75 43 22 35 55 77 73 41 13 39 35 35 50 64 80 80 56 8 9 49 80 71 80 68 53 63 52 34 44 60 67 62 28 21 16 47 89 59 20 50 72 50 70 53 47 70 59 38 55 48 3
95
14 25 37 28 17 57 93 69 69 95 83 63 36 15 21 61 75 75 73 61 66 82 97 60 34 28 45 69 67 46 11 43 48 57 90 58 30 25 20 52 53 36 41 16 37 52 28 19 35 53 59 48 39 65 46 30 55 54 74 82 76 61 43 28 53 63 52 55 49 35 26 72 88 53 40 60 83 98 84 46 49 56 38 36 54 62 39 56 60 39 37 44 52 58 33
93
28 31 53 63 55 72 76 47 44 64 34 45 40 21 22 29 67 84 43 46 60 22 34 66 56 63 89 48 7 27 47 64 73 38 49 50 45 44 6 5 30 44 20 50 52 54 54 52 91 66 54 63 63 52 50 53 70 77 55 43 67 71 37 52 80 62 67 67 59 78 62 63 67 60 48 41 56 44 53 49 38 69 45 28 38 21 39 72 62 66 46 44 43
93
36 55 49 46 61 85 46 38 78 57 42 38 11 42 51 27 55 82 52 56 58 54 47 7 46 54 15 44 84 93 54 30 33 19 17 15 41 40 9 5 44 64 59 65 41 21 26 42 73 53 11 56 96 85 79 62 51 46 55 42 15 28 52 48 15 38 77 71 35 37 38 32 38 39 55 55 49 57 65 51 29 53 53 56 51 20 27 59 83 82 64 41 27
93
91 75 12 99 24 91 9 82 10 37 95 92 29 34 7 23 34 37 31 65 73 12 71 51 94 44 9 49 41 39 75 15 72 78 40 80 2 76 29 0 58 38 40 12 69 84 80 98 68 0 57 40 40 27 66 25 85 10 74 92 66 35 21 6 67 52 82 18 77 42 8 28 0 84 34 13 34 11 79 13 57 38 24 96 21 83 48 68 0 40 38 66 49
95
37 37 32 44 14 43 69 28 41 67 57 77 57 27 36 48 24 9 58 63 43 39 27 32 24 51 55 57 44 29 63 79 76 31 42 44 31 56 74 78 62 35 36 28 3 22 27 54 52 39 51 37 28 46 45 8 27 40 11 31 37 48 57 35 22 4 46 87 84 60 39 20 7 23 60 64 49 47 57 69 31 23 35 32 51 39 14 51 77 79 79 79 93 54 5
93
35 67 63 49 33 41 75 89 48 30 25 25 45 62 40 23 40 66 62 53 43 17 33 66 62 16 3 48 92 72 74 71 53 74 72 64 73 52 33 37 43 69 74 62 57 38 42 71 44 2 37 81 88 87 81 73 83 52 49 53 36 43 44 67 88 91 45 35 46 52 63 43 48 80 75 59 52 62 72 55 37 13 41 50 29 36 46 54 59 53 64 61 18
93
23 38 37 27 44 51 63 92 60 45 67 75 49 22 24 39 68 49 20 25 45 66 49 22 61 67 59 57 44 56 49 44 63 84 51 33 56 52 49 57 42 61 96 61 55 90 63 39 71 56 27 57 70 56 73 95 82 93 95 72 75 91 75 72 89 87 91 100 68 55 77 79 58 53 71 62 57 43 57 53 27 66 62 62 60 48 67 40 29 65 74 69 44
95
81 74 90 52 58 52 4 68 66 26 52 91 18 50 72 66 73 58 64 64 16 40 68 34 13 31 24 81 14 14 54 76 25 94 90 38 36 74 34 81 98 22 0 85 63 84 28 24 74 14 62 27 12 39 53 61 92 81 79 54 21 22 29 45 68 4 44 8 81 88 60 2 74 43 74 9 88 15 28 6 60 12 16 27 50 22 26 46 16 0 78 75 42 54 29
93
14 10 28 13 45 29 85 23 84 98 88 49 7 94 43 28 75 73 4 100 87 42 10 5 46 38 51 79 33 1 45 84 17 41 32 78 75 16 25 2 50 20 3 56 68 15 100 84 12 78 78 8 69 26 91 20 31 4 72 90 79 79 18 53 65 30 64 68 79 85 48 97 86 32 24 50 91 24 78 100 79 30 59 15 11 63 28 2 82 76 27 88 36
97
71 0 9 11 14 44 39 15 29 30 50 84 64 35 39 57 43 11 1 27 34 16 13 53 54 54 57 23 26 60 79 40 11 46 55 16 31 64 69 32 10 54 88 45 47 52 12 37 64 78 60 18 23 33 18 41 83 57 26 61 51 36 31 17 40 44 67 79 73 51 40 33 21 36 53 53 26 51 80 84 52 5 30 72 89 62 56 60 54 36 33 36 45 63 54 32 1
97
29 0 18 22 51 73 42 26 34 42 54 51 59 87 82 68 69 82 87 56 52 66 32 36 41 56 47 36 81 52 4 17 27 34 37 13 45 70 52 60 50 55 78 48 54 70 44 51 52 50 30 5 36 67 46 25 30 27 51 51 20 45 41 54 52 48 74 49 28 45 50 58 75 43 31 35 39 64 84 56 39 42 50 51 48 79 91 69 52 56 31 6 21 59 85 57 16
93
17 47 55 67 2 8 83 28 12 3 4 57 96 98 90 100 0 46 99 42 40 8 98 74 46 26 82 15 27 30 91 0 52 11 89 67 83 82 8 22 33 21 2 94 63 60 75 12 83 92 15 78 91 54 46 64 67 89 75 74 53 18 81 63 48 33 56 62 32 93 52 63 57 1 48 46 88 88 10 24 70 25 86 85 52 82 40 82 47 8 82 55 74
95
3 81 15 27 60 0 29 73 3 85 30 36 48 58 62 82 47 37 0 21 8 52 26 25 66 9 22 43 61 34 54 17 14 0 56 64 96 94 99 51 67 23 41 58 91 31 64 84 70 87 0 52 49 100 55 20 28 67 32 64 88 22 86 85 27 78 98 91 61 58 25 30 37 71 80 22 31 21 58 2 12 7 23 9 3 58 65 69 14 16 49 80 57 85 74
93
40 89 66 21 21 20 18 28 44 58 31 43 73 56 49 32 42 44 41 63 48 37 26 23 46 74 88 92 86 75 44 17 28 20 9 18 43 80 87 47 34 33 26 52 32 14 28 32 29 51 77 44 43 66 57 57 62 62 66 75 41 25 36 51 44 20 52 81 92 58 29 51 74 68 56 48 49 66 52 26 17 36 59 75 51 27 64 86 86 45 0 37 37
93
50 78 49 63 55 53 95 86 82 55 22 52 70 61 82 87 42 59 98 57 46 48 61 64 45 42 27 62 70 35 18 23 32 52 85 63 68 68 35 69 56 30 72 85 49 54 91 55 37 76 61 44 42 45 64 39 22 36 65 60 39 36 38 60 84 61 30 37 29 62 80 54 49 35 46 51 52 65 59 49 70 72 45 63 88 56 12 30 61 48 51 57 21
97
58 0 42 83 74 47 18 47 60 50 74 86 74 65 55 66 74 53 45 38 52 57 58 38 14 38 63 42 15 16 12 10 25 39 42 48 35 40 73 57 26 44 60 70 69 56 50 49 47 19 32 36 32 35 37 34 54 96 92 81 65 72 59 39 68 85 66 60 79 80 54 42 39 34 40 32 47 81 60 30 16 16 41 30 8 42 60 29 23 41 40 40 37 19 48 49 7
97
17 45 32 50 90 89 89 61 61 54 46 38 4 27 46 33 18 8 18 48 41 14 32 28 40 75 81 50 52 74 54 53 57 66 51 49 38 34 50 21 37 56 43 69 58 19 21 55 66 41 55 73 42 58 94 58 46 39 24 61 54 13 44 84 66 47 65 51 21 45 46 30 34 28 54 53 47 79 47 20 34 47 72 53 48 60 29 36 43 21 54 86 59 37 43 46 19
99
8 0 35 83 73 73 85 55 58 51 14 26 28 45 58 49 46 60 78 49 40 64 41 47 65 40 48 74 50 5 45 53 56 77 44 49 78 44 2 4 19 45 50 44 56 46 56 61 23 31 40 49 46 37 32 16 58 70 63 58 59 77 71 36 10 53 87 74 49 63 75 53 66 52 9 43 54 60 56 9 49 60 28 40 73 52 32 58 73 46 25 49 35 22 30 44 54 73 47
97
37 0 14 62 61 42 31 9 51 66 57 60 42 39 35 27 17 29 46 60 56 38 59 56 40 42 35 61 50 31 64 79 52 37 51 53 52 41 66 87 63 38 49 65 66 69 75 87 47 21 27 45 50 23 31 64 53 21 38 69 50 27 68 54 37 59 43 45 47 31 31 58 79 38 9 34 39 61 76 67 47 50 51 55 90 66 69 92 91 75 50 40 47 63 58 51 27
99
36 0 8 20 25 49 76 71 56 45 47 50 44 55 59 43 43 31 15 15 18 29 36 49 77 85 85 82 82 57 29 59 57 21 23 35 63 61 58 83 41 30 61 49 48 45 32 54 52 52 84 82 53 36 38 56 36 49 71 62 43 7 15 13 40 42 16 62 87 47 39 68 71 49 42 38 44 35 2 40 47 37 69 73 51 19 6 17 21 40 58 60 38 6 12 18 55 64 17
93
28 56 49 29 53 48 36 81 75 68 52 23 32 41 68 73 38 36 42 67 55 29 46 49 38 27 26 35 26 15 45 53 45 44 60 44 10 54 75 57 53 48 61 62 35 24 49 75 70 63 62 62 46 39 63 85 50 14 49 72 54 41 69 84 73 62 69 71 64 82 76 54 50 35 17 44 45 37 76 93 62 61 45 8 14 19 49 45 55 59 32 27 8
93
26 42 64 92 90 46 35 65 61 70 48 29 32 40 31 45 52 33 49 60 47 38 36 58 90 80 76 68 66 49 24 27 67 90 60 59 60 59 62 39 50 38 15 50 68 75 50 34 56 32 35 55 37 45 41 15 45 84 60 51 67 57 72 76 75 81 77 52 14 30 73 76 37 18 52 75 64 60 44 18 11 23 43 43 32 33 57 64 33 39 62 72 42
95
23 0 27 32 37 53 32 47 79 76 60 27 22 37 46 31 9 50 47 48 49 51 79 68 71 65 67 70 78 74 44 40 42 23 14 19 51 68 47 49 53 63 50 57 52 34 31 35 32 4 6 9 46 80 79 67 53 47 48 56 31 6 5 23 37 51 67 71 75 53 65 75 43 61 83 86 89 74 81 55 42 38 7 37 41 52 93 76 46 47 35 17 56 77 32
97
28 48 50 79 98 65 56 44 53 54 39 59 50 37 34 24 6 38 61 67 69 72 57 18 44 84 80 81 72 49 32 16 13 41 67 77 81 59 71 50 37 60 60 62 78 93 71 48 56 38 22 25 28 63 64 48 48 52 71 80 65 65 85 82 42 14 12 46 53 20 43 83 73 55 34 56 57 29 26 30 63 80 67 52 39 26 64 70 71 60 18 25 67 92 91 79 33
97
14 58 72 46 44 75 91 77 72 51 46 66 44 56 73 52 57 59 68 41 22 68 62 56 87 52 20 49 45 46 50 56 76 69 64 55 32 37 39 9 47 51 15 27 51 38 38 70 85 62 44 69 82 59 37 67 67 36 30 33 57 58 30 61 81 37 21 66 89 49 55 51 43 64 69 77 82 70 52 74 88 93 100 52 24 24 43 65 68 45 26 42 49 45 23 33 29
93
10 22 59 69 53 43 35 59 72 50 58 82 50 47 51 53 76 51 33 51 64 73 87 63 61 50 58 77 39 41 63 48 42 34 56 87 52 59 70 32 46 73 80 99 66 21 21 38 70 92 97 59 58 95 84 72 37 16 35 70 54 41 76 95 86 61 52 47 26 28 53 35 26 33 22 29 49 55 65 50 31 37 40 40 35 49 79 68 41 62 48 42 39
93
56 83 69 89 92 85 99 83 37 36 59 83 63 49 81 55 18 22 29 18 51 64 30 57 70 49 58 48 27 43 70 93 81 64 76 52 44 64 68 70 67 53 48 37 42 47 66 84 61 73 73 74 91 80 79 67 72 88 60 54 70 83 65 65 54 54 82 80 93 63 37 71 91 58 40 70 82 65 66 65 43 39 64 88 72 54 50 55 49 43 79 57 11
97
44 68 65 70 38 52 81 67 28 25 69 45 0 40 41 23 24 26 44 51 62 55 33 30 62 46 46 39 13 34 66 64 42 38 40 39 24 51 80 79 71 62 63 66 56 50 28 12 20 9 21 38 63 51 16 27 18 28 64 81 51 32 56 68 68 80 52 17 23 22 31 52 76 81 47 41 58 74 89 89 83 68 36 15 28 42 60 61 67 78 57 55 70 38 16 24 11
95
29 31 46 69 36 52 43 34 68 83 87 62 21 1 13 26 51 53 17 3 33 39 16 22 41 32 49 61 45 44 42 48 37 48 45 48 44 30 22 16 46 33 29 43 58 78 65 69 61 21 40 86 84 71 70 83 57 54 81 71 46 57 78 71 45 53 71 55 58 68 47 6 39 46 7 24 41 62 56 26 43 71 56 54 54 53 52 13 10 33 54 38 9 49 46
99
9 0 8 17 22 46 44 17 21 36 45 25 31 73 48 41 76 52 16 31 67 60 33 41 44 40 24 28 75 95 72 56 69 40 43 88 97 73 30 49 48 10 30 65 76 51 60 59 50 74 50 12 2 27 47 35 43 65 55 65 50 23 37 57 52 59 57 35 67 67 68 65 20 4 13 13 30 43 31 28 54 82 90 57 12 32 29 36 69 62 75 72 45 20 23 59 82 90 45
97
34 35 28 60 67 52 56 82 86 47 24 34 33 66 95 76 44 49 67 55 48 54 55 43 61 71 28 41 54 27 44 46 60 84 57 41 59 70 58 32 51 83 88 59 36 31 31 49 60 83 71 32 18 50 72 77 93 94 63 61 70 41 55 49 35 37 46 47 38 70 75 45 34 54 63 63 59 36 53 52 32 47 34 40 38 20 62 91 66 43 47 50 72 77 76 75 27
93
49 83 60 52 37 16 40 48 41 58 42 24 47 77 82 61 63 43 47 61 19 11 13 16 49 64 69 85 89 74 32 48 55 33 41 47 51 28 24 37 60 59 16 39 74 55 23 46 67 58 75 83 43 15 53 45 53 82 39 33 47 64 53 21 47 57 57 75 90 52 45 63 46 59 59 42 56 70 53 26 27 25 29 30 6 5 50 84 52 17 49 97 49
97
3 27 31 34 40 58 67 50 74 93 90 91 79 60 77 55 25 45 37 46 58 71 96 76 60 38 22 36 59 52 45 80 90 77 59 33 10 46 82 81 61 21 13 49 90 51 30 65 46 9 9 17 46 58 44 30 18 20 37 76 73 28 36 83 86 45 23 49 35 35 56 50 60 40 38 61 44 33 32 35 33 39 74 92 49 10 24 44 39 25 58 79 50 38 53 78 48
93
2 30 62 48 33 47 23 30 35 34 74 68 58 78 43 1 3 28 32 16 33 38 18 22 41 26 37 31 40 62 22 9 49 43 32 51 34 17 34 60 52 18 5 33 46 53 30 11 53 74 55 63 53 32 46 47 33 52 85 80 79 89 49 38 45 10 36 79 84 74 67 49 33 30 30 42 29 9 43 54 43 53 28 5 32 32 32 60 44 27 60 75 26
95
29 60 48 32 33 20 47 58 28 41 40 39 49 25 15 32 29 60 98 57 33 26 11 26 50 46 55 78 59 71 74 70 91 79 39 17 57 81 39 7 50 51 26 44 31 54 75 51 37 47 41 27 35 54 72 59 30 17 16 18 12 18 62 64 19 43 81 42 46 81 41 44 57 37 46 68 52 11 45 81 52 33 47 34 6 49 74 42 41 42 51 54 54 50 17
95
81 0 1 27 71 63 22 31 35 13 33 46 22 9 53 82 69 63 36 45 50 20 28 26 41 45 47 70 79 95 82 68 36 32 35 24 22 44 83 84 48 11 23 62 54 19 51 78 65 59 73 71 41 19 10 16 46 83 62 23 43 53 48 59 43 21 34 56 34 38 67 73 90 62 34 62 61 20 15 48 57 42 60 72 40 29 26 22 50 84 77 36 10 41 39
95
37 0 16 21 36 67 78 44 15 62 86 78 70 57 65 68 63 36 17 48 37 10 9 30 74 92 59 34 48 49 62 76 84 88 81 46 13 31 70 81 57 36 33 26 35 41 47 75 41 16 30 33 46 29 45 70 46 26 7 24 35 35 29 43 68 59 53 60 85 61 26 40 54 46 44 43 63 87 81 46 11 7 19 54 56 60 60 53 56 60 48 17 9 16 14
97
4 0 27 30 33 67 83 93 49 21 26 9 19 63 55 48 62 60 38 29 60 60 36 32 53 71 84 47 46 67 44 33 17 37 47 20 32 25 30 46 48 55 61 84 54 34 49 28 9 32 30 19 19 31 47 60 72 71 63 66 78 78 60 56 84 83 46 30 39 62 74 53 56 56 38 18 6 4 31 70 86 71 53 27 22 34 57 51 47 72 79 55 28 45 67 79 38
95
36 66 27 7 6 44 13 50 31 42 71 62 34 27 30 75 2 80 19 14 53 28 71 39 79 16 14 34 81 15 1 88 61 81 79 69 50 95 80 81 17 44 92 38 34 71 0 9 76 49 12 75 15 7 91 82 23 9 61 69 8 98 11 56 12 39 10 75 43 88 5 14 50 92 28 74 16 79 82 2 90 84 35 98 26 66 28 27 47 100 27 55 25 84 25
95
2 30 50 52 73 65 20 36 83 72 32 14 21 37 64 48 30 65 77 45 14 46 84 52 16 13 23 53 82 66 50 64 70 59 63 65 28 48 83 55 66 70 46 69 61 23 14 35 56 43 46 40 58 62 50 69 61 47 27 43 61 26 45 68 30 53 92 66 37 16 5 40 79 92 70 54 57 39 47 63 48 53 37 28 25 1 38 60 48 41 46 71 75 47 12
97
7 82 93 22 8 87 44 89 61 26 87 37 53 64 2 71 87 58 20 24 47 61 99 12 53 61 15 46 11 4 21 50 75 39 74 73 74 40 98 75 49 68 82 58 53 73 97 0 58 17 2 10 95 96 4 95 10 69 48 55 26 62 39 93 63 89 64 35 36 85 97 3 69 2 94 85 79 13 47 90 65 1 15 53 70 30 32 96 2 15 24 6 82 39 70 73 17
93
2 65 69 32 19 49 13 40 78 83 86 26 98 29 46 0 28 82 91 82 97 57 25 9 16 81 59 36 60 6 79 19 76 73 33 39 37 20 60 22 25 89 60 48 13 88 64 64 33 90 12 66 0 49 80 77 70 45 55 62 59 72 27 26 16 11 13 99 6 25 98 84 98 86 16 80 59 43 24 90 86 54 85 31 58 72 20 51 95 30 38 47 43
97
28 77 94 46 32 62 55 62 46 38 43 57 59 45 40 52 51 19 13 35 80 85 86 92 58 46 58 73 97 51 9 53 64 63 66 28 32 58 62 67 66 33 6 41 78 83 93 84 73 88 63 50 86 58 35 36 20 35 62 70 71 77 54 42 77 53 23 46 63 56 28 46 84 63 28 40 45 64 80 55 60 75 51 64 71 66 70 28 16 62 55 17 27 32 47 72 43
97
34 57 64 74 44 57 42 37 67 33 5 36 70 36 4 22 27 9 18 27 54 85 49 35 70 81 45 13 17 12 30 56 46 62 48 45 42 31 38 49 81 79 53 33 44 54 49 37 58 46 34 29 5 43 81 42 44 85 76 51 22 29 54 70 42 31 29 1 12 23 28 48 36 20 41 62 73 44 13 49 59 19 26 51 51 71 61 15 37 34 27 66 70 40 49 51 7
95
29 54 50 25 100 22 8 98 7 33 3 87 85 76 22 39 87 88 65 15 87 66 72 77 41 63 26 93 54 98 69 53 80 41 9 79 11 57 93 98 87 51 63 28 54 57 27 29 44 70 15 39 42 24 93 35 84 26 21 34 1 28 51 54 51 44 19 91 3 66 22 99 4 88 68 56 77 26 1 98 36 63 68 67 16 67 83 3 91 29 68 62 86 84 29
95
4 25 22 14 12 57 14 29 23 36 44 10 70 0 19 31 49 91 98 82 2 37 85 9 69 42 38 19 75 0 24 45 79 52 65 8 100 78 88 47 19 10 82 76 83 72 84 7 91 31 83 18 71 50 45 62 8 83 57 81 88 64 58 69 7 99 52 20 77 58 41 20 20 10 36 55 65 68 83 61 79 37 1 50 54 83 69 14 79 55 75 21 38 73 64
95
45 20 8 74 29 93 86 55 89 61 75 73 54 2 77 93 48 85 89 28 51 28 87 26 10 85 99 43 16 38 64 36 89 39 11 20 76 63 11 47 39 24 67 19 27 35 99 22 29 21 4 75 9 60 95 17 85 78 76 56 14 88 31 8 29 79 57 80 87 49 92 27 68 56 36 20 6 42 82 23 23 80 57 44 54 86 28 68 19 39 65 69 33 47 38
95
37 60 71 73 70 61 44 74 92 70 47 47 71 96 79 51 52 77 89 89 76 58 54 60 58 28 53 68 28 37 46 37 55 75 43 26 37 49 51 31 59 49 34 71 68 48 57 70 52 59 45 31 47 33 57 61 32 33 32 20 12 14 45 44 16 21 52 79 67 60 46 56 64 23 13 53 75 44 26 61 82 66 50 49 78 80 40 31 57 70 62 35 26 67 51
