9 512
364 454 485 189 740 116 146 15 730 446 988 613 419 450 140 451 351 422 337 257 673 145 871 77 362 264 410 712 463 460 153 152 412 483 937 53 886 544 164 273 548 532 810 660 673 447 384 261 869 381 798 316 892 610 463 159 438 702 661 830 918 331 322 329 25 398 282 481 458 279 287 301 143 929 756 729 522 708 342 866 322 795 307 238 237 145 186 672 788 132 909 828 266 476 571 439 517 784 535 500 178 631 775 540 19 77 645 460 271 587 798 781 707 221 52 709 701 152 664 520 128 657 962 448 977 871 113 683 898 979 917 911 152 750 271 304 277 125 645 924 418 58 32 721 509 374 898 236 63 659 996 510 889 199 125 168 428 840 35 20 731 569 224 95 229 179 69 270 551 218 558 784 27 338 748 986 796 494 515 331 904 92 517 520 967 146 789 576 594 377 968 703 161 18 935 122 131 704 450 262 481 993 110 483 878 484 379 288 848 86 80 478 991 935 87 432 478 294 67 902 780 86 924 666 103 947 198 356 910 5 23 2 681 522 722 871 134 446 160 57 923 193 325 900 992 952 141 800 724 864 724 905 121 593 788 728 494 674 390 542 49 337 558 89 773 534 79 527 697 280 737 871 721 890 324 629 65 117 514 250 384 234 649 465 591 126 329 796 626 588 386 557 760 428 587 624 890 783 559 465 447 369 870 757 893 548 150 665 67 233 708 562 183 477 454 231 762 287 479 393 69 411 369 812 361 653 312 564 584 776 991 976 593 149 20 716 306 909 812 967 980 281 908 243 410 312 92 7 925 681 756 245 678 932 799 706 114 104 121 620 427 625 952 334 705 65 470 59 553 988 80 978 701 215 597 181 255 46 372 766 245 843 73 925 157 319 575 343 228 420 462 408 720 458 521 283 916 664 642 138 818 666 39 340 299 929 720 513 636 849 640 502 797 824 898 964 443 329 353 465 351 580 99 747 940 177 642 221 996 317 511 92 836 485 597 786 179 681 415 623 652 827 878 376 39 419 795 659 597 374 863 977 227 737 272 13 705 827 142 664 254 15 526 442 929 349 506 414 312 1000 178 154 431 988 211 703 119 365 572 651 246 457 942 69 22 213 589 542 261 554 966 872 331 105 402 638 247 696 170 541 181 583 162 400 894 630 630 32 126 258
60 483 479
2 167 462
50 201 801
117 469 612
87 175 92
107 429 586
156 312 60
49 392 183
1 116 236
1 99 566
79 318 536
28 454 990
20 328 227
102 409 702
11 353 338
37 301 103
125 502 109
7 116 684
62 500 776
1 384 723
4 276 310
123 493 163
116 464 901
7 500 791
1 379 673
31 254 114
2 337 3
23 371 888
14 462 652
215 431 400
183 366 512
27 55 286
52 417 128
3 110 505
1 321 249
9 313 735
1 288 835
40 320 310
9 311 751
9 150 960
20 326 552
101 406 533
3 199 778
117 468 813
153 307 567
52 104 814
4 262 408
17 280 940
84 339 899
19 312 939
4 288 647
112 225 905
4 282 695
12 414 78
4 309 524
27 108 622
51 206 359
3 394 963
13 106 482
138 276 844
40 327 560
84 336 726
1 302 215
158 317 969
5 161 970
2 178 943
31 510 70
30 123 236
19 306 76
192 384 918
57 115 146
2 182 205
56 227 933
9 308 58
15 123 661
1 27 53
39 158 996
44 353 793
56 113 164
12 407 463
11 375 504
14 473 341
4 153 981
16 257 487
127 509 422
3 441 273
172 344 489
3 233 867
1 92 509
4 159 435
9 289 967
2 91 170
7 504 989
47 382 891
5 364 361
6 403 625
5 182 80
1 75 826
2 338 46
2 36 739
13 420 223
10 323 983
3 415 397
87 349 410
17 138 928
30 484 590
51 411 668
2 75 739
13 27 530
1 170 711
2 186 522
7 252 277
7 251 82
3 398 45
244 488 503
2 361 586
90 361 598
4 136 388
56 224 215
1 310 778
179 358 424
33 134 350
190 381 752
29 478 852
5 89 769
3 479 331
81 324 907
53 215 999
40 80 503
98 392 268
127 508 916
7 510 991
7 495 581
182 365 284
13 110 707
6 433 302
45 362 295
2 333 74
4 71 637
27 446 293
2 260 74
114 459 383
2 143 367
2 308 659
96 192 418
3 101 888
9 300 363
2 187 89
1 237 19
3 504 492
13 428 105
8 267 244
88 176 383
86 344 774
95 383 476
28 462 225
58 233 366
3 429 702
10 325 584
2 157 951
4 141 747
12 100 504
28 458 564
11 88 10
1 262 72
41 165 132
19 311 469
3 96 242
16 258 48
54 436 155
24 390 586
46 92 995
3 435 747
1 446 407
3 432 794
2 335 143
25 206 768
39 156 663
7 123 674
1 256 411
9 315 663
4 156 36
6 222 698
30 481 378
2 328 700
122 489 28
224 449 647
2 314 576
2 358 743
144 288 645
27 438 80
4 35 192
5 190 259
67 134 918
1 258 431
9 314 596
2 84 614
18 149 332
131 262 158
1 60 657
5 362 441
5 345 577
10 167 82
36 288 754
104 418 509
14 115 872
3 57 726
5 94 354
8 140 938
9 157 451
3 408 275
1 207 252
218 437 23
87 351 272
1 334 985
17 141 103
44 89 319
2 370 966
42 169 123
40 323 583
1 405 857
100 200 850
5 172 350
8 257 777
23 383 210
3 436 381
5 370 387
14 233 228
55 223 685
43 350 20
3 216 289
126 504 878
27 111 783
14 457 670
3 231 195
71 286 736
12 196 813
137 274 226
5 355 603
6 99 471
110 221 127
35 281 738
103 415 674
5 339 247
142 285 815
24 396 694
13 423 736
121 243 976
124 497 543
10 321 970
71 284 472
4 137 537
63 508 625
52 416 672
150 300 757
95 381 911
29 470 505
3 52 492
173 347 397
26 211 108
239 479 153
5 354 326
12 415 119
35 282 123
15 483 993
2 324 590
3 116 910
6 100 549
1 496 40
21 348 870
11 370 341
2 188 44
72 288 49
1 130 785
1 226 695
13 214 38
60 240 724
1 3 98
11 179 227
17 278 473
24 99 410
10 342 927
3 424 375
15 489 610
159 318 439
26 53 797
46 186 806
3 486 439
28 455 925
2 169 20
77 311 819
1 329 395
8 64 475
211 422 321
2 360 947
11 352 436
5 168 821
10 83 507
24 393 3
90 362 18
3 442 127
79 319 580
111 223 421
4 155 53
4 295 712
98 197 397
6 393 228
2 18 561
29 477 265
1 22 831
14 477 273
5 358 782
7 485 970
212 424 998
1 144 371
2 383 489
1 380 318
18 294 791
5 44 563
1 470 406
4 275 977
110 442 616
251 502 287
2 296 104
1 434 377
30 495 560
26 52 591
1 292 80
73 147 152
3 28 899
4 305 940
1 259 489
6 412 576
1 331 164
201 402 732
1 104 435
3 227 917
96 193 939
11 380 92
11 185 462
214 429 66
221 443 97
92 185 407
24 97 487
26 419 899
213 427 129
31 503 604
12 197 205
21 343 12
29 475 351
5 369 101
2 357 395
100 400 349
118 474 764
8 271 932
29 479 125
88 354 530
4 264 828
5 90 271
4 138 449
36 291 89
11 191 967
1 415 842
1 257 260
1 143 545
23 369 646
176 352 623
59 119 233
2 353 991
26 210 234
5 95 589
16 264 755
2 147 444
7 229 190
91 183 716
5 367 44
202 404 994
8 71 272
3 248 520
35 283 887
38 152 60
3 484 756
2 325 891
7 450 934
77 310 736
60 242 419
4 148 516
34 137 729
33 132 182
3 217 506
7 124 540
1 468 329
10 349 409
48 194 146
56 455 585
20 83 218
1 248 824
113 454 119
57 460 627
1 146 322
8 277 801
61 494 768
59 474 466
6 439 746
1 91 491
4 294 777
3 414 211
2 342 882
123 247 448
94 188 231
2 294 539
3 437 619
10 344 663
1 412 623
122 491 586
27 433 436
3 13 743
69 278 567
10 336 418
25 412 771
7 466 17
4 32 266
7 31 997
30 243 978
7 452 436
19 309 967
25 414 457
11 360 23
28 114 519
3 409 254
28 453 638
225 450 269
4 293 322
227 455 957
1 83 53
1 187 355
14 478 273
86 347 725
28 113 169
66 266 757
2 21 689
17 34 403
7 508 289
13 220 645
60 484 284
42 338 365
7 227 978
56 449 340
1 469 222
119 479 804
1 409 694
49 395 551
2 347 821
3 508 610
2 282 481
37 75 565
12 51 66
2 47 827
7 464 751
21 345 323
226 452 540
7 499 988
58 469 408
19 158 190
1 152 964
17 71 843
26 209 818
25 408 61
30 483 235
114 457 557
1 272 262
34 273 954
52 420 481
181 362 133
3 485 959
10 163 773
211 423 698
55 440 549
10 332 721
7 56 331
1 402 787
33 265 643
46 185 563
135 270 971
202 405 852
1 229 419
19 308 861
6 108 376
3 470 876
13 425 202
3 505 52
1 269 245
11 182 778
13 217 337
103 412 19
15 247 521
1 32 686
16 263 333
3 234 390
1 403 603
17 140 231
2 352 418
179 359 834
9 149 284
43 174 875
80 161 899
12 25 784
14 453 401
1 223 868
9 316 545
23 189 580
1 401 18
