100 5
71 9
9 62
62 54
54 30
30 86
86 67
67 14
14 15
15 100
71 35
35 80
80 58
58 31
31 16
16 55
55 26
26 98
98 65
65 4
71 50
50 97
97 11
11 25
25 53
53 43
43 2
2 75
75 68
68 20
71 93
93 70
70 8
8 96
96 46
46 72
72 63
63 12
12 32
32 41
71 38
38 64
64 18
18 47
47 19
19 49
49 90
90 69
69 51
51 45
71 73
73 1
1 37
37 84
84 13
13 10
10 56
56 24
24 66
66 88
71 85
85 22
22 94
94 79
79 5
5 95
95 29
29 7
7 27
27 87
71 33
33 39
39 52
52 57
57 82
82 91
91 59
59 83
83 60
60 78
71 3
3 23
23 6
6 61
61 77
77 89
89 34
34 92
92 76
76 81
71 74
74 36
36 44
44 99
99 28
28 17
17 42
42 48
48 40
40 21
9
19 48 42 92 99 95 69 58 82 
10
47 2 46 85 94 71 73 75 24 30 
7
100 93 97 96 88 85 67 
72
58 33 24 78 43 6 37 72 4 38 69 40 32 39 64 63 81 92 44 98 85 21 57 71 67 56 22 79 34 18 89 73 1 36 41 26 84 83 27 80 16 45 54 88 42 68 14 17 29 47 8 86 25 3 94 59 9 30 23 46 15 76 60 50 35 48 10 99 66 96 74 82 
2
9 82 
