284
1997 2493
739 9695
3305 5412
2333 7746
909 3552
1951 3170
2805 5763
303 5851
1522 8584
1350 4117
1757 6517
201 3053
689 1262
3292 9723
2934 8762
957 4130
3310 3682
1105 8345
671 5056
674 8871
2660 5231
2021 7865
2576 9707
1415 6030
1054 1061
25 1530
2974 6133
2538 8960
810 2313
2601 5668
3312 3379
2404 6495
406 5300
2079 8827
1038 1890
2584 6457
2379 6249
2436 5162
1464 5088
324 9710
1458 3406
110 7585
2538 3962
2583 9529
447 9828
1956 4549
2068 8935
1079 8011
439 2709
1604 6831
1094 8750
1687 4531
1915 8072
3153 3370
3092 4383
1954 4886
303 1889
2267 4230
3101 6349
3032 7412
84 5655
3278 6694
3291 5361
2318 9694
1451 9130
1656 2132
887 9460
3030 4569
111 3082
2458 8380
778 4616
1978 3168
1026 1341
2651 4058
1320 7912
1341 5792
679 5741
2634 9357
191 740
689 3375
2621 2745
354 1120
2979 9457
1343 7074
1030 6262
760 9642
1816 6815
3074 8240
1685 2371
3318 5577
662 9901
2080 5486
79 5886
41 6368
68 5762
2184 8542
734 7247
825 4644
1205 2159
3308 5852
103 9124
45 511
206 3737
1555 4407
1209 3878
1768 3816
678 9033
1887 8782
82 5718
1024 9878
226 8331
103 3518
763 6516
586 4326
2444 6809
2955 7075
5 534
1607 5311
1596 7235
108 4796
555 984
1649 2624
764 3890
2495 9899
2531 7178
2188 5752
2066 9488
1476 6100
1110 9885
610 7370
1121 2232
1703 2534
1276 1411
2025 9878
844 7135
2834 8451
845 9356
2462 6127
2034 5683
2358 4379
349 6158
381 6797
2251 6140
39 7669
110 3158
2138 3277
1362 2305
2446 7647
97 870
908 9236
3264 4562
304 9811
153 2849
333 8572
220 9895
2634 6635
15 1333
3262 3819
1921 2124
2685 6756
2076 6965
2082 9147
1691 6340
3117 3791
2421 5017
2888 4672
962 2940
2735 4443
2116 8935
2145 3482
1134 8689
702 4173
2855 8586
2870 6019
539 6752
2205 5034
1926 2537
2818 2958
2503 7508
2630 3419
791 7356
1643 9345
1359 4892
2279 2759
630 5496
2498 6341
1327 2033
797 8603
2725 9731
2181 3186
2007 6706
1451 7104
2314 2984
1904 8477
2892 4064
2336 2785
547 591
1228 2976
1477 7995
454 4677
1280 9863
2160 5899
384 9180
2076 6095
1333 7170
1546 8524
2307 5308
2065 7688
3304 6889
1291 5195
3127 8551
1867 4865
2820 8533
819 9770
3137 5841
733 8608
3268 4021
4 4724
1969 5857
2695 2718
985 3181
545 1103
2155 4606
1900 4184
3207 3464
1 184
2250 4756
2195 9541
139 4845
1528 8204
2517 6268
2822 3870
3018 5681
3240 8162
1028 2934
484 7244
2917 9670
197 5274
811 1744
410 3499
487 4006
1797 8277
2553 5274
1031 1552
3232 7323
953 6375
2803 3225
655 1400
602 2221
2585 9937
1489 6917
2261 5063
1833 9374
139 4354
909 4590
388 7116
3077 3654
1208 2036
431 8138
1262 7953
1235 8728
1904 5602
406 1793
1091 2367
1030 2802
1204 3728
2843 4053
2677 8957
2802 3872
2255 3732
1847 4511
854 4287
2317 2740
2409 8073
2345 2645
1212 9422
2047 2525
1556 4140
2581 8666
1107 8870
1778 8787
1456 3954
3204 4959
406 9288
