49
230475779 749855735
257215222 652145836
266878418 411018276
65682665 431525745
159657535 409736972
153205763 442270112
232173646 726185200
226808528 789161733
131600932 931449090
291370505 462417080
7513691 898188922
181287604 495885301
112920990 722984372
58199026 473316838
261485271 993267280
140462433 279568619
140575582 332218680
264609271 886505374
134967192 472021688
295604039 322930713
216874274 247887893
160372847 536394354
274281752 976078555
14981759 569750377
231972560 250720127
161337563 294513135
201298413 860830949
175501790 444862705
84462446 305346596
158147340 498354151
60223581 954441001
79927625 357627347
272423709 842840582
209797569 982312415
201961162 991981306
283521229 982503978
275756753 324118860
154805601 578656582
153399125 528326079
226767995 892882051
182231929 489498330
200663068 593477774
224013756 531355231
263338699 291143507
79241079 100360094
204163918 390203097
8102743 534597808
32068933 998286954
231897957 784046551
