50
55531254 751930112
196582355 364697467
165319387 276321869
176391986 233194041
38555233 559224176
320274036 676180921
134624113 894925728
287184020 751822227
103996741 642342147
207550213 409011247
149215250 709536394
200563974 336169690
215045384 373418344
159906237 539861347
120972607 827199059
135292868 255151986
44181248 766336313
252118280 278432129
316326363 403316860
164382081 260135778
289047427 397394887
322733326 879755557
137801234 658420333
41028532 713871635
299635217 539498217
275326194 769051723
56054100 271325537
210282231 723852628
280300631 728535374
36236244 669053194
113908429 700237806
236380596 248145451
54476955 205432093
308275221 347123655
45303577 448058891
80041287 720000400
40327667 808311570
18338079 150867286
159285639 985391701
294271528 627718830
16165367 120074030
162900812 733492694
116517301 593826249
68780825 954401664
140100175 464017954
71694439 761991742
15461804 78492216
214234973 313022178
103901236 121756331
172209906 891453493
