46
238500670 846101363
220038057 858364441
198995235 694106771
304737353 964935980
313076713 687986903
199274318 807377688
172893442 996975736
51783580 765272620
20542413 702430431
148484373 751036753
212907212 442874269
219840344 552939159
325224869 592177256
287723267 982913074
156201005 256813055
305700855 424984327
239627288 744100706
139771593 595641001
216412663 594849764
206517575 954678959
277214837 829177907
262570893 745566464
72797648 553454732
214629802 893754000
54940129 737917669
167812791 370961814
300129821 701570384
166878476 505579522
214360718 557604478
252268961 359885150
174688718 250335614
29026285 53236839
206623418 922793991
10998595 520342549
224678248 750365923
161682258 494888863
213272497 856797730
235439075 752646566
255418938 274218759
96167948 486401402
79537282 334558135
277289062 653785609
72302649 290677095
56589868 442274045
4863726 425631403
59568724 318312794
