148
76264640 346166108
249509007 783913213
318298432 838251121
9031050 97069935
17774740 737242673
230297435 613179837
56596861 794883495
74317892 971519828
238842583 906161069
129488184 702918364
269392584 478786365
209779489 454048342
170545980 744838954
92256994 332538451
22488808 59286149
293817810 408390596
23913817 998606976
220890801 905732662
232853378 639927366
294458535 471519399
82722797 635602649
29980133 903512057
59703587 675907232
98263555 400188177
21195982 370648003
315367011 366959688
125281218 917781241
284774892 657529609
40756897 976110160
300670670 986506858
294130795 907779814
82150901 790491771
169807251 289777429
308465248 676530786
304391366 787823490
198624594 259265672
71208084 935087083
25805211 849000783
94863737 773248337
206435695 229529862
174294431 770707954
180722364 609923386
61341096 564290831
193526120 882072495
227767057 801712107
290554418 946951191
218540189 494783386
182188737 459163357
147213957 926212694
165909076 247967889
159325707 858208346
152907738 447664302
267515916 342696130
277829690 692782991
55667694 115331835
324701622 617290388
258841611 987963329
269011016 566725896
19033018 831376806
144925307 610712232
300990656 722561881
41602421 659490366
228508317 596576811
100183428 567226854
182046467 801843392
185832369 568524242
62934518 377161346
182672876 924439656
243905811 653680889
36562807 503613727
224030353 294467342
190331010 839501196
104221442 161055911
220149265 517213445
310650872 747737081
141095881 796897480
32554857 803459731
276463925 547656865
326486818 497111812
43897169 401148680
142651478 850081509
77775935 313055147
273446255 862039062
31968051 206548430
236594953 319044273
199595244 883023125
185375599 699619618
117102263 361582310
279980541 695059536
44019498 126753770
6421627 594945702
4822417 490241055
46896907 256332599
86664940 764091244
206448387 687332304
53768114 971473190
213889328 232787432
288868133 812894825
243093651 505147065
305509244 426431503
52530137 827214255
332126032 364907206
240783356 382114192
76821293 496444667
91252825 166203241
64166518 220047986
103628639 335514103
229974790 450909403
82941144 907693655
227420407 502794983
131082651 568463061
72014666 802350184
268758334 710887570
190889213 352442702
270056073 647240598
194611110 828571662
78299894 962286871
292420299 675692963
322194909 821823009
294211267 749517758
68068848 488585949
87417013 828796338
220737396 686980534
125425870 957610144
258431329 767417454
9570620 459680870
163947334 887875627
164742259 167419894
326537830 780218825
8948579 233667660
167872642 936633329
75173681 98664409
248474892 732738746
19860151 661129009
219674114 761233091
315346286 386105490
129922940 856704654
44433290 589887751
306398539 971117343
1595229 977699681
253317912 636743120
234268280 414963897
136455489 894761175
200659430 854276425
320662988 865911724
152817484 191852811
3501180 442796888
64731458 788165255
