150
159053300 458214323
246704247 512893817
213227699 342962926
254688963 701352044
179110362 933928725
179776743 759317179
141347897 619171560
89074298 915905861
63802670 127681516
314563817 569036099
279945661 449341350
181259776 863765663
30850254 753346759
17498127 748514096
143821101 769020526
29753203 198649025
244152551 792427252
192945 64971167
124027760 255317848
17692844 902841452
100281329 134915572
43223524 794350439
69149973 240237701
275828917 741529791
176815410 870627075
18819617 808656205
37795798 921706656
223890229 745336182
20459023 792681935
144356581 925447498
75841572 489093093
185402485 367741261
36217456 795441271
283815258 775631880
99141820 660626033
274010459 319312319
35141656 238528039
198241095 249840321
239516074 505177516
117787329 206635041
254125909 575386965
220229346 839878794
75447739 203480305
21576958 252867052
115741865 149506307
181100764 362213346
324948760 334894068
181453089 947292127
171160592 596317547
311619174 369103814
246271209 736428033
106159827 187781635
216478418 689148114
205862409 621429980
275784719 660478689
184014300 240147605
229050970 800286756
144739931 927351568
5487331 730521428
275287869 304336315
246153620 578370083
34876083 806475149
228502752 315995188
177610763 483058785
35085335 619961258
325664649 777182686
86139224 757121383
253510908 704319424
138812868 573207915
168971254 800899521
146005212 300823933
120607438 668283951
228086586 806875992
228794788 469394389
15265037 894524777
294494526 965517777
9752300 898651187
251203953 347134545
206333160 246023610
94579188 384370768
11396824 198767348
308459590 818064531
24821237 627170829
150563064 336078845
297075350 388931699
252380070 593522434
290708162 388432692
173515223 385944882
37910828 279298375
134633884 313848863
73448513 85373234
234271694 301044562
63798441 988213912
226795093 623716762
326097235 997168684
56873053 762409620
207380489 441113904
203307982 689977325
253398337 396948369
235291568 392198531
8472343 916966412
150368107 169658613
40924862 855332013
251323702 481312195
167052013 665735951
275343452 959492308
287464521 875095270
16355747 55712768
16165692 136452776
294308590 441896593
83985472 951433912
184238236 719786879
287362243 300337431
231162647 869673264
157390889 670295415
129008744 150906397
271389047 544951699
1670781 492215331
130846474 471123233
94181652 740905223
96750456 342379867
276652650 399889211
156107228 711050346
135840704 633867212
171340861 804016634
38815698 807522138
129177845 183299371
53726595 797877331
303738746 324861069
73970847 652694418
217876313 306832646
146829076 843744249
225839560 250256102
66484407 914486657
199533613 996673507
151158351 286894111
227767338 815897496
303362864 574489521
290632176 697486036
202454890 397440811
22779110 738249887
27561490 283520767
165944001 632104499
246384678 597905853
96297379 625192612
235791501 609568419
226333919 480721642
309423171 996568334
198770031 586746794
321703951 782316735
