193
254550454 506958485
313860866 561652749
319268644 523850516
143104730 872255381
73189385 978264923
325970758 329612884
183923643 963539599
44639043 226955686
270134953 329569068
109761118 309725073
296945823 329832081
50114926 380279672
30943867 104767117
191857805 514147394
255793799 921874312
7874593 841986970
51163144 620153106
89876017 538017196
227887411 427750554
145142966 848079288
314412838 504694600
231217378 827647372
273001198 969944898
27743382 864944603
176024869 634690608
134180425 676470166
114365309 534001395
162472487 611368032
159127103 507857063
207191154 558140945
116439220 951776554
113415695 970921134
110391688 965804328
196991348 585847866
239592338 941033639
170827503 981164761
142346693 514580961
173828990 924545162
273428361 389804605
217226906 848454631
158391568 765416802
217353191 773520750
195199650 439181291
25925734 483518530
207733091 876269304
151233064 832839123
511833 37831358
54680052 782295808
64133353 695269196
1551918 941356086
182145432 423130697
28402474 811659688
43082664 134366863
303408481 676238007
252197511 366830053
112106281 445924870
62671448 603067876
244813014 991257708
323418837 446156758
278060225 505658703
193084281 575533600
135721923 414160340
115872037 270562739
119230210 845683366
330283189 694759922
210636805 348588664
116101894 642023764
42062148 217483025
292463680 702278309
29295697 752626821
40427935 495349163
273101360 651620952
310742912 978327742
106010661 182751558
73447555 554460402
60249069 262896418
137491968 542764365
222935576 928162656
263098057 923734131
273349711 289056385
305110522 624104430
247808885 959707609
58910605 420633105
98344261 174570411
52974808 699811913
276339810 731964469
276905748 318357481
298197237 878102118
232366903 806938453
221279641 576926276
302004416 723238868
74844846 698057232
307378592 987516351
9934068 531844927
119619815 262489330
107076555 240125634
208467544 491751308
59664319 843428187
18215728 424136105
273996117 669901819
3020563 905213665
283728025 672145252
283932512 995262891
96075136 651133179
63860980 920346706
124242616 351385652
146946773 531564038
112201263 940148384
228993438 361302740
1043550 4511941
103732491 203213722
55015679 525394419
256065127 644131022
105226045 349257462
272003326 980332190
102542836 347979832
272418704 590486875
228323141 923292144
60161931 164208283
218455405 514771832
58542668 122116287
36236185 666061489
175665557 461941041
22006891 456145922
166340048 200474879
108662559 752732786
165666431 595130471
103199840 189455798
50813730 181869574
137035639 348754165
132242278 368171904
209753486 907017826
34503035 250268296
113537357 662953575
310814685 527671210
213938961 419899046
300422754 526934031
101179947 347850571
25335146 769703470
144148091 499770406
165758471 940978847
115193829 433714122
255863704 457924604
288639067 986936736
145401617 177149630
28273968 774572693
221482527 676969976
224034672 512231556
25226796 675163677
104532302 802844898
180562308 930110107
170264299 500563277
29904186 295346297
320680522 739483649
44302657 445536356
145378639 920040043
204871832 651137419
99700123 894117698
290122145 732640738
24844096 706008696
32708950 690818740
78908354 503535706
207918163 708149937
173538156 218782130
68756128 782871354
307416842 841662348
217548419 953638958
298049611 926460509
188701774 294525383
153651185 352776710
307728351 575613545
252460186 338147285
85098661 172358235
304695983 709105330
61084541 513151293
29588728 495408356
126289822 496366318
254344988 884378471
268214685 636463702
37788823 570030013
11519052 993038446
166945779 677872303
142914382 147583291
29072419 231879722
175270180 577791747
202168442 706052038
56614811 626199764
201988459 220858589
132151262 762892535
296436842 400321749
44721873 108425845
50689260 348294175
118803117 958840276
