197
218693899 728956242
1087637 79983008
332366201 564070231
72981761 173107200
84941418 833752663
25460810 663465930
188736925 993150475
98414522 496045083
2579223 126779444
26342090 586845316
146903407 492472443
36427183 632877830
30789446 908486043
127183781 474435639
158394497 808049636
315689410 466972633
312402929 945241182
170926834 620923326
242462179 877328990
144666921 467250012
110517330 858474311
205820119 717006949
169579598 336341421
99938878 644006919
55401522 653034149
210187259 230175352
310815642 559863174
148129564 409080513
213667025 666977356
196170731 355218942
193297330 397311044
133619056 683807378
49834448 196636451
305437550 879738018
22402948 25037330
84217305 829765783
313316044 859008569
133725213 667754918
9788702 718426853
45704801 277505983
115715675 976404160
47176536 397133928
283312281 696270950
14874718 541238192
10680170 570852955
85235285 618745815
322422764 607073333
122190576 618623225
189857184 570566741
52671690 448415260
168447680 171063460
33648864 130922670
215272961 815220789
295813113 908496680
94314404 992042012
320518021 841668134
49998884 971652486
144183803 803527753
192719178 996623860
110880694 926394516
8812594 893207948
74886791 665490761
203841388 233714386
212687540 671525374
24572156 952927336
107693795 224130050
195514591 213000637
252158038 633019618
188527328 453128978
265016280 468060301
69787557 176243444
116741088 490394030
247606924 440098075
4892487 802059914
305410196 676061190
198517649 235619210
265231635 713946198
218947435 627863359
234090891 760756879
273805870 740935593
307597086 458091057
166139561 828937600
216327097 575441820
46125459 546490075
27382622 928281268
190035652 979345649
308882956 732949372
250934203 704477365
68909037 976664591
307925398 756897509
166289355 865657904
11823198 222543899
127432070 234958554
30048149 38013901
245474853 311004867
259194872 612068551
157280056 791583470
209554598 542388712
273934597 789157446
232122281 283768028
142228282 986512460
128663499 996590814
157239787 908657213
265033668 810580824
109876143 740814909
329113835 757447536
319666783 469198503
311878327 490597321
58174546 888038433
229937257 705904124
66185666 649223587
50155130 259962113
19277238 260544168
174725126 723319556
1854475 90757787
207701701 531154822
331836966 669538367
332000536 441309653
172000080 358195131
165521762 816814514
184383638 535053758
60298815 623747601
184871087 417145296
260370215 819429811
291230385 763089661
298794026 895966841
30387357 420993756
21418641 860150270
159946033 997773037
102730418 142554621
128077395 435067353
83592999 489513129
272612341 690350067
264645216 551406903
216792649 427142630
198018703 847559359
32231424 601465165
23948669 653953493
107654613 395962086
286866495 815626383
290055967 655545313
130192761 795628086
316807976 844513239
17454969 719893471
30854045 944496561
2655116 732230820
306994329 955423090
189258345 440660934
49751553 311880459
12609909 161638471
252375313 353681787
259042225 431511088
218338541 328571812
161982855 619171654
91890878 125882113
20014983 951858541
323400122 532874313
95607014 669772198
92165501 317857139
247749223 732044292
194736986 733048797
19337024 53806372
193165791 967174656
128273054 636883829
54218450 55978058
194236942 215900573
34058818 400545419
185737272 414595135
90302824 583643280
46233244 79130149
331664487 598274238
271690369 373584697
331173615 561658854
210375886 573937735
264345745 483899284
219810944 984176038
145655636 928139071
3084875 926727858
194029917 514679047
13244191 959881647
167710866 600391775
229472409 889616367
21752230 500497248
240016950 950323588
87362667 511418669
228253284 622213171
197248504 667291027
162032325 966097961
296770771 887910042
151282800 414448493
94416021 747082075
3972503 585567094
196162808 685160313
53722091 798393534
52754864 347255798
267047210 331955929
329283759 742842146
