289
35760406 298652868
26314031 734893848
76812230 465051513
2858792 264589067
284746559 420954901
18020948 266615357
65601743 646252358
276403715 732973716
204314827 483127124
62988777 965499786
275182103 340154198
213936229 282154546
287578850 423297311
196273258 885552692
39643435 667720825
46947903 680177668
279152017 795161928
223761170 680332207
210121645 796193036
222712793 432450079
184225150 447273168
150989328 354359397
106844629 357138131
278724623 719938130
71465289 864189271
107809297 679237566
149352035 476858546
133786641 543877274
14840198 948112382
95015735 921090325
117957694 206886501
100759513 623580700
208785538 419525827
237173376 493259545
161007400 826911929
82133656 994697801
45798316 697768826
44356520 99794786
272264165 314505778
70487055 836082640
238914301 279524213
234913822 378661048
13510971 497821645
282161398 814879855
179930287 400239151
156428876 823075257
301182491 850165980
229970518 235498215
187407822 549137276
20248510 915605280
281111890 831613765
308492886 505636999
274842280 385451261
119354666 851748140
133300343 719804652
142663346 374731174
177899684 613080535
276337101 595388078
7706896 976295021
20279732 342414124
102156355 188187673
223958533 968126596
95961039 266843363
277863945 654340742
319570507 649384908
267677953 996732980
253299745 794476873
323587353 384187835
302528950 459729810
232795808 958349893
325125246 540842297
302045613 676420258
220175263 260381012
118141622 890952722
218356350 888921336
63852351 485255268
39258340 577838769
92568834 181824649
35057361 283206457
76207468 684664995
9512560 753421828
77760949 631147668
6309295 299659119
260599029 545537664
25040814 961280895
258122734 849323178
324259289 780652122
249300919 406306611
203671170 240900171
263365113 430562847
36657214 420366064
33752805 272420564
287777183 647815767
137701565 373654468
110631647 180098337
123101697 805992689
40855987 603733830
207483557 269299482
210641653 593026116
130290934 376972764
88114894 859227834
10460447 229381277
254306436 346561083
13558601 751963068
18632555 992284680
115294380 134970720
220562177 442014300
118895939 270435657
4147830 835928483
230881076 624864421
328670841 898589755
67149849 321716782
239675504 899960362
95293114 948450558
89619565 492071124
167871430 777522893
255889070 356894346
3286394 350317448
280382246 548725996
112588119 750354741
284247394 821386999
199966969 298746235
59424312 552946888
79833818 996391507
228295832 620084780
203998580 643431435
117249587 634715063
269078337 739934677
68425197 202762210
265627101 667888492
176228729 591342157
236924642 836470468
191147555 794639103
105730287 823444433
68674477 960823522
206064256 646031845
249696170 557386395
69666001 489589349
12262748 910689125
298204330 400705431
227065409 856722037
304428203 594443480
107360468 596985232
30385937 963875102
236876602 561681235
29350988 319284152
88769704 590094739
39263683 847218304
251410658 515851376
79249455 522661152
217381598 334492705
39209894 282552993
95850297 992770705
93281848 468136118
177484741 571245249
154002710 897501084
281193384 645770553
225883767 331744195
2006754 252785164
132032147 224832355
206661647 702909789
229932093 445482898
181617508 647683953
77385164 279515032
317106851 869622819
208295076 385504400
290349570 503442214
80594601 701894690
17126365 257107918
131893537 652767660
38105025 407406290
206212611 610178084
59387708 854808857
185855159 643899799
233713404 587426864
209131910 704417232
204599829 894854262
133203715 142594930
153792628 643411472
313444812 892566390
92331084 847078961
311805379 901789842
110527383 291599643
99051475 400242947
168710244 525197200
233122245 238087131
255578467 801814039
29561496 196066679
93811816 346637027
145644697 376581217
282383305 514416696
66763371 162033871
87417157 310298547
252016589 519686048
272035725 607272560
134051583 256457577
241780507 865793354
182515404 824264689
47874781 170554739
99256598 914684806
245005111 248019070
63253339 346618052
155250858 480835146
102270889 594528710
65488096 284644038
139826466 141221936
301700935 543304201
225177136 718150898
139374872 993286192
18119716 951736562
236360242 295581079
30426099 841423012
115475363 670586168
1537351 206858812
301774842 880209961
50295936 917214497
232489488 545451575
255453838 960229946
242000177 324687307
100230370 786661134
186571891 275738704
252263571 990508186
196830190 240158164
72103697 996495568
94582828 567890041
198305737 287993774
309025432 511490538
250561509 753454192
231815740 933485078
16711025 789670908
285607781 737800330
27780559 591982843
111250755 258249031
331282497 642576668
325486754 523870922
316137378 493020219
18365082 438704343
164837075 653264952
83701630 598196294
89640536 475737466
169757168 699832970
49367680 283580472
25629000 554024329
298474188 882030706
138296691 316343389
328713807 911230478
182936688 591393260
166045458 379051832
47632225 825289586
167266363 736265013
138546288 438316974
83100183 336798314
25241136 324456526
193372363 645487788
302271098 381980623
182015017 289821719
168264225 584571862
126913846 822391564
46844204 820184211
318158137 417185183
23870650 831498931
212714904 977531159
167812357 349078666
112439634 264169604
153615135 682530450
154557929 975466091
164932329 419076695
19800762 887867532
222685300 889381185
220609260 668549679
176904794 320186849
270782302 757928834
63455847 893808420
104407595 957336292
239761187 586966756
256979230 564108867
150293434 699472304
54856697 623208837
95721176 616999838
156980901 739975589
165863394 862730849
316421360 733312679
84548680 358478454
268840893 578693367
14234450 469899801
146961954 223320614
79509314 740386575
192903916 647790078
76649940 446409885
