282
1848 5051
3198 4662
2051 9077
885 2967
683 1944
3125 9140
1380 2875
2406 6283
1297 3892
218 8296
2718 3693
970 1653
1570 8570
2199 4922
1992 7816
625 9730
348 4496
901 7840
910 5885
753 924
56 3272
1314 2625
2399 9110
809 1234
614 2294
351 9534
61 1228
2898 7723
3231 7828
1810 4909
2878 6139
2760 7008
3309 8557
139 2721
1019 1216
1862 3585
1585 8252
677 9626
1157 3482
1582 9723
1035 7494
290 7276
2905 5655
2597 8726
895 5733
2595 4196
2971 3659
91 536
3257 9423
609 8866
102 4388
921 7902
518 5231
2234 2575
949 2764
498 2764
307 4448
1340 6119
709 4680
606 4663
4 2478
2561 8733
1613 4878
828 4678
1132 7177
980 6449
599 8486
3036 3318
1119 5878
55 1465
2614 4320
2423 9078
577 5439
2595 4693
2279 2824
1313 9270
2165 6153
2588 7796
281 6418
746 5161
2239 5272
2931 9054
1606 8208
2743 5496
865 5415
1636 7187
3255 7897
2992 7652
801 4850
665 7384
2424 6485
1369 7481
1956 4481
38 7494
835 5652
2840 4794
578 623
2122 4913
2823 6490
1602 8006
446 3084
677 7504
2541 4369
2130 2330
2497 4681
34 4129
831 2400
535 2404
303 4333
730 8020
1204 3910
1078 4946
2958 4130
1931 2448
2687 6033
1784 5656
1329 2526
2526 9052
3176 6954
3268 9705
1421 6502
1911 5346
788 1798
2349 2775
2515 7120
1565 6943
221 6026
3276 3934
2303 4579
1706 2454
1933 5735
1329 1880
2240 4624
3196 9144
2119 2959
2438 7203
2387 7392
1746 3523
768 2622
519 2168
1900 7862
540 1572
1946 4497
679 3950
1353 1754
2459 3119
1799 4227
3262 7378
1537 7630
2342 9176
2077 3070
2132 3664
767 7448
1670 9273
3218 8510
1197 8585
1224 5683
2781 8478
2312 3414
998 1914
2370 3048
1807 7245
71 8556
2635 7431
2185 5160
2408 7540
1605 2580
1954 6855
2256 8711
897 7819
762 976
1482 8427
570 3217
962 7815
82 3710
1490 5897
2285 9017
1615 3871
1391 5568
517 9883
146 5753
413 5962
916 6804
2366 4736
2123 9003
709 3827
374 4473
1921 4789
527 9520
2407 6683
1220 6110
220 6354
2429 5820
889 6223
2012 3542
698 771
1619 8801
2779 8897
1085 1425
166 4370
372 3354
1129 3210
1959 9513
447 694
1084 8601
987 6560
3088 9640
182 4369
671 2156
3275 7484
936 6639
3293 4407
1862 2888
2268 4995
1639 7865
2533 9662
2138 2914
506 2759
1901 6493
664 1518
2869 9669
2929 3487
2865 8618
2531 5287
338 632
1924 5042
2732 7228
2882 9068
98 915
3180 7304
2661 5716
959 5762
2655 3076
132 641
1330 8584
322 3251
268 5115
1330 1491
803 4591
447 5561
3030 8098
1951 7057
979 4264
1440 9190
3233 7364
3035 4052
2623 8287
1173 3878
2266 9624
2809 2950
2161 8183
1514 1807
1990 7159
2201 3226
911 8289
809 7533
2036 9521
2047 4586
522 4084
2818 7216
649 3753
96 6428
1266 5739
2533 4004
2221 8651
1270 7986
447 1683
801 8775
2100 8958
1783 4653
2738 5485
2883 8275
3289 6248
2492 7599
36 4430
837 4981
2564 3779
502 6823
1869 9160
2224 6114
2515 6515
1990 6486
