257
1923 3760
302 1185
2678 7066
3276 9780
2463 4069
871 991
2093 4404
1355 6035
3076 6992
2451 6775
571 8640
2252 3672
2796 6009
1079 2451
796 7939
791 2273
163 7469
2670 8448
791 871
714 9524
3024 5374
1 4417
821 4692
1112 8151
834 1658
188 691
1518 8164
2718 4684
2021 9373
539 4290
3095 8164
2582 6756
191 1634
2775 6798
1028 6039
2223 8966
1982 7194
3223 4308
1311 4297
2619 6077
1247 5399
1866 3799
2721 4826
2590 5422
671 7730
609 3138
853 5260
2252 5437
182 5836
1107 7784
598 1973
2971 3361
1217 6744
2694 2970
354 2223
1226 8259
1972 8358
137 4110
238 9504
1819 6157
44 9051
2920 7656
785 4000
3239 7904
2958 4999
2984 5311
2409 5368
3033 7427
2282 9369
1257 9681
29 8241
2200 6204
2468 8310
2623 4374
1800 9304
2994 8003
3089 3268
945 3731
1902 8735
718 4271
764 2646
3309 6472
626 3949
2043 2207
2614 2914
2865 5094
869 2234
3033 4463
1243 3531
1992 6228
3209 4993
58 5716
1017 9548
39 1950
452 5698
846 5818
656 8635
1474 9022
2014 8480
789 6052
274 1186
2027 9120
3040 5147
176 6872
187 8012
2568 5019
2421 2676
1211 1419
193 5017
2544 9153
715 5993
591 4254
1861 9143
1258 7646
899 1059
2370 2583
667 1558
2067 7281
719 6402
1688 7631
988 8368
113 2789
776 7455
755 5572
2523 7149
1876 6319
1144 3486
2376 8630
1706 7026
1158 4739
3194 8627
1516 6453
1758 3088
944 4832
1482 9122
970 7354
1616 8269
2104 4874
3067 5351
3105 4616
1125 7062
460 4162
432 9133
2025 2491
2398 7547
2299 3194
1580 7497
2854 3923
817 9073
1625 9198
1004 6933
2884 7065
460 9988
1002 4443
52 8854
1915 3461
2286 4755
1355 5124
2117 6723
1842 4527
2223 4968
278 7842
881 2768
2876 5544
2303 8935
982 5161
1284 7103
2344 9404
520 8571
3187 6357
948 9436
1092 6386
46 457
1916 6766
310 419
181 9415
2105 5848
550 6639
1947 6589
1574 1973
469 1812
1028 3273
1138 5822
2322 7592
1377 7382
1604 5163
2517 4415
1359 2236
1626 9633
2294 4959
1613 6414
2502 7333
2371 8227
3063 4441
2452 3797
3184 3410
2750 9498
337 561
2948 9305
1976 9479
2492 3595
1644 4616
2838 5896
2928 4813
1208 3478
1267 7571
2697 3931
1124 1723
321 3682
617 5656
365 7198
2580 8274
2341 5871
1543 7157
722 1365
3300 9345
2703 3471
1921 4787
269 5383
1680 2073
1927 2722
71 5721
2510 6699
549 8351
1773 6168
2629 4120
824 9734
2538 9292
118 7825
688 2516
2589 5989
224 3534
2836 7990
1686 9085
2846 3021
403 465
1593 3490
2430 8246
2474 8170
2095 5484
92 572
1874 7661
100 3712
2902 9871
3232 7343
1994 8981
2713 9368
914 2668
3100 6977
1031 5566
1825 7572
221 7050
1911 4210
2836 8421
2577 7093
598 2626
890 995
