100 100
83 48
34 1
67 89
32 65
40 99
25 36
82 21
32 15
64 68
88 81
35 68
42 13
97 80
53 32
54 82
38 37
82 80
75 71
41 100
78 60
24 10
36 9
25 100
1 41
51 24
87 62
58 84
68 62
50 15
11 19
86 75
33 8
77 47
46 42
30 66
98 7
43 52
75 30
27 97
82 96
54 21
66 37
5 98
2 14
25 72
87 93
42 30
72 1
47 7
70 43
90 70
82 79
85 26
56 65
24 95
70 22
41 4
32 28
72 45
8 6
63 69
23 17
31 43
97 96
99 59
20 95
10 40
64 57
48 88
65 69
61 47
47 7
25 41
44 52
38 75
96 21
92 48
77 49
85 84
74 69
88 6
47 77
52 55
62 16
24 29
18 24
8 12
47 23
39 68
85 73
23 91
94 2
89 2
2 85
78 79
3 48
43 19
47 5
16 76
23 47
