1000 2000 1000 2
756 547
344 355
973 393
536 421
77 722
798 864
516 435
980 881
966 523
242 793
40 586
887 141
987 54
176 305
904 805
746 257
938 319
302 479
2 284
299 391
564 837
674 382
159 993
865 377
585 11
118 741
793 584
562 496
758 436
303 627
305 746
906 764
662 446
849 15
504 260
926 431
957 772
110 831
26 923
172 380
701 187
453 159
294 572
494 607
77 302
66 709
599 189
50 444
1000 786
387 29
86 922
748 426
224 468
106 431
205 712
889 698
852 541
103 182
708 495
844 696
159 317
830 713
61 179
732 306
791 536
278 668
648 310
405 579
192 521
801 111
651 947
203 776
152 641
701 431
680 963
14 954
903 92
922 657
281 265
802 140
577 722
628 173
703 564
908 352
294 324
318 299
594 897
490 937
998 754
136 859
233 532
243 54
324 114
631 172
544 101
57 227
791 638
422 837
553 898
448 247
984 218
404 307
977 31
349 289
1 115
244 905
201 434
19 601
698 27
674 894
72 861
533 368
791 288
514 23
397 912
117 644
36 177
651 483
592 841
347 694
404 1000
451 202
516 584
140 926
587 20
184 378
827 560
689 258
330 295
473 229
233 557
408 83
13 68
713 830
658 916
770 311
463 65
600 674
957 282
312 965
578 174
509 567
544 199
38 543
905 244
310 524
574 290
399 239
19 617
852 809
637 526
747 617
592 697
660 266
57 807
134 958
908 773
261 340
301 654
621 737
593 69
468 868
516 808
252 702
948 609
27 672
193 612
782 38
607 790
703 615
695 301
531 266
372 105
939 902
809 199
748 508
951 872
376 41
584 967
229 618
928 177
696 62
554 138
387 563
563 105
233 604
79 115
949 699
888 83
21 644
463 606
597 601
392 421
169 506
882 61
486 725
814 863
648 391
69 381
170 629
307 765
831 954
318 429
705 173
721 932
648 313
176 158
154 664
21 808
326 918
563 291
535 504
318 964
462 796
86 430
459 26
459 898
159 557
238 636
42 271
211 946
56 443
277 942
17 989
868 613
159 888
679 900
58 857
703 241
52 655
890 129
215 411
293 138
165 775
682 690
901 706
379 428
213 263
502 383
109 655
139 817
16 700
473 837
835 71
893 639
625 822
593 960
990 600
977 412
627 191
696 62
109 587
54 765
249 895
803 614
272 664
167 601
436 496
201 830
617 460
638 561
670 360
849 852
220 45
559 666
632 110
979 876
271 528
504 535
145 534
549 55
201 371
383 255
506 798
266 238
469 225
603 899
27 698
472 188
206 433
530 360
622 145
894 743
676 567
329 501
443 56
20 546
33 166
233 616
995 160
485 943
707 718
52 115
280 648
493 377
102 342
170 7
974 443
961 200
823 421
509 55
977 79
874 420
104 65
681 393
318 439
783 880
166 569
519 854
583 974
736 784
408 869
643 136
822 359
270 897
349 598
999 773
860 865
83 552
927 714
683 577
696 126
64 439
917 278
449 323
280 199
971 713
381 407
920 759
734 669
32 224
21 100
109 906
55 549
268 305
82 743
277 23
358 695
549 805
747 364
266 659
874 521
971 777
238 317
769 154
264 640
677 10
303 895
830 988
216 406
844 7
407 260
578 221
929 130
320 15
533 275
345 62
900 581
723 89
20 758
106 324
777 971
996 244
180 133
173 921
814 877
131 489
42 796
511 502
887 676
825 684
675 32
365 790
529 909
294 798
277 489
393 973
561 858
607 224
293 802
732 689
544 816
779 410
106 690
448 559
808 331
550 799
499 554
596 353
600 785
556 978
328 385
438 729
410 646
572 442
994 372
960 300
124 795
527 802
36 192
28 868
873 633
646 584
499 22
108 715
41 810
451 790
939 81
922 34
636 440
69 823
684 771
273 236
964 150
616 257
545 627
220 72
865 860
458 721
692 231
418 306
381 257
120 981
313 620
226 817
949 93
101 45
286 434
620 313
672 129
811 630
258 743
530 554
336 728
247 448
361 94
676 66
192 544
42 738
632 526
742 545
288 421
325 60
556 292
97 73
106 20
717 634
473 573
909 529
629 956
39 115
527 724
978 256
353 871
821 681
490 977
843 107
790 556
365 748
998 765
693 767
727 539
226 79
947 279
79 562
722 77
445 424
407 103
2 579
950 958
188 472
778 491
113 579
887 582
586 70
43 962
224 973
516 159
855 896
348 315
709 66
539 421
770 868
904 392
938 11
728 199
113 788
1000 480
530 186
710 337
172 891
782 906
757 988
147 483
181 318
147 349
319 755
68 615
317 238
307 280
682 193
221 389
491 778
999 233
106 84
62 367
58 782
453 601
716 245
932 690
637 991
799 91
651 79
516 136
1 952
137 672
73 699
857 58
14 595
349 218
459 408
143 840
653 635
630 20
742 831
53 227
373 295
483 441
447 475
358 931
120 249
277 938
709 388
554 741
297 417
210 699
791 990
446 29
784 736
42 6
799 648
777 814
912 686
741 489
430 460
609 909
413 492
669 778
530 442
365 878
679 493
143 825
908 82
94 361
884 869
580 524
497 327
277 121
693 139
295 384
400 469
928 363
358 690
524 580
51 486
509 279
627 528
1000 798
177 470
675 226
262 425
146 373
682 38
975 649
294 490
181 13
610 6
562 655
94 502
652 263
45 955
639 603
291 356
615 703
663 641
792 311
113 226
713 888
281 336
882 978
595 757
812 158
833 201
31 786
975 756
652 286
733 760
620 993
57 392
593 446
430 845
171 800
103 200
399 673
545 138
975 585
68 136
599 428
450 835
392 904
725 853
552 693
259 556
637 174
430 86
845 983
876 409
828 355
845 361
481 924
286 530
658 2
159 902
98 143
666 559
618 149
284 494
270 528
844 268
683 791
424 445
204 60
615 696
69 787
253 388
201 775
158 812
328 952
28 188
739 821
287 721
177 102
725 871
771 21
531 439
173 288
544 998
488 718
285 470
651 896
975 438
619 168
236 899
92 222
984 828
773 645
303 587
993 854
880 783
943 996
17 87
231 884
390 354
662 983
993 73
981 627
411 132
430 717
24 275
370 979
532 877
110 216
892 652
537 475
621 530
968 649
10 953
664 503
125 968
740 451
656 364
748 554
344 394
557 225
63 553
853 344
247 623
407 187
318 906
547 756
233 430
597 779
685 191
492 275
970 411
753 455
914 947
369 570
643 290
255 242
939 601
924 930
747 339
640 880
574 948
312 223
97 412
427 645
644 18
54 352
811 711
583 283
668 630
662 234
802 654
294 582
701 220
516 120
587 848
264 879
589 217
14 171
972 752
604 250
969 332
889 446
536 703
206 411
186 788
730 979
32 179
632 723
583 228
121 3
470 446
286 37
4 839
626 190
97 2
264 61
708 995
84 18
207 333
694 124
255 506
533 265
989 93
718 707
838 570
525 90
999 565
522 800
205 212
349 961
544 986
252 197
115 987
129 285
748 272
272 616
539 581
306 738
398 185
884 749
449 979
426 298
412 820
176 724
522 983
557 176
258 457
272 164
444 164
277 487
131 796
615 342
44 474
421 139
762 734
428 379
399 682
464 441
673 305
483 137
929 316
987 392
13 181
849 208
747 89
849 155
933 245
593 283
354 390
55 929
371 134
487 841
28 264
800 144
572 992
119 986
258 195
302 907
729 438
740 852
771 350
661 141
498 886
73 993
955 220
769 542
304 865
364 656
947 84
266 682
524 877
47 925
125 285
779 179
168 619
959 625
431 402
2 517
807 381
822 333
645 773
854 487
277 947
97 844
542 375
31 951
804 594
726 887
53 382
986 119
2 669
939 173
501 533
250 95
863 774
722 913
637 53
309 48
457 689
954 16
849 870
378 794
544 920
68 382
976 931
939 437
921 828
235 573
643 208
218 224
235 574
675 103
630 138
775 576
530 363
890 186
740 36
646 797
441 464
952 337
607 744
764 906
649 968
624 800
318 68
875 314
928 142
404 420
938 946
426 128
511 628
677 538
157 47
301 628
503 769
886 498
403 582
610 705
972 116
339 624
102 976
341 347
530 218
596 43
68 255
556 352
743 82
277 952
555 476
332 969
964 719
527 20
159 530
768 910
6 461
80 88
89 170
106 797
266 218
531 369
266 701
60 204
277 54
60 551
577 512
461 478
81 846
9 334
599 569
997 685
749 485
610 557
468 520
554 877
519 731
349 206
632 480
593 155
65 834
932 836
401 133
353 304
830 165
619 729
492 413
51 8
778 112
135 719
973 950
985 970
613 119
637 957
653 67
380 688
109 501
660 32
271 182
125 126
349 751
841 592
681 739
388 633
417 864
678 250
44 662
217 589
413 262
477 25
851 61
28 305
52 621
614 81
189 687
581 900
787 548
74 399
318 352
575 994
572 823
466 39
433 37
678 431
141 661
88 80
658 409
352 234
329 229
976 536
904 415
788 753
418 735
582 403
675 122
748 858
630 697
938 632
407 914
406 87
626 866
979 911
28 109
780 254
486 51
726 3
349 538
439 310
257 616
749 532
159 453
197 252
761 692
975 637
539 24
749 293
196 675
897 429
398 367
627 981
777 191
991 481
493 512
548 467
345 930
261 745
551 982
635 653
672 758
272 215
565 214
882 682
128 426
545 183
86 455
866 626
765 462
747 511
920 1
329 522
547 740
749 61
979 805
899 273
608 762
785 125
264 725
46 248
991 432
720 883
185 762
266 580
890 726
516 562
453 978
36 555
573 595
326 418
803 584
791 398
949 589
805 460
724 224
995 118
149 605
125 643
779 120
662 141
811 754
446 293
706 48
398 527
710 754
876 539
14 113
2 76
357 62
562 945
109 795
831 742
868 789
754 781
937 225
317 722
307 403
977 317
871 440
724 642
385 760
429 798
13 559
463 981
595 34
886 488
235 517
17 588
302 549
691 362
347 341
957 36
516 780
699 210
627 673
965 99
710 949
589 763
939 904
676 735
162 540
795 558
704 312
975 26
734 608
64 859
880 277
276 78
493 663
601 673
722 527
780 945
833 847
209 824
792 519
849 783
69 106
780 658
890 940
544 199
975 186
21 355
116 972
924 693
362 151
914 644
431 278
455 614
303 240
516 362
349 365
319 531
774 814
997 186
643 479
829 980
774 193
554 555
57 437
192 992
673 817
483 554
478 513
977 978
962 288
466 660
227 240
418 342
268 308
28 601
599 146
532 290
439 319
779 992
541 130
934 295
660 419
562 198
216 49
749 960
90 169
451 933
105 575
200 8
115 760
970 983
554 303
544 257
16 954
805 462
286 710
232 985
68 498
687 189
357 449
530 89
329 596
599 530
797 410
219 507
892 803
230 772
883 198
819 108
935 609
384 35
869 391
192 280
28 902
856 386
79 550
416 499
48 309
576 165
270 272
459 620
602 650
476 555
206 483
509 510
228 351
573 473
137 939
940 890
834 65
723 820
194 146
845 437
490 854
748 638
791 203
407 565
8 197
612 193
890 988
214 565
516 1
146 194
496 515
675 857
428 383
999 166
283 369
360 670
596 497
773 341
102 983
25 477
631 923
144 171
621 827
850 178
381 519
662 446
137 348
794 826
22 469
388 253
802 784
109 875
248 46
690 932
782 598
54 987
428 649
324 405
791 782
900 552
836 533
828 308
212 243
910 768
557 100
212 118
465 330
501 908
991 780
386 267
383 213
994 400
509 232
139 552
824 209
680 943
937 613
39 226
147 46
760 328
823 572
949 137
404 316
844 414
107 843
766 343
804 685
652 101
490 690
193 906
87 901
68 770
420 806
271 489
683 523
745 322
966 289
572 338
420 352
222 903
930 46
895 368
844 869
543 38
432 157
632 472
920 612
705 165
887 341
737 508
379 181
278 758
242 458
170 733
452 505
833 244
104 196
629 218
129 337
270 373
79 673
481 566
675 913
924 268
990 679
57 317
135 510
176 832
520 224
601 766
178 850
809 597
662 2
102 496
632 367
479 699
131 98
463 425
7 568
988 922
404 246
126 356
70 586
937 806
697 667
68 436
855 495
501 581
771 929
439 127
844 375
208 423
685 997
672 433
185 20
923 26
661 768
750 829
601 227
102 307
791 450
744 607
925 913
294 418
200 961
383 362
841 375
691 151
242 958
958 371
721 287
58 325
349 339
303 926
557 744
494 541
223 704
494 731
365 100
613 868
86 194
117 462
908 413
706 406
147 833
382 674
671 775
272 255
39 839
631 98
143 126
828 984
780 824
202 366
853 916
553 63
343 128
130 659
512 213
1000 496
726 620
155 593
102 63
272 629
284 143
303 222
876 269
581 387
600 966
531 237
14 126
833 40
999 160
196 104
617 841
483 425
940 122
662 264
747 140
574 948
481 663
996 183
270 211
848 149
546 59
187 30
493 730
951 31
557 868
727 673
791 281
93 989
307 643
847 815
505 928
469 22
853 771
761 69
55 755
770 404
151 691
344 725
365 400
809 852
370 514
243 477
569 33
779 93
1000 294
985 578
371 374
325 944
329 315
827 870
97 44
113 75
711 811
99 965
915 64
84 528
992 585
770 939
634 717
710 286
449 357
594 436
255 713
561 75
466 338
74 530
55 816
174 827
910 456
680 912
510 135
404 366
765 739
192 82
865 12
914 365
817 169
107 647
157 432
650 602
950 208
567 238
557 708
925 47
962 43
770 920
592 844
404 66
867 112
77 279
216 115
402 678
874 705
538 677
959 10
114 324
265 281
506 889
777 609
724 176
226 39
803 892
660 803
471 221
876 22
69 387
188 80
337 952
206 599
698 917
44 15
855 890
97 125
206 637
594 952
7 279
532 509
460 19
748 27
336 947
673 792
440 213
846 81
195 447
97 41
924 756
381 455
452 185
570 838
399 317
522 329
793 123
356 291
849 562
357 75
749 821
844 136
395 566
257 537
676 943
285 129
900 115
599 945
726 798
181 602
741 118
192 570
754 998
641 152
471 408
53 930
924 241
59 546
807 524
571 354
349 579
69 973
276 653
807 149
299 527
183 996
195 243
684 825
800 902
977 493
256 882
518 591
329 945
563 343
67 184
799 550
274 723
340 484
651 259
545 270
25 514
318 454
979 369
721 494
605 332
908 876
937 490
984 275
201 64
2 225
663 435
226 391
590 414
761 883
110 747
785 990
747 598
271 927
665 915
272 52
495 628
633 873
597 463
632 913
881 750
995 779
349 493
384 465
949 363
382 698
216 110
970 985
997 842
511 36
833 990
24 727
499 416
73 816
100 299
801 577
735 419
542 671
368 249
264 28
78 153
206 15
254 89
779 562
908 317
449 887
808 974
307 885
37 433
554 919
150 964
560 827
774 201
392 808
826 378
532 842
868 95
283 855
62 345
61 851
218 986
726 585
279 565
710 642
266 919
501 510
603 893
95 604
451 740
225 476
290 574
200 8
791 911
383 25
522 561
113 682
164 894
241 463
821 495
942 591
79 355
155 936
2 999
359 424
772 230
516 479
235 382
871 596
799 971
263 213
184 716
675 409
597 69
585 992
845 459
387 122
387 563
890 357
793 549
683 178
15 320
761 459
125 844
198 720
150 307
573 420
857 470
884 761
2 370
333 818
593 581
84 336
329 165
683 694
511 177
329 245
732 987
308 268
85 936
142 505
192 115
887 450
479 302
675 11
459 466
277 749
1 422
991 130
887 726
936 85
577 662
321 757
35 571
660 668
756 226
897 180
121 251
512 627
463 964
373 934
1000 753
648 280
782 581
861 72
988 321
614 638
924 481
815 847
20 163
508 737
587 535
6 780
850 148
541 167
864 297
748 667
280 129
268 604
862 35
780 360
79 276
679 958
329 74
481 402
64 265
855 583
641 480
447 195
512 801
21 885
414 767
44 516
562 398
334 9
701 747
79 902
658 367
891 172
916 680
759 175
924 913
181 714
839 4
689 724
36 957
501 304
467 482
62 811
106 358
44 390
475 636
828 564
686 397
1000 534
57 514
783 688
526 893
545 916
914 422
609 935
530 34
705 446
185 452
365 446
947 696
485 296
169 736
328 760
489 131
540 162
169 525
979 20
990 360
52 526
112 867
132 215
137 668
418 234
284 306
493 679
726 364
109 898
566 395
725 913
949 568
545 974
175 759
370 670
866 427
453 486
1 157
546 420
513 610
36 38
632 267
382 106
307 76
823 651
615 391
735 326
462 117
86 275
278 917
383 403
358 664
353 104
241 837
802 820
767 590
41 376
159 251
495 568
129 191
271 262
10 959
430 237
705 732
167 541
83 471
412 728
493 407
1000 843
561 846
627 250
842 931
89 254
239 941
399 74
997 934
318 984
76 502
523 219
31 312
782 78
399 683
492 684
949 736
999 840
109 640
51 849
167 32
844 53
943 485
299 5
245 933
682 134
466 618
999 971
534 145
756 281
102 370
818 207
313 161
979 730
201 470
94 557
40 813
425 396
703 527
917 126
852 466
993 120
628 301
835 335
83 416
738 306
987 56
568 7
939 235
494 284
383 781
164 50
572 9
501 931
735 847
69 190
627 370
292 259
305 43
57 993
722 458
781 622
113 956
483 501
554 931
591 518
483 709
820 274
284 98
685 692
322 745
908 753
499 945
749 853
39 242
449 790
193 164
563 874
426 992
267 856
782 975
782 89
64 665
544 57
55 648
924 687
338 626
949 863
71 835
937 794
799 255
303 18
966 847
849 685
480 879
505 442
782 542
429 804
51 96
622 781
98 631
967 584
68 671
682 733
329 755
643 987
484 261
606 17
247 715
698 290
921 889
262 42
560 49
383 352
785 466
288 360
67 500
918 484
53 495
660 365
106 170
530 94
436 842
731 519
541 203
642 920
557 441
487 421
889 7
387 840
571 862
793 830
692 969
396 425
660 303
21 952
36 784
185 367
4 611
593 595
833 147
854 508
806 723
979 128
465 881
838 282
315 540
486 558
133 401
381 123
243 205
685 448
567 612
545 242
120 115
418 329
587 532
311 229
715 819
32 125
412 97
833 972
637 346
515 496
177 140
605 848
695 607
823 885
57 91
427 619
981 369
714 156
595 14
97 881
422 1
813 40
823 233
155 322
64 11
586 231 478 848 94 517 
929 746 497 674 97 762 
457 374 359 469 253 203 
757 627 68 938 825 78 
696 939 990 300 125 38 
37 863 896 929 382 523 
188 896 318 467 906 785 
420 213 696 765 578 663 
729 810 663 29 520 729 
768 226 662 352 188 718 
505 885 487 465 934 716 
502 877 936 934 989 837 
185 191 485 966 24 55 
189 213 777 263 283 503 
118 96 328 401 534 630 
838 385 833 1 377 354 
289 393 970 206 775 927 
429 605 382 848 79 514 
366 197 747 303 707 748 
87 833 156 412 738 200 
211 508 105 192 351 234 
657 775 773 201 43 542 
694 878 896 105 175 103 
348 986 77 718 595 670 
338 205 25 771 170 101 
912 724 125 987 787 996 
264 121 273 250 108 437 
596 853 297 260 990 359 
352 391 522 366 650 840 
965 594 36 252 64 29 
197 494 794 350 185 45 
153 446 207 932 618 102 
543 432 470 796 777 623 
241 624 681 379 98 976 
411 35 472 108 107 869 
256 652 287 554 423 31 
119 692 536 847 369 997 
668 626 227 586 839 650 
736 949 631 924 803 2 
842 457 816 930 960 612 
162 93 911 234 596 760 
828 722 863 129 413 511 
160 211 536 697 740 365 
942 426 391 581 434 535 
819 261 407 707 968 380 
192 496 867 993 517 628 
526 565 746 126 549 841 
617 12 255 152 945 342 
49 9 618 137 792 62 
18 565 920 514 241 161 
31 686 73 284 417 14 
75 123 574 202 901 348 
424 527 780 156 36 296 
171 510 963 319 702 603 
194 579 612 68 250 308 
248 358 11 727 404 835 
840 215 736 439 890 895 
128 555 129 575 720 657 
756 317 10 45 843 517 
33 586 923 527 418 399 
590 740 736 181 385 350 
292 779 785 503 241 425 
848 767 193 306 673 586 
736 956 286 757 722 242 
465 923 911 853 156 702 
195 536 875 480 29 446 
662 876 390 520 729 534 
942 327 65 976 867 419 
100 358 296 333 974 243 
136 156 819 499 357 871 
206 777 659 910 414 189 
775 121 269 56 697 536 
504 66 476 903 624 568 
53 27 102 455 866 636 
297 505 900 253 376 349 
202 942 99 366 898 174 
11 223 432 262 946 896 
49 23 402 369 833 433 
148 997 471 306 813 996 
216 889 256 35 36 629 
490 807 459 674 34 386 
957 574 583 559 320 854 
953 592 389 624 454 240 
988 311 301 258 392 499 
216 345 12 883 375 312 
111 895 816 607 909 442 
224 598 33 188 577 729 
613 240 395 83 451 159 
338 452 140 462 217 514 
879 503 254 917 432 869 
807 476 297 723 256 409 
631 361 796 9 553 40 
767 626 633 658 410 457 
673 397 819 952 252 885 
583 172 105 292 149 817 
490 240 521 66 832 709 
76 473 344 253 205 392 
965 130 84 715 147 276 
25 156 101 632 62 449 
862 72 677 508 738 617 
880 193 581 786 571 376 
914 881 488 312 626 737 
82 217 946 521 220 895 
745 996 913 475 860 169 
761 721 611 419 42 623 
147 568 762 258 983 872 
92 387 572 872 497 763 
767 379 983 470 63 388 
235 718 946 393 369 838 
771 85 598 105 606 39 
436 390 46 589 741 406 
195 421 543 493 654 570 
489 443 638 841 774 368 
77 28 662 218 76 542 
707 550 476 639 184 584 
7 44 889 244 220 607 
335 319 267 907 699 106 
538 711 211 213 123 639 
897 883 545 766 244 335 
56 832 986 867 199 373 
59 323 449 452 579 463 
917 755 630 343 603 722 
599 65 549 232 257 477 
851 870 787 230 459 479 
794 898 984 925 441 287 
44 870 564 539 926 659 
240 814 307 884 431 404 
964 174 201 200 792 993 
318 59 531 338 971 290 
859 240 279 758 939 928 
815 731 669 792 160 111 
259 34 63 152 368 323 
917 124 484 272 467 776 
81 635 830 959 226 593 
701 792 390 196 811 195 
844 487 823 690 14 314 
122 624 757 150 785 224 
333 475 718 176 790 602 
225 950 808 469 169 254 
573 283 114 347 80 916 
472 798 959 92 893 886 
981 502 41 994 415 103 
181 809 338 34 329 592 
686 21 696 754 763 273 
969 983 201 837 279 923 
207 413 604 680 156 946 
134 378 737 548 462 227 
68 474 58 515 80 916 
830 453 998 820 422 43 
759 995 696 70 859 358 
477 739 35 232 272 449 
485 43 272 644 762 413 
41 245 262 668 461 937 
815 774 968 958 370 366 
66 156 350 121 652 547 
815 526 976 195 773 739 
88 136 333 639 541 56 
148 889 146 676 796 364 
707 943 606 402 18 387 
521 674 406 690 990 3 
4 412 481 331 318 579 
828 368 674 574 77 149 
219 991 57 600 911 683 
707 273 215 366 295 555 
177 979 738 785 802 332 
283 506 741 445 862 84 
847 147 969 931 703 475 
98 683 750 462 121 769 
108 570 678 380 477 220 
814 193 276 311 446 47 
472 329 416 294 711 256 
97 299 264 336 757 155 
22 404 90 527 8 889 
905 523 91 660 178 420 
316 533 303 401 730 894 
201 678 814 466 32 715 
965 568 320 352 241 843 
121 927 385 600 160 596 
132 101 280 181 977 92 
151 963 684 858 914 57 
16 276 914 481 251 792 
173 497 273 619 703 737 
384 993 751 774 528 286 
305 548 952 330 978 357 
621 310 140 77 456 885 
97 393 93 165 903 923 
273 933 167 414 303 666 
711 326 456 465 115 649 
284 602 457 975 578 417 
992 935 215 994 719 182 
337 974 325 590 985 566 
789 714 493 140 921 633 
573 965 261 972 170 341 
622 136 494 737 266 835 
351 291 522 397 478 381 
639 543 252 689 973 485 
527 582 180 5 774 85 
888 68 836 989 386 994 
336 979 570 501 603 487 
898 860 66 850 384 889 
332 950 448 731 256 446 
59 177 49 941 555 892 
292 722 83 799 217 132 
36 528 763 493 763 848 
195 700 315 719 686 245 
335 781 600 755 953 586 
804 217 353 211 358 874 
493 578 239 1 944 523 
845 235 667 191 162 699 
236 578 12 2 695 214 
421 823 107 768 607 628 
795 976 39 709 684 649 
938 539 359 963 964 129 
681 276 6 531 835 359 
635 946 510 25 308 102 
267 749 979 509 851 389 
270 958 696 184 439 98 
643 103 74 589 277 860 
390 735 975 579 826 521 
498 956 694 967 357 466 
743 983 54 345 932 490 
531 996 597 581 537 356 
67 135 415 156 579 270 
109 654 410 887 504 209 
356 648 726 789 322 516 
242 483 17 182 853 59 
215 112 423 114 433 545 
257 886 944 185 332 823 
970 44 648 362 122 432 
55 931 37 810 998 483 
116 216 754 383 41 631 
130 963 614 148 235 773 
386 837 702 593 301 187 
829 911 963 513 548 994 
580 227 258 486 353 280 
490 351 706 574 427 958 
78 250 356 857 609 235 
549 613 108 129 368 951 
522 774 544 503 101 815 
255 633 122 898 404 489 
935 124 792 849 689 150 
998 448 900 777 115 821 
206 387 33 454 938 819 
332 666 980 15 813 915 
615 510 195 222 995 741 
112 235 874 978 692 685 
88 608 438 895 9 312 
403 748 957 680 162 603 
654 728 98 25 159 785 
528 715 665 454 23 947 
377 596 70 379 236 270 
88 266 579 66 563 975 
600 545 982 904 757 865 
648 886 112 584 151 583 
188 865 108 187 154 913 
416 295 884 935 602 584 
450 296 510 839 531 640 
601 635 213 151 409 690 
322 629 535 858 126 894 
792 136 803 892 595 35 
117 485 228 873 699 952 
936 57 147 519 497 548 
225 312 296 420 992 861 
166 436 343 586 867 959 
84 35 737 702 616 218 
613 939 264 565 429 46 
49 51 475 790 886 626 
974 23 788 441 140 441 
676 419 441 513 681 813 
912 940 48 821 467 933 
684 12 520 330 925 771 
629 685 911 67 727 936 
210 311 463 57 714 321 
347 992 896 583 459 441 
81 443 151 471 150 158 
379 341 304 579 518 585 
824 916 533 841 918 397 
893 974 19 906 149 478 
162 193 327 35 96 727 
678 255 599 103 921 803 
259 813 187 972 520 405 
584 661 42 380 180 922 
969 667 688 420 187 473 
855 424 55 254 292 81 
130 668 786 866 398 151 
937 327 265 293 140 23 
352 721 501 809 291 906 
126 946 503 153 494 270 
239 424 837 292 954 929 
100 983 397 74 592 746 
519 786 120 298 19 583 
833 233 897 223 946 582 
815 748 273 36 825 8 
98 975 243 970 540 911 
302 7 118 231 843 805 
215 256 883 171 621 628 
209 121 964 44 371 692 
456 773 338 547 864 185 
826 123 506 519 311 755 
958 25 892 812 181 247 
951 148 149 281 876 491 
858 84 68 398 615 320 
789 956 677 345 167 773 
953 461 971 241 643 297 
97 847 649 946 552 361 
922 29 803 737 754 130 
513 663 496 835 621 188 
541 330 127 492 340 652 
886 198 391 751 246 233 
806 258 23 61 222 725 
396 832 735 259 578 289 
485 685 658 308 207 345 
223 515 234 885 64 655 
713 15 838 964 721 715 
93 806 351 222 558 197 
235 163 621 687 446 181 
281 234 761 707 99 490 
728 41 544 745 290 589 
729 64 979 523 98 877 
29 722 408 995 292 480 
640 283 625 654 273 486 
926 792 263 853 609 524 
66 859 695 587 323 571 
411 198 685 340 641 601 
312 926 940 283 768 231 
232 912 900 481 159 303 
380 56 767 276 870 133 
836 726 973 664 454 799 
169 920 271 356 29 548 
876 809 549 589 648 62 
67 540 817 63 869 809 
871 272 642 809 44 589 
787 428 573 754 402 151 
916 326 700 921 461 662 
469 939 763 858 991 239 
471 308 553 607 604 172 
349 316 55 824 927 222 
310 209 837 474 73 921 
438 806 759 911 815 437 
536 971 548 504 343 646 
148 587 281 344 711 548 
170 861 60 76 538 738 
238 116 293 862 11 680 
301 532 473 474 640 102 
576 42 67 203 887 609 
341 294 424 609 229 636 
767 99 555 117 471 617 
581 863 969 854 259 596 
466 164 193 908 70 598 
399 676 813 844 233 184 
689 790 403 596 468 362 
137 531 439 109 652 634 
767 667 583 269 658 35 
92 641 125 169 656 931 
21 787 569 408 248 547 
681 158 397 667 354 111 
870 315 229 417 748 743 
917 972 301 702 240 805 
441 322 969 226 427 546 
756 74 589 850 962 745 
135 387 172 625 623 977 
422 238 355 492 332 307 
16 85 739 976 817 946 
378 639 48 767 833 991 
553 715 188 13 665 241 
262 371 362 834 521 190 
123 570 949 580 249 397 
469 34 725 854 347 164 
158 373 179 888 138 945 
87 161 115 328 105 454 
461 555 983 230 38 873 
301 926 104 577 460 804 
436 647 874 812 45 257 
424 40 694 713 380 800 
677 419 283 531 980 542 
456 44 742 36 293 540 
499 800 698 438 880 707 
420 758 34 545 113 981 
145 232 684 760 443 158 
670 420 665 648 688 896 
592 242 782 278 812 658 
893 101 492 516 600 301 
814 887 389 620 598 656 
149 724 492 786 689 87 
150 491 293 808 711 244 
172 384 750 688 939 485 
464 616 832 82 173 172 
718 420 280 431 383 391 
656 918 106 811 900 137 
91 610 38 652 239 689 
111 302 874 622 830 866 
856 457 279 216 22 349 
413 405 900 433 223 782 
407 742 305 439 833 137 
807 598 56 344 613 186 
874 426 133 235 346 300 
339 961 689 366 481 707 
681 710 152 239 18 380 
491 93 138 408 160 206 
470 211 577 418 245 737 
243 758 974 996 512 716 
909 398 334 427 702 290 
339 243 625 782 565 127 
485 156 636 994 184 55 
837 741 49 221 217 798 
207 250 868 561 125 594 
829 655 637 400 573 628 
349 830 76 186 192 713 
102 558 855 765 285 643 
121 164 25 468 188 15 
1 485 491 627 667 991 
129 511 1000 72 821 135 
558 783 292 31 267 932 
751 994 585 92 873 308 
755 460 722 208 936 471 
836 164 302 359 982 575 
237 797 585 881 790 781 
116 242 545 804 287 740 
493 863 539 373 330 786 
472 767 234 367 749 317 
716 897 118 473 776 110 
60 853 701 778 871 472 
91 916 864 814 280 605 
815 353 985 982 491 352 
689 928 966 364 759 884 
14 362 984 184 304 334 
615 609 55 294 423 629 
883 737 894 129 710 102 
336 581 940 813 846 787 
185 113 224 376 792 327 
86 275 787 955 216 290 
548 139 947 764 223 237 
599 346 439 723 424 914 
860 233 513 585 256 86 
944 996 464 81 950 340 
327 959 164 816 285 471 
481 264 272 739 904 700 
64 569 882 824 633 780 
215 678 512 236 912 904 
899 254 420 379 87 649 
232 770 173 394 214 816 
709 11 702 485 957 758 
359 655 911 819 851 65 
45 662 25 627 716 993 
616 75 813 379 498 562 
578 864 438 483 780 463 
772 43 86 929 469 290 
577 556 931 901 352 135 
936 508 833 290 343 849 
180 42 501 629 796 396 
928 876 990 354 230 82 
794 632 756 783 979 189 
482 33 362 448 563 753 
597 657 451 159 31 379 
961 716 511 748 347 53 
554 132 274 986 435 854 
489 653 284 262 66 756 
286 2 100 998 575 289 
82 536 385 278 241 538 
184 135 540 144 351 565 
982 879 923 166 969 764 
944 407 248 650 86 699 
83 108 170 795 271 458 
146 630 827 934 681 831 
173 308 175 702 64 705 
34 400 778 563 494 506 
697 540 302 518 546 503 
77 531 441 359 115 422 
970 582 153 727 210 433 
658 183 532 176 573 606 
519 666 370 668 8 42 
622 578 437 789 882 190 
178 526 34 340 696 595 
613 621 100 68 273 438 
762 634 695 904 659 984 
955 95 509 281 710 241 
346 890 816 519 39 481 
672 882 899 836 981 437 
137 830 963 420 816 920 
516 883 419 498 132 492 
459 252 856 141 302 885 
427 431 974 227 266 782 
258 802 656 717 461 13 
201 666 1 51 771 430 
82 277 688 136 443 462 
146 914 643 372 447 86 
978 204 924 246 446 344 
100 582 412 783 111 50 
244 559 657 28 191 966 
103 164 325 25 436 962 
683 69 456 699 532 791 
867 471 257 865 431 486 
116 403 50 222 863 353 
483 113 187 588 607 706 
555 870 628 399 556 933 
343 679 112 14 71 508 
314 409 844 889 508 134 
852 434 152 984 325 729 
179 656 220 276 977 420 
889 246 439 84 298 563 
705 63 434 192 265 971 
879 947 577 86 139 316 
103 279 505 427 718 237 
623 128 284 628 673 548 
114 613 786 528 870 811 
675 470 986 142 468 73 
435 511 665 953 332 102 
128 903 357 847 55 910 
633 589 302 655 16 259 
104 656 928 871 832 439 
504 471 665 445 787 462 
371 663 139 37 941 731 
630 615 947 537 270 627 
739 915 318 550 579 90 
76 488 311 145 481 864 
304 531 220 443 228 334 
597 272 286 841 315 310 
553 344 752 226 651 942 
63 253 542 521 591 106 
294 672 797 48 878 139 
594 131 925 977 395 387 
788 668 102 736 878 650 
738 799 171 589 574 709 
119 611 421 194 105 515 
461 581 172 6 192 58 
718 714 716 491 733 112 
183 660 284 364 863 253 
144 7 810 906 841 65 
292 406 238 762 799 356 
263 643 420 259 943 3 
423 458 847 441 344 625 
834 741 879 302 106 44 
91 320 739 991 900 262 
506 48 77 319 262 430 
640 720 135 614 339 640 
238 913 942 468 498 552 
736 757 582 445 436 680 
722 628 766 790 627 538 
535 870 600 174 557 720 
885 379 671 511 825 844 
739 309 240 491 396 971 
960 466 718 746 778 107 
844 570 335 662 917 404 
86 642 663 883 238 485 
440 539 222 895 842 347 
527 476 949 248 588 832 
970 584 131 46 706 520 
623 305 928 995 317 174 
972 490 311 864 325 22 
858 903 983 214 75 927 
171 168 836 31 170 267 
829 969 873 580 484 186 
957 636 671 871 529 214 
79 551 558 619 558 398 
222 331 422 428 692 953 
707 317 471 156 294 153 
224 512 817 905 9 411 
50 637 769 366 73 440 
964 83 290 729 852 219 
673 387 641 456 85 190 
222 11 786 642 588 654 
752 759 33 898 330 515 
55 586 526 241 790 51 
859 249 681 483 749 250 
507 40 301 211 723 478 
443 34 412 200 939 846 
956 985 860 36 154 210 
376 726 939 255 98 372 
264 575 276 724 410 950 
950 661 179 936 508 257 
678 936 539 613 709 974 
453 216 769 553 769 574 
748 533 744 833 412 773 
160 892 955 295 209 789 
254 314 846 33 677 639 
420 140 407 907 586 198 
612 669 180 541 860 811 
535 560 729 267 953 740 
958 881 521 850 603 65 
233 757 286 606 434 468 
84 979 273 70 56 706 
573 833 505 605 997 809 
226 997 533 333 144 543 
818 744 247 822 860 823 
162 872 559 805 73 391 
386 649 810 950 218 365 
800 498 894 648 33 696 
199 967 552 254 118 441 
726 279 786 318 66 802 
206 310 353 625 532 187 
448 660 501 537 489 89 
980 194 56 11 316 525 
889 734 950 590 44 341 
645 437 651 521 808 973 
343 39 363 716 916 377 
23 692 469 916 590 429 
432 637 163 197 438 525 
133 785 688 35 117 219 
791 907 724 202 811 611 
729 72 599 857 18 600 
103 74 54 742 555 143 
665 855 131 809 973 626 
522 851 190 223 201 866 
802 585 915 841 302 835 
551 255 853 450 90 350 
547 481 307 601 544 793 
740 787 457 437 169 148 
142 518 990 437 757 390 
36 517 598 927 997 760 
306 127 582 607 570 595 
499 839 200 903 870 72 
957 102 378 933 470 902 
447 430 901 735 232 194 
321 100 562 106 199 105 
350 213 534 458 230 422 
310 931 762 680 570 666 
573 940 579 461 966 65 
92 663 1000 216 385 958 
642 287 59 936 458 708 
86 158 449 540 89 257 
247 827 76 584 976 570 
931 325 144 397 136 50 
420 869 631 3 77 960 
8 618 121 647 339 85 
186 313 698 274 76 176 
943 372 241 902 83 991 
741 700 204 976 603 732 
798 142 727 814 481 388 
76 219 326 224 717 675 
38 178 696 448 290 594 
780 98 201 339 579 373 
927 410 475 317 839 280 
335 911 12 942 853 791 
126 740 424 59 975 528 
475 368 59 503 290 866 
109 416 103 542 479 414 
563 651 392 127 827 115 
248 691 802 489 910 403 
252 140 328 217 246 49 
238 658 750 870 358 202 
521 545 900 152 532 823 
416 280 169 801 592 937 
866 953 129 207 78 191 
769 499 151 708 115 379 
158 913 163 523 978 886 
292 427 461 919 184 884 
603 96 586 983 186 548 
339 684 264 667 63 80 
765 807 744 319 504 829 
50 416 302 303 440 56 
642 568 581 104 888 196 
94 870 969 40 547 634 
814 819 665 762 489 653 
231 218 434 877 346 48 
104 174 771 81 610 117 
495 342 321 410 481 348 
129 399 654 189 779 882 
230 675 691 930 652 737 
530 12 799 990 660 210 
282 971 491 34 462 994 
834 433 133 975 819 556 
914 117 791 398 310 109 
947 108 122 963 370 355 
694 557 320 501 314 733 
619 326 958 711 893 597 
145 630 905 698 191 96 
878 833 332 879 968 72 
350 672 360 952 541 222 
130 346 895 326 202 406 
801 565 819 287 137 722 
54 375 557 49 810 4 
388 766 56 867 49 316 
55 897 213 950 632 797 
88 55 224 90 599 926 
953 621 306 864 397 72 
182 132 174 501 84 714 
615 366 813 57 85 912 
921 827 233 493 1 695 
68 765 469 526 858 710 
222 406 727 323 32 67 
552 141 91 636 441 155 
949 739 885 390 556 633 
996 181 441 43 534 980 
395 9 535 881 21 518 
832 641 995 916 576 217 
402 7 656 649 65 277 
520 283 413 774 463 332 
104 955 865 56 684 686 
895 800 143 811 840 442 
440 664 380 500 188 273 
810 464 283 230 778 512 
105 123 17 89 928 25 
236 657 561 640 818 240 
636 385 385 521 81 524 
800 86 330 707 77 477 
491 149 449 546 319 644 
763 497 651 902 195 45 
209 420 188 116 51 581 
492 218 155 781 905 181 
705 735 559 55 983 518 
536 553 177 463 764 209 
24 277 210 566 564 545 
267 244 846 339 508 838 
123 110 365 417 323 769 
30 7 847 777 506 527 
208 564 666 513 666 184 
873 662 267 725 838 844 
59 932 246 867 33 560 
565 626 870 936 89 901 
801 574 695 834 851 814 
922 640 345 859 878 739 
192 693 342 330 336 726 
756 907 705 622 403 916 
127 722 324 560 403 345 
632 999 663 303 497 42 
864 129 472 711 384 522 
509 784 290 318 569 334 
261 893 371 895 310 453 
28 231 201 240 165 15 
903 373 412 573 173 859 
502 211 428 912 252 825 
410 890 771 899 655 188 
829 148 892 514 824 208 
771 424 317 447 239 848 
939 89 264 239 781 381 
863 195 55 957 271 143 
288 564 142 31 888 684 
694 380 389 496 561 535 
772 693 522 676 65 899 
873 580 444 114 758 341 
35 202 329 491 411 634 
180 979 105 462 551 343 
29 395 63 753 323 988 
660 708 72 948 614 369 
1 742 48 722 695 425 
317 594 564 416 676 280 
689 975 843 955 209 453 
216 836 721 616 93 324 
736 187 232 173 647 668 
98 79 350 184 5 432 
772 951 514 808 444 284 
524 561 324 554 490 772 
768 364 212 892 731 589 
436 514 505 703 522 786 
667 261 717 708 760 904 
786 435 475 254 650 331 
435 607 628 633 864 260 
442 915 116 189 710 590 
680 910 302 390 692 842 
77 347 126 518 715 566 
637 787 248 913 973 928 
176 885 178 392 867 584 
693 524 527 746 279 297 
55 709 161 119 236 373 
335 227 652 679 464 589 
553 911 536 400 789 3 
428 583 352 714 954 68 
796 207 891 602 725 475 
971 601 474 225 294 271 
154 357 576 77 12 328 
901 451 472 745 307 168 
121 835 305 10 872 853 
988 950 589 550 972 522 
629 980 917 188 4 307 
370 474 529 964 805 752 
353 647 511 6 269 483 
531 630 238 898 879 350 
733 889 825 301 40 16 
953 929 974 522 762 675 
427 428 903 704 986 682 
858 876 999 401 49 484 
444 602 326 485 701 641 
807 773 479 529 889 777 
391 523 730 407 782 196 
279 275 610 24 4 453 
143 705 761 551 664 996 
585 517 520 728 459 855 
284 829 991 251 274 65 
526 556 879 812 744 310 
767 103 710 177 10 811 
370 763 472 306 332 707 
807 756 805 405 920 994 
224 684 241 823 472 998 
513 913 415 826 478 805 
761 840 174 53 280 566 
996 197 576 418 35 969 
348 86 103 297 780 962 
864 648 416 993 84 270 
206 255 422 537 111 999 
465 23 649 167 868 999 
777 67 284 61 139 662 
114 173 94 634 626 149 
707 359 682 201 550 160 
653 159 571 927 366 848 
763 512 452 792 851 813 
419 910 555 522 476 257 
709 784 50 252 82 951 
608 730 857 861 204 436 
166 414 134 937 750 715 
615 866 843 33 97 946 
834 818 363 327 50 774 
419 373 559 203 141 134 
241 761 729 901 217 460 
786 915 441 825 763 654 
416 688 900 737 975 557 
380 262 970 497 782 623 
2 796 344 413 407 409 
470 546 310 982 323 509 
350 650 436 272 608 962 
38 520 440 476 349 287 
929 836 323 966 471 32 
87 235 506 967 990 409 
752 829 178 196 972 614 
135 118 265 492 852 136 
575 603 822 328 471 48 
528 902 277 771 793 42 
879 724 626 362 197 24 
606 100 533 89 617 649 
654 407 330 227 712 286 
898 309 301 428 30 509 
567 743 691 471 194 982 
55 382 912 970 324 821 
693 286 829 941 939 132 
227 533 810 406 342 860 
775 372 955 804 276 122 
87 670 609 141 995 518 
489 353 668 943 349 64 
835 864 208 463 192 842 
459 250 261 515 359 133 
125 697 275 732 483 983 
876 476 329 948 744 892 
807 682 900 65 721 311 
633 80 689 773 509 553 
708 150 534 625 433 329 
691 295 750 743 887 380 
186 906 74 11 812 66 
833 658 112 837 925 470 
518 755 617 133 517 608 
49 854 871 286 830 610 
758 88 56 475 737 908 
385 265 325 429 615 551 
963 313 947 905 234 570 
966 591 948 182 506 600 
567 292 905 603 867 427 
576 635 99 129 439 473 
742 503 740 970 965 835 
603 557 770 36 124 978 
460 307 955 246 890 75 
473 418 557 996 640 770 
319 601 267 488 250 278 
300 843 597 783 301 138 
291 132 445 672 162 492 
654 955 266 421 324 355 
271 596 865 457 647 240 
886 813 213 174 369 113 
691 172 593 4 241 691 
279 802 575 734 662 552 
294 741 18 666 901 720 
36 384 365 41 983 437 
258 590 848 941 975 556 
167 647 378 146 402 824 
623 867 385 364 29 483 
331 105 657 971 175 570 
191 767 645 538 206 185 
483 208 569 264 934 256 
347 976 658 248 228 512 
990 675 160 413 500 501 
303 138 959 366 726 679 
229 729 612 268 821 92 
370 533 975 983 465 127 
871 382 393 961 943 918 
58 528 376 991 620 172 
22 825 104 32 153 749 
9 139 717 723 548 967 
13 535 233 377 904 799 
103 265 748 677 318 748 
864 739 372 865 22 225 
597 772 70 415 345 228 
603 262 799 340 562 920 
478 632 584 303 724 649 
233 498 193 381 847 268 
429 7 166 999 951 472 
179 773 678 861 61 612 
607 517 994 270 466 584 
550 592 182 688 600 702 
498 693 769 64 26 537 
652 863 88 999 405 273 
812 902 95 627 885 685 
579 842 721 781 961 376 
746 764 582 271 643 489 
622 115 18 929 510 827 
606 745 817 319 158 574 
894 166 336 170 866 381 
156 892 817 562 329 517 
402 717 207 116 933 759 
255 767 675 906 308 702 
591 637 49 627 202 579 
476 802 469 684 948 896 
226 153 849 780 518 896 
251 58 683 41 331 880 
290 984 731 22 323 778 
933 101 454 36 174 228 
140 846 398 458 4 907 
617 355 676 485 279 34 
483 857 512 204 66 508 
301 289 500 870 358 415 
821 3 1000 333 229 952 
310 748 49 958 702 617 
440 538 880 138 786 92 
412 471 464 653 340 570 
11 508 828 737 133 676 
567 77 907 597 419 944 
560 297 600 904 966 544 
381 940 696 522 210 679 
685 76 712 24 692 502 
406 427 618 376 330 393 
754 210 321 37 903 424 
446 874 456 328 964 24 
712 823 988 6 295 128 
835 638 150 891 284 64 
831 771 643 413 954 232 
261 182 302 952 676 546 
88 908 156 663 668 828 
490 521 479 483 299 253 
575 735 909 488 160 35 
549 705 113 962 904 549 
901 418 810 854 588 730 
206 290 401 49 821 502 
592 235 422 511 876 31 
543 205 426 638 230 934 
185 436 824 257 381 573 
899 167 405 562 876 951 
85 370 236 111 231 439 
528 492 643 168 694 405 
485 465 89 912 172 715 
374 343 432 135 398 955 
838 28 867 283 666 45 
563 177 189 808 231 305 
90 270 391 667 150 199 
74 774 764 252 809 366 
421 919 223 333 402 127 
863 936 189 388 261 233 
358 540 971 311 696 414 
703 22 820 210 473 457 
32 355 729 5 755 676 
8 145 196 366 925 780 
781 599 141 760 427 595 
541 761 769 484 594 26 
209 764 690 377 902 770 
647 35 301 98 16 592 
648 890 480 765 223 518 
133 124 49 725 644 556 
865 802 638 156 184 308 
825 779 173 12 793 316 
96 647 189 866 499 907 
149 516 185 868 379 918 
498 309 822 1 758 731 
141 467 316 852 36 838 
357 736 285 71 252 407 
113 469 702 933 850 1000 
51 639 361 117 417 24 
413 438 818 235 381 216 
410 372 567 45 350 643 
164 191 75 203 395 654 
434 952 830 698 245 55 
1 190 871 389 56 378 
124 210 664 77 433 602 
291 109 850 881 733 844 
177 500 910 283 635 734 
400 252 397 411 689 379 
858 636 681 8 773 580 
517 192 580 891 55 836 
788 672 472 815 372 61 
606 121 97 519 191 715 
250 405 658 992 664 958 
284 588 627 602 228 6 
373 866 798 139 350 24 
942 462 288 639 971 145 
496 693 880 134 618 696 
941 427 495 993 540 407 
194 855 400 708 691 862 
435 506 923 573 917 748 
809 313 137 399 980 239 
495 546 494 272 819 286 
920 771 50 690 201 196 
922 394 541 522 890 293 
837 295 215 433 842 425 
848 864 70 906 930 302 
985 872 4 293 311 809 
901 854 115 877 611 596 
491 168 92 949 553 16 
843 991 412 939 973 481 
781 282 875 553 229 376 
925 906 535 151 499 389 
456 192 347 415 484 277 
974 713 914 713 918 247 
917 185 202 972 82 683 
152 450 273 430 193 705 
356 939 792 577 392 18 
701 747 354 943 274 822 
