1000
800 124136480
13 219970312
694 843381956
963 971312827
448 88756671
492 788178237
910 221710574
983 707908859
392 605846721
7 794589550
971 339694999
166 348443884
175 384039062
818 803212262
541 455852285
828 534509598
874 692629806
285 188259699
496 133814669
300 231050202
985 101681665
197 996397037
802 743463164
853 44815239
815 346869650
910 793598405
52 484769094
344 358562583
489 656204575
226 656024120
288 178573422
327 938726734
519 749179183
428 299086370
310 881757163
1 651388144
271 538252533
79 480128644
839 594369454
849 634705160
458 793631784
396 503092569
274 333486419
12 82494132
654 306957058
716 387187107
568 560220969
141 555875121
188 685493959
137 83381851
492 20301226
663 609001061
428 564064381
975 166172277
22 114141929
408 625506857
727 954948119
182 582674761
593 253025567
57 216429514
533 264367813
468 664279751
912 582292443
792 268797361
949 693411461
58 830368759
997 922542213
703 796005171
118 961553053
917 874943010
336 509351811
77 53504058
16 164657587
842 441824437
614 419892978
473 544383212
601 566400935
130 700004709
292 899154144
346 30714865
986 655803349
718 789128732
772 811304605
149 30925489
727 316592105
797 287032360
992 650834145
842 632763536
842 657336410
915 677339364
553 877794580
959 227913876
854 539761822
67 6192636
653 355031199
660 809428322
498 259901360
517 359643360
597 182040578
97 947294514
571 529068545
442 575464415
766 198926832
399 424421177
817 766835091
775 190944765
160 47672224
564 294269547
367 779536137
578 566080702
169 580326726
760 303643255
735 962962599
664 593513003
520 945259628
544 595635697
908 398585289
280 865748187
391 634323075
988 146308904
305 604630087
772 59738525
538 855711341
304 20710710
162 57624098
364 249571929
146 570880708
783 878479453
987 250074015
703 833439310
933 595327842
712 805808588
465 274415078
324 516621879
635 314802043
358 638687402
246 350580304
744 589134830
367 716968682
748 556485646
1 783237886
850 415990576
952 514914503
400 246025133
710 346113915
575 982007662
261 460982644
867 481700536
106 647624105
195 17547350
610 413298443
730 578956094
985 141552145
818 657040792
381 542035783
25 385422258
759 483819091
398 2493896
114 623116456
899 672482668
194 973859027
409 853497766
338 540500474
489 489495480
188 608351885
133 422165993
52 765228113
170 383073515
385 633818177
465 880309360
591 687553998
428 101474263
240 470675060
409 529902901
148 203889044
979 74369117
935 860423068
600 460580812
859 84095568
571 528281742
306 667036781
604 878771381
916 498062892
792 1352134
274 906797336
465 648541547
403 821570793
383 850972005
986 547817250
845 884845722
297 356074602
912 756455053
827 979843335
211 24755744
74 841259555
587 89791592
838 407914671
316 119616852
905 141152081
98 713303229
113 269042579
344 962641018
858 735145993
149 448100442
269 771993078
68 82898462
697 252064422
337 881478103
557 230932606
569 137452439
651 189725728
545 138472806
131 742454820
421 800191072
701 456097118
863 444408336
130 176879946
808 525071513
295 629955993
487 811520742
62 769852556
187 999615506
326 690806960
351 745602406
870 730743
897 391749249
1000 497123871
909 899998755
154 234895804
436 133051268
995 101322099
129 245897532
466 366234380
444 296352031
401 702150637
404 936362307
575 51027377
870 827867054
294 411960071
227 259464948
590 28803372
442 604336367
376 932892634
927 60845391
378 27171600
513 98635135
459 54572596
253 290858393
587 902434925
553 270168091
911 680245144
559 585359604
995 348766228
105 353131710
500 704352289
24 604185505
896 341466763
546 637479001
445 489166549
829 89402116
178 734477555
915 419497262
90 659233375
781 22307329
659 29265872
99 23698766
921 909041420
16 565384113
589 322417537
947 829534702
653 327716838
896 664649040
710 760003904
649 415054465
261 713356222
940 398202601
966 296438098
440 849935470
48 763272001
766 229633757
85 82309140
1000 547484622
552 933089503
897 892701141
836 489212777
333 589713868
342 623102201
508 703336317
781 146326712
909 788749758
751 935194304
346 595585574
919 565094650
307 726455835
818 283954353
556 15447891
695 513927954
728 567797688
140 546252088
593 826706535
143 25442040
299 135198420
216 655341834
904 879864474
33 498969245
262 894666405
690 416013141
320 959528993
201 397880902
863 775185281
977 717672951
173 826400940
729 356003831
936 254567807
105 298865119
896 421599336
113 552741752
106 737652171
596 571863046
126 654712308
105 608766552
654 428700553
989 801504357
809 172316493
665 402753373
677 797593105
271 240960777
10 786118985
23 874264209
303 525050083
454 639609470
577 190434678
28 754077999
795 523199007
75 22393998
907 89641694
657 791036220
487 111076274
187 37972213
986 554983092
262 950438972
975 95013825
663 561481437
393 845802308
181 635205343
567 410215016
424 575993738
302 859871539
615 728136286
357 795666597
474 765592609
22 58560774
10 137811045
907 667355546
251 387848245
698 30187986
701 735966293
784 421889086
484 225016927
106 642313805
97 228092048
172 622331267
113 237278758
637 988260140
621 931229176
17 290279940
584 557169566
146 100961838
954 482692595
944 626962200
954 624219956
243 353875665
501 95671274
755 171627193
529 339711039
12 634930053
185 680363893
649 804412159
942 120536233
903 94703928
865 71259029
777 936002829
447 216995635
319 744873198
210 998409549
688 419791193
488 675796074
999 636048730
532 970851051
893 528934274
795 879815548
88 97400752
716 77529707
265 754683245
488 188770815
90 303510319
324 640926394
213 150750531
321 384662330
102 685225543
205 747332236
508 194482089
255 808385433
388 92457492
602 249358155
181 444162647
415 479469792
471 254470806
741 210004479
265 459146802
14 909158100
158 439299916
685 475130947
438 70357682
323 429950465
873 401634753
950 465038515
310 281161731
181 844521549
960 133395409
52 150955253
12 390726444
557 924290297
46 376635310
673 478008545
910 152440613
56 907622658
156 32214182
323 373105793
820 445337866
228 352728333
38 820854202
645 418182462
694 972447422
659 185934036
858 633012130
136 977739300
586 173296616
419 998531685
426 46727602
173 158451804
360 177422022
822 805351500
880 74520452
748 832019476
397 388891606
418 608290219
690 497335983
900 197745011
980 737539168
17 267102680
7 404651112
148 414585150
637 35672932
621 505207473
622 432260669
738 660399298
844 751368389
752 654956233
174 428442496
178 399301315
755 883582371
275 775928768
561 401132863
61 676314108
182 553414952
557 536179824
298 596179808
458 772738992
574 459383987
651 312269216
925 787309181
801 549718498
72 502540738
223 959624149
970 227515130
11 269335613
730 701581139
834 668997618
134 92839343
366 74022170
813 293272050
853 819589162
6 1756055
62 12374107
68 899051924
792 833118041
314 402632103
798 670160167
900 167780189
939 730523977
955 357730916
121 846896004
294 579055110
191 601729177
206 789674629
65 121493711
562 40121623
632 688844069
594 750652412
912 662200674
193 780640029
49 166152136
814 505341438
74 444507747
988 51853737
127 386641289
318 709750880
476 537336768
47 431898248
725 641028249
278 787119600
9 286601574
323 228727443
867 671263234
140 710521548
523 58995020
386 603596943
399 653694160
161 352045306
795 474534266
396 478127492
364 434805755
326 917387774
509 836844225
683 869937891
931 289970280
422 839808036
243 512657132
529 620248334
813 321495076
825 428741358
861 314539531
773 714065924
769 580579858
120 192282768
614 216464147
818 534131286
46 634041151
181 900174676
183 418090541
946 272161067
135 427705492
281 188714189
716 50431363
410 895220602
747 14182091
926 796716783
57 747987847
772 563824769
358 648972297
754 665519594
279 466921288
279 584140777
227 621253087
160 263514756
569 346844161
28 475726837
32 948466936
561 297872931
620 103476526
996 804305466
500 700372910
694 263607277
114 954599518
395 750269082
514 402512231
251 398059225
958 345241602
200 668697606
15 95003100
887 87493549
507 64273443
265 253289483
924 21382637
728 490516319
382 986838873
762 320682368
863 117693462
532 733899895
675 366421735
398 395890331
904 641798430
288 908591016
504 59269508
299 567281852
585 896352739
231 844072203
84 392105024
62 501077925
580 507342034
885 236010
280 561915851
382 478571006
564 928823355
862 348149882
793 627564006
932 160102926
681 908442731
814 673680135
824 354952667
452 158376319
441 236224385
803 468428984
165 507771869
679 567251358
224 629085992
512 220048038
349 800231215
969 612506434
808 89844120
629 882777276
916 73327092
342 934547641
520 903131463
455 574830589
835 265355395
964 700023888
425 93801848
796 216920404
694 215558418
550 248371688
561 932242886
704 198697506
534 764683080
136 280842973
497 702870843
347 186851728
804 100369298
798 348353399
224 449551833
488 281365320
378 105317184
768 84087063
888 99698820
437 73197163
549 976283173
568 381683870
59 804376952
496 283339184
163 545466165
704 323713383
262 811039429
496 468233793
456 611118614
619 717125276
246 592058511
308 329099338
188 368554311
495 69294483
210 594725510
665 384726242
182 674467294
843 363672471
882 802500403
282 28726305
664 197592955
336 292718263
980 406274238
802 162087409
47 785201526
228 128309487
273 271567342
576 787371238
829 496397637
218 819472535
568 992191740
555 165635120
269 532412394
853 290918674
535 307215859
295 984979724
907 240205978
303 65860060
762 652403652
923 5987821
317 139285180
426 205604544
728 56126047
299 460543801
969 393309940
64 87877184
685 456394937
996 933623795
833 460139192
246 361077239
386 276458322
936 748756270
196 533285250
35 456274266
776 562474618
202 958010563
546 519690413
536 482772909
32 795271607
131 775141359
459 78880699
647 60935906
772 460981679
229 613630057
197 828033786
429 381220675
993 927290711
986 422203006
437 949605792
170 875992873
605 559522685
245 633343834
378 233651470
392 308719642
348 904952400
268 381460812
439 386547120
256 249184464
85 856263716
634 656616869
942 698348652
453 787335196
908 595956991
813 621803820
784 829479131
425 651731044
913 463206422
718 491110866
454 432402258
220 113073550
650 394100289
279 660688040
460 57390665
76 683820080
688 877060412
206 959683578
554 654395920
589 309217414
551 636770841
86 35404528
545 698690343
626 267445996
29 955513664
819 70496635
328 301113567
992 221542278
879 972753775
452 338976082
446 790498097
234 501818870
963 705647839
396 293107428
836 906665305
682 1661410
730 528599537
561 343530376
254 502091533
307 155812760
386 599672301
292 554322265
70 836725277
349 804779031
230 766250575
309 189185896
486 159727551
771 640752016
463 996196687
228 955901240
570 469922533
574 403093112
564 93207951
604 491644624
681 319447689
135 846350362
700 580417867
266 397595833
951 277159581
999 303063599
143 957356337
842 276031794
684 556923249
113 659762092
412 863396581
511 379050591
714 177634410
170 898488056
434 319481010
482 560258077
54 816269964
425 733491069
306 244590739
265 302939987
34 34546590
904 233141164
240 923549555
666 595781327
584 985037396
683 386778531
58 671973092
119 828215547
626 816218861
233 852232421
184 124179088
193 137054982
119 646649642
568 183632873
296 765702508
395 943399569
726 163777209
113 180407817
900 986038265
180 942243243
863 516195425
652 636587022
336 448733550
839 838227661
11 889850724
590 405248422
410 50423041
289 414742027
205 880663527
70 747448722
245 59774534
161 616890798
219 938785452
703 724619638
738 264899725
377 385247232
85 967820474
783 256120499
186 384667629
234 999605074
764 896171243
525 143705615
791 445045372
239 204421143
268 247575191
870 802207232
459 720466092
41 322567248
276 86505377
988 760204099
802 984971036
913 410232030
550 899797517
9 852149856
786 330384476
13 713468590
605 880357291
90 979494380
265 606008244
676 584627823
791 332990870
661 104141869
887 829964609
794 279127088
27 986593507
20 381861715
512 777330404
800 951559213
737 239641014
138 393415168
438 20169062
639 19367794
314 24477598
621 347937878
569 785115723
689 206184520
17 869110242
279 786022841
796 201172760
227 99200643
953 227197407
818 469413692
354 819145092
777 637323669
844 540832724
186 65685365
227 544546789
164 766211138
304 322260385
1000 290487924
601 548909771
575 876052116
657 477007357
788 132238290
144 97933973
517 921164019
302 79320356
856 61688936
701 162294229
653 311152753
926 651376836
38 426469986
469 917346116
933 43885882
593 882197262
815 349215615
517 974730349
731 601462088
834 892272341
810 759278344
91 404477588
762 908332577
347 373396620
821 166127468
779 665645009
275 963787891
337 386842156
703 738463540
600 342678176
271 156145361
549 284722034
307 374237051
917 607505145
254 579620388
724 664160611
670 164579373
308 671916189
183 270446870
676 130084251
422 907765587
214 922121070
225 697102128
513 475067962
289 991796744
228 486391882
21 156614246
693 954883745
431 875287954
545 171244308
232 852673472
194 308661113
848 912980570
539 76611322
580 720775319
473 112576467
479 213731135
839 908095835
139 238606710
809 141073867
685 278333945
253 915614611
49 184031452
334 171993570
884 517081413
314 711002631
571 523714454
905 765733839
427 643031536
631 739064070
636 167480944
763 79769425
849 502826053
776 513967982
821 602896618
856 373657789
29 850694644
602 946042520
552 943818180
313 664179872
570 198792089
330 663456758
881 287398335
521 512170263
774 867884334
761 736680013
582 109122767
293 184197131
397 753464210
539 992035645
634 575392351
773 635940935
470 40757489
686 302350795
546 538588381
155 214034928
912 485118088
509 439403941
872 625999336
756 128144278
632 167616693
121 291337783
431 669070797
429 596010001
469 61048897
403 286839036
862 760836077
909 900800155
383 247167676
475 435139012
123 98608255
378 487667651
426 608483043
925 966443800
29 288153711
320 396736572
975 557382537
511 929170843
86 447488307
54 601809658
521 807001625
981 308216232
58 321635365
