1000
638 650159969
495 290712978
287 149587209
949 360269219
995 929629849
298 15780128
843 921121758
307 657966619
566 241206659
448 914150989
878 357409177
70 999439101
250 231438146
726 783917931
158 214874093
37 818192659
318 59501425
364 967072943
545 77081766
918 274482894
322 526428193
969 269713644
90 138949720
556 130772379
777 755422411
830 555768482
255 757545837
388 406842638
323 809559348
351 171738332
38 314065983
431 125660701
329 565651559
584 97080837
548 790097451
622 451297480
541 564513445
640 765929060
641 90779673
890 451002018
14 448781531
208 345635866
197 83896613
159 941650675
797 925868634
741 390455956
844 709056934
892 383065020
8 275009533
826 484195432
153 833675099
92 258452364
968 831758408
12 327378611
360 840436266
802 471498389
154 425840982
811 671724220
502 317371404
602 548986689
536 610694824
905 11295005
976 514522492
536 627963163
98 508464086
759 283110068
79 20088171
699 360559341
734 551973544
633 14918725
302 626133857
375 746144973
204 53136022
570 590799972
636 478379871
654 461071946
525 123009505
466 597581641
319 408054558
489 441011332
852 319318040
290 908324477
915 719865570
920 52602498
414 441564803
739 41339237
793 888788211
991 837594791
19 502162011
995 445445520
759 793345025
317 922360350
301 630322658
175 149077089
30 23577914
700 375086725
942 969804423
138 787098752
877 549152104
838 501030913
355 758478027
773 393688582
840 865321408
412 386547008
774 223687775
248 451350680
559 609408462
214 99370300
563 76031615
195 100958133
147 370361380
769 472038044
907 240335319
18 537258330
882 799340031
664 801977541
67 823961628
397 8416511
871 269692549
401 545563178
702 366380351
994 137881977
464 979570887
126 806489763
922 259130001
672 399165109
574 681935778
952 664986283
188 512218552
861 654708169
861 703383557
795 257616814
412 839961200
64 953827116
594 474642114
225 591190858
620 620650341
244 113809316
109 834811170
833 172503874
305 419482452
870 599951948
620 874619435
591 769211380
747 108664260
480 198439516
531 133886772
194 107436653
773 267763954
926 3181585
902 903108340
634 902176994
273 889626552
788 400507982
904 398736045
62 514933526
252 728102144
978 166418922
219 91529365
664 540369316
988 375535015
531 962098627
387 510107305
552 800936419
213 311816598
398 878126240
919 797764460
74 579643730
25 838264180
719 406156389
46 653810234
769 249360098
548 776784499
659 753069399
161 355442279
73 159217666
200 136275787
997 910529376
66 818136037
273 644844965
930 688454260
591 570869139
808 553690767
346 230519669
337 320984635
181 292078511
827 371924108
381 694623387
948 20901930
534 47540720
950 893827782
539 983152777
743 617621422
647 358591541
256 928637926
759 532429720
63 322113130
120 235229475
406 57709591
728 901122852
755 577654477
58 413525695
684 653183392
228 614179301
917 382610013
582 662787328
945 617535112
854 614127985
951 771363931
641 37704919
107 667635761
718 586764004
557 833372621
960 307160928
831 576280505
551 888906817
231 458008750
344 395707396
113 501728862
365 464793289
996 343646611
291 718334565
499 669550904
169 978800561
468 355478609
21 139179330
825 827900266
515 581965672
738 327668786
536 322342805
426 331415453
161 477130785
17 859443118
360 753286976
775 650650321
404 497805317
359 208646743
407 568215506
190 918067342
709 669134102
757 828892112
556 897246718
625 991465577
839 613950638
243 81482784
574 107285062
577 357466007
825 899940710
861 430001925
599 983467116
495 193222755
137 14932171
393 41947015
558 762285404
361 175575297
453 136714755
912 195098025
412 468683334
204 826120100
386 773810622
833 526635323
584 635168382
740 16815368
410 300825304
602 565354992
972 579053869
708 353638486
74 948754445
389 592135934
951 105570039
974 665596392
125 742950947
950 952703046
247 462040096
881 575120647
376 263359961
492 756670855
935 922261547
568 321861582
797 722259086
539 249463041
45 896609716
368 325738148
631 993866014
484 488388098
92 935486471
191 571505443
231 553018960
882 349402270
222 217688693
67 793846323
755 334418617
316 82485091
625 890646363
468 737961391
305 181580699
786 189502566
8 58425535
649 168067698
187 723713680
959 829007970
553 912671893
690 273818780
69 698372164
235 686616698
283 395568957
697 916205031
740 288581138
256 938181449
120 151894782
89 205320036
800 485416774
417 21425371
742 72793759
794 454298533
139 683021619
371 848362891
314 360617532
904 750383937
29 249066415
186 678749994
770 274497043
579 411357499
511 666597777
197 824007844
168 826514052
732 459267171
142 403910477
129 13400952
486 304754066
352 122109743
703 847490360
44 405183336
735 938754281
850 474205914
292 528380976
406 951434160
440 58094672
793 433618660
419 735010149
271 835138507
940 181866597
554 692368816
996 371563407
923 696804020
489 127601805
993 913638879
975 77800029
977 449213298
511 981689623
248 827479761
776 296442158
617 921423114
494 641451170
551 694234218
719 445574747
315 889739481
850 818540204
646 826004806
918 434400799
43 306511154
179 392119015
255 531356777
965 888462106
314 638358812
170 106927677
74 625003292
461 766302561
33 566263094
878 933271623
962 71397411
384 399549654
596 16324913
823 725735946
810 413107919
665 507549641
5 430822840
369 560379403
631 665510535
199 642220182
826 225999743
36 468948433
308 997058782
76 362820808
476 256873754
110 972328260
631 176247286
671 11083061
744 123143507
162 822701443
649 784634822
42 823279514
879 567996708
767 489193749
565 850133922
519 277842432
798 2825244
551 733438445
747 562229679
171 457493402
841 810346821
662 59943579
540 384352681
571 975948247
347 120630828
922 394086668
85 237776303
20 546413938
355 87199736
441 222418950
768 796772386
525 496620093
663 95894515
497 667278738
482 11163184
450 119237651
541 760279519
420 102842221
372 393535463
973 393346015
297 999676018
282 774666101
463 973334846
249 426339430
460 334977851
754 260227871
141 533265073
940 726611433
386 531371056
792 775474155
434 953644734
458 575781976
474 677788637
868 617888088
1 576147324
56 881745357
305 978820008
277 601118517
568 949681630
366 18997135
467 696943510
765 637746980
1000 251647040
838 716495598
569 398373370
926 536778139
901 79355878
845 30472344
737 542897565
511 280443421
544 376793764
1 460559283
313 272496694
610 852005057
149 429699984
667 302065176
885 410880638
373 812504869
927 661744641
822 685320696
687 160027386
385 124815256
105 80217319
770 794927394
643 555216736
888 88322781
13 104700978
10 801367255
846 996085062
775 479869796
779 322448960
25 691531251
298 164734149
355 630363335
186 156023549
435 85062984
493 832713736
304 550975802
608 238506755
728 761207946
311 479630048
369 386804750
977 647054513
689 109309242
172 617834558
279 482143311
804 248878812
267 627690433
251 207494712
290 510245411
414 50859172
301 233590797
107 186247584
140 328363378
546 84771953
842 509093832
702 61835877
22 667133003
860 715205265
715 867015298
683 460526343
374 726853124
901 274612028
482 107091418
627 431183705
21 497319757
680 2363476
207 654464121
871 39642414
29 496211945
477 856818752
644 748649446
101 847490614
523 269260821
306 889021269
281 907418197
220 322679106
745 415754909
483 567802553
645 982167553
528 85902976
501 249349165
487 341582484
967 617778944
240 854964338
117 717700576
158 516689404
764 642999190
321 296374827
538 457543561
215 93596186
285 619780576
203 111065079
144 216095336
649 850095362
934 310813759
219 428113651
512 56164772
661 123642947
628 407960719
367 522840352
306 422977353
197 298698997
760 431447181
22 262936674
257 809383379
599 499167991
370 219036992
196 362662530
14 559978032
438 701000410
377 685520622
607 172224097
766 999520720
477 61981320
488 789692713
986 944029357
920 237729316
311 31349048
527 250520508
402 507409036
957 189407380
86 524969803
216 287374976
280 167763043
615 915535421
185 540560790
410 986330439
425 337433642
975 224298043
115 812150289
581 936299316
651 660372388
12 531784168
144 178727710
914 134680433
483 495369846
742 174343474
781 461654406
341 275340347
157 573500619
383 913535478
813 221493552
811 504389793
603 917992603
384 549099639
884 901733469
448 451304083
333 659210094
92 51962463
566 595184622
770 778686408
901 178678565
293 789006942
581 870751931
451 174735846
470 711192784
701 195648703
233 290812035
636 136355451
359 809027116
766 787327573
432 4424637
71 890825412
186 276464299
987 249276547
836 134586146
928 662734500
174 565253206
480 638739373
272 842245511
38 451532300
922 867315283
205 492196911
971 515064794
272 686692325
516 855062888
554 380663363
53 661672378
447 469882492
590 678749469
162 520856050
965 977106038
644 509931975
274 358025763
442 349652897
796 419045859
42 302705336
413 464324099
983 749894977
198 516937706
950 810227308
751 834365010
829 547244790
844 843574667
56 811195427
307 191404396
405 123158860
788 571365134
591 355348637
374 176775886
400 875875649
817 243513782
445 686756436
236 404433778
150 252553738
944 396235811
513 801343887
184 846240031
786 167574132
416 869822906
506 311591178
587 420722062
630 542813148
915 861954026
854 969718600
599 640865762
482 470963604
486 85086575
6 179225493
28 222565722
393 111890142
865 794145312
994 183851003
842 68101519
538 616016907
299 919849729
585 207088407
88 917347228
138 670103834
465 983040322
533 133704312
797 310740754
151 926787848
880 399377875
377 246464122
312 133103160
165 671612857
139 880604896
351 971755657
174 554744985
299 292257097
24 77903688
691 425655206
252 851907399
609 717246112
619 406894405
333 828495068
340 320173703
316 879407636
141 797247650
706 572745183
816 354914086
879 250953366
229 127360011
488 628273924
344 500803117
446 173894784
863 798377495
150 4378965
30 924538495
963 448799215
565 553877477
840 117693631
778 962881071
999 457933911
49 914418296
473 551213250
881 936981884
133 125371659
53 878692382
703 735191504
560 106964469
843 204100187
261 559837990
107 463427636
808 518394092
304 443278890
104 366956190
298 295135751
985 295533578
471 864933515
758 788750793
971 494461612
642 667479004
573 20048966
970 994353992
511 913253565
4 326607840
983 534991759
845 537062864
26 308220538
771 263792761
900 961883779
183 751132294
881 30007679
83 965797426
599 532396461
715 233203309
328 302639883
893 375668969
414 445278329
43 944869196
60 496908513
411 963739022
736 679556889
608 209732904
494 761396976
331 149266076
1000 879774744
678 222432389
152 691120657
177 496981237
370 187949983
757 513157822
789 341438537
466 805891299
715 370976405
440 624437354
722 27699175
774 963202135
405 360673056
749 913933483
786 71580686
696 947623299
518 852593131
210 558581159
178 495262107
821 993234187
39 60378767
364 239185848
268 361722337
668 191930267
614 760476846
791 643853681
998 839001952
154 675654546
21 172315801
553 717805218
156 110415723
932 954902342
769 502403083
680 828789851
316 262819256
663 553184726
558 826878105
152 470384732
269 826907281
800 391162090
783 454067727
812 588220306
974 278742241
733 287625446
148 965592068
703 594547546
81 887936087
386 386071576
983 619582678
383 934697729
449 870943287
163 405661987
505 637377868
234 158547744
506 814749285
27 687464420
798 326708764
889 561802485
132 722424059
542 196163657
3 392613495
312 537511214
868 497338504
848 936106723
469 98017715
918 178409403
604 38580294
972 921948687
274 136481803
442 197010273
751 548070161
334 379837894
463 531352456
977 593399283
353 423760278
334 80093176
510 739422856
926 356878465
894 624659815
159 985414830
382 274763127
375 297358183
416 401969276
430 763198421
33 124453928
884 75364640
550 109071665
666 487960486
46 169889634
514 573802858
447 879991222
206 735227329
150 932324523
203 368974535
128 740823391
784 681720835
642 983463982
329 627309610
595 144701428
331 219533805
550 684798268
544 406321283
127 896972147
284 323325893
706 768391980
649 504983163
972 812411740
995 248714698
401 233581748
272 11587739
142 229129994
495 547684113
69 330183546
462 486670114
257 396995279
416 132694971
48 977385528
685 402214888
222 665259527
700 778458561
601 891903272
684 804746907
950 261091103
700 8148863
926 888568336
959 739588945
337 550815218
181 245025420
970 916906578
813 619169469
484 565265733
533 20328556
558 33806186
513 482869446
212 12062119
615 983902859
990 73762028
270 494781908
355 622319698
708 399212040
962 230388241
611 125379576
157 292563482
965 503442568
39 260279762
928 857505828
883 559657478
823 919397211
711 77401672
778 552175008
336 314393948
529 161871874
660 137321478
99 393317122
530 355787271
803 161386239
553 6939820
587 614435774
472 544636783
844 443486238
41 816336676
682 105917026
583 810728074
635 978258008
75 546687395
65 301910279
427 892301321
992 755894022
984 691039252
318 105856198
609 696719589
165 428556182
522 624833182
362 411634179
818 603434086
384 707740324
134 735270942
747 314857262
214 898178803
675 751014921
88 610027312
988 842135938
443 186417211
340 649909129
288 876470384
321 634612463
180 280951652
848 356864985
638 902680361
377 21904014
54 616476944
208 254795424
576 347532245
292 892642092
406 845548156
969 519191282
625 724030875
845 405960889
120 752984646
801 83248579
520 548161198
266 42342074
930 876319867
168 208697412
261 773598453
209 72251960
971 671823693
987 653324389
980 741490938
780 512001015
749 447478947
788 373578617
463 164961163
743 133634708
834 786660903
73 948029466
59 90386055
46 895283686
507 823867446
729 927823427
116 891908596
400 61707119
911 185674929
372 981851974
34 707296551
455 887272834
676 199953667
617 595984667
118 708114107
364 622523188
740 662609697
494 218348665
330 182684465
136 638329377
472 202666236
889 897643383
613 949738277
858 385000325
927 979461335
846 515630459
926 644690598
752 309038423
97 546240800
847 482475381
26 25513627
923 196015036
175 910840586
863 241159249
713 340639020
766 809847195
612 427917873
