1000
327 617471854
676 81155889
318 299196337
566 257201121
449 6010840
582 208619120
965 926391329
388 959954227
308 459069580
560 736871587
476 175495402
599 468714643
123 74382610
635 975718523
881 5115062
195 492565747
681 983476408
575 405994607
414 792029136
556 153305388
973 876929613
357 152224380
470 981032193
16 767828257
142 470645783
728 436412077
279 891552765
17 608988336
904 634438321
465 148960255
689 553171178
133 153795593
999 736052450
980 546712006
240 521678630
592 275627841
417 282293744
56 963892557
743 455235022
249 927528496
130 771534177
196 945800447
393 135487269
737 273630160
349 390471476
496 597841705
608 900410240
424 994927841
409 216764563
673 270751263
508 942504295
839 586704667
507 754220624
871 155110091
628 298196235
632 100120848
416 163197609
185 437096493
731 81109248
220 287659027
187 858512149
768 555956646
337 299816878
770 727943674
974 688493169
712 354386837
362 465292784
209 654252134
443 817689379
607 163513756
173 899741312
791 152500106
477 159353757
3 242117539
128 361924212
549 976283275
108 999160472
650 987770393
900 633689900
843 304990879
231 294687394
566 581951735
501 312171228
696 664102718
820 220609107
412 692964595
314 969485037
893 842122609
464 804328375
876 388981994
182 688877305
678 298083448
113 653705961
333 233729170
238 476633588
328 796948942
704 595482980
785 867326103
951 501116636
404 341994306
558 708779690
311 887886198
850 556503764
443 334991381
23 327317759
544 862219054
184 376757801
840 881512428
434 688419841
410 730736697
385 400962598
747 675461959
38 551457192
992 296253900
976 316165736
764 470282907
350 466216885
564 66404540
679 958926021
806 269016278
823 505580602
136 759545598
89 298185458
948 233952292
85 701214352
666 783818156
421 121870677
36 804189386
587 394474451
357 482113923
124 723054511
81 253530954
574 614125207
190 29834879
245 87947841
549 247799108
851 416784885
116 6611687
191 632115374
129 811451337
631 558315228
306 224320011
591 254492504
786 740489637
925 997270339
90 904771798
103 729363247
690 449408216
272 256853479
590 559259498
734 505617834
627 67158330
722 127459092
938 484140490
536 297878399
132 432145934
112 660684950
986 508507250
606 48050675
497 498377659
181 535586671
335 86103012
22 222140581
968 6418118
281 218521899
7 938490820
243 521637194
905 314578054
480 446076876
65 79142003
748 513488197
601 515549265
919 779506592
440 605785637
212 383916612
803 289156744
133 960492857
164 530218191
903 964086255
588 833060761
559 114739996
48 290520239
551 700367862
764 890040868
693 703435738
897 489439251
205 409709955
561 153787847
493 685950689
991 913018393
353 256707163
264 3214869
460 172499651
200 239510895
761 759297568
643 760377682
866 179239948
660 423021181
962 63870303
271 660403460
378 195665405
687 135927147
772 644675073
736 591930684
33 457216279
848 893603843
42 442251352
972 736214252
46 336357283
356 828797668
315 584579329
741 47852355
273 253991706
139 456365984
387 469561094
489 619883960
38 520110878
875 676089039
670 734568987
410 986145853
613 915290395
481 549832807
792 656142939
831 452100947
198 665887995
41 379312002
903 115552410
498 926927496
123 121362345
827 435964004
743 198920568
284 821679904
299 66149790
536 871345091
140 299609165
579 840038488
769 364510084
263 375493562
721 172490087
276 43886223
855 349374939
632 443194329
254 727441565
647 888155818
686 982668310
418 478789159
917 637052646
382 785253761
921 510646476
557 587366025
525 591235284
60 928820440
672 875402081
278 846280888
180 359144393
562 687037126
897 136148656
584 906933927
762 229198708
737 503316791
52 332619495
227 531295143
821 717796068
581 713091391
370 186531043
571 839035891
339 215206976
760 759279969
213 494232983
762 823060190
705 397950171
177 18882652
848 486663390
879 683615345
270 761576420
489 263622419
330 996703321
148 933272175
244 459526678
912 922399128
73 952992281
149 975210796
86 239592118
313 551907571
794 768056466
360 125610313
51 137644301
973 50288399
579 251748011
601 53333195
506 604643296
67 822006745
636 336678081
922 754198637
895 757714685
401 615760862
353 547452252
744 510704838
355 582559084
931 956224307
811 518648307
399 596014271
57 92974734
680 474820737
921 886388111
63 456352534
434 728003576
642 603222079
312 476078061
759 696929325
635 917863697
789 198802091
515 266597922
87 281735090
18 775801459
479 423017409
397 583166988
899 579793529
277 583351393
988 581303653
954 597737220
755 374677260
235 327348554
766 608277211
586 564884549
744 89993371
826 132547837
491 53161906
41 129630451
82 875627259
232 926280484
414 243259847
124 269634489
700 48821209
618 153717045
64 962327794
703 54581738
670 726711928
101 821342220
609 634903781
612 894896020
461 236845819
720 903526820
55 258512843
185 125852939
989 412639779
75 135222007
247 967376986
211 951079321
28 354926852
652 6352302
657 155584766
390 179562909
753 819026097
572 698666204
515 122633289
34 567130700
807 330224082
924 674297501
109 683491753
560 167804363
772 947764170
11 862839418
664 541147245
260 644455368
376 677791364
946 654071115
22 70439434
640 567984418
770 10812894
623 374891057
655 632028000
469 475357203
184 908432075
50 788989282
322 146969932
601 493320138
996 194866728
621 160391351
147 927198611
790 469898118
173 635873226
230 638630254
739 267172945
284 321097712
347 855046887
118 823463761
371 868808581
788 775384163
685 441430149
161 152686204
564 132888633
844 104192177
544 361721319
803 475024658
455 608783312
458 349077881
694 720271733
535 788913768
290 931413604
62 732271584
453 113666527
829 658664023
19 206512791
561 877970771
929 929911753
835 597991699
663 26712208
583 305365573
79 653978608
904 951343638
872 861277629
645 886793401
325 648286794
60 161460618
150 496308325
194 202383376
836 691600996
190 567617885
3 746159106
457 547329324
14 164285725
580 101250624
394 204703475
891 833848584
241 914703660
895 173448295
982 992361864
796 272298626
630 214945386
836 310721424
883 633770796
330 608567994
138 554212704
828 573413778
425 434491126
288 946799344
725 89817129
923 555305760
805 75431186
930 304282027
998 663347960
167 875452675
1000 680992619
790 809791880
893 368213872
143 688116099
573 177282705
548 367012707
300 694901594
836 650711765
285 302313421
319 772382289
19 537156961
809 113598670
645 98472301
253 379448243
657 911751895
982 511866899
47 459025667
932 311938576
772 948612682
859 59659693
521 113388517
830 169588891
728 714657422
185 117281279
696 728597918
522 624719482
49 340898613
941 508200138
797 585360697
760 193422454
890 558119735
821 592446733
924 220476031
405 973244426
99 185142866
78 643354026
885 315357666
501 663775911
277 635944616
691 562453056
536 13507965
426 298570467
900 931361844
913 890144258
864 775458599
422 291867533
408 201147787
252 593691767
895 778799772
2 763822521
637 457295127
306 431032780
283 567242666
387 163903493
30 768826820
799 604851008
198 848796907
853 123039189
37 872887678
205 110450556
112 103875252
334 986302809
777 903112213
253 861044718
473 500368441
19 218167021
560 264394644
753 134331435
921 663190148
132 444699551
701 509326233
862 17212489
508 97607350
706 107771206
10 547229845
478 185174620
358 914255852
582 984224614
393 458259308
644 818194620
521 588445947
489 536064833
265 431793197
897 776274553
172 870436315
41 980243846
62 183353306
874 377134876
373 739812479
518 96643534
79 407483970
903 768802014
711 182632126
438 690533027
831 211157906
132 623302532
973 695506116
255 989381389
409 939420201
197 972891928
591 733939854
458 562861626
293 526591526
438 296252931
707 515201751
905 558024030
28 392469232
351 416608970
788 12680784
312 890514314
297 513278592
602 888029556
571 45359542
532 589600155
218 58285374
547 513259766
952 953305676
569 663442348
391 115051972
120 530760589
890 13492602
125 333693451
943 846266801
993 465645056
598 42487385
456 821351478
450 872198589
799 610954939
861 378071883
998 716284321
90 789438024
800 511360725
143 307230553
562 766115384
683 20659252
234 488634989
463 588799763
700 982952098
383 364556894
801 236852582
828 795204732
698 454624706
863 513819394
580 111142059
79 149102680
903 488103132
915 900933905
677 729078642
916 514229791
404 865697896
317 187446195
737 667892297
879 886204205
48 247900357
582 560910400
59 208838028
193 852722192
651 880268507
978 268380482
473 654263150
225 707914512
474 409895397
402 623278479
223 882966106
746 572287404
506 773525920
386 265495237
633 868753039
675 908987462
478 634544225
881 568249409
455 471001065
348 847643817
442 304695541
291 67295768
458 416152814
853 703826536
239 736264598
864 138113043
753 157720393
142 383033128
164 213196543
195 346083851
242 836419909
930 137092596
876 35072724
667 435048913
504 201704221
48 174521956
630 979414149
668 396748934
461 824905411
444 327430644
621 745811122
434 386453525
474 827245432
654 757237252
319 835296735
71 708572008
449 354569468
120 791365729
493 187313252
509 900028678
512 614470723
300 399557540
757 566993490
361 272686695
847 4751529
280 512496492
392 895227534
312 275850730
577 321113665
196 146315624
942 213261064
779 870074756
94 547795508
364 542147288
862 891334255
57 274349836
607 428161575
431 196741772
804 177909368
972 272092450
443 447316026
342 886503039
514 150092071
245 948731806
835 354016882
40 836820564
679 764718721
703 3519237
248 475623721
691 285799071
507 763162727
702 160891845
54 944761933
406 637581639
359 21027322
607 894955079
49 785153797
235 363889160
869 252136369
38 192188895
155 659030647
645 585488022
90 313756643
162 44837959
269 957841037
757 627686676
826 364287437
601 167923939
516 134993327
399 707100857
392 344881637
512 144655217
404 177995621
865 198722811
274 307832615
565 818466510
684 877708685
405 224756187
838 150547325
605 274049304
883 88664996
292 655662608
230 176909464
974 123783792
555 107358663
697 140137236
73 892040195
467 611348833
497 7951412
21 664603186
690 728325537
14 750743646
186 475646267
776 266407909
301 790755859
726 448959993
658 753504288
351 798850199
368 579230604
55 872841647
977 718768456
846 360281737
216 740536951
512 329216476
88 677929133
451 409408787
489 185880072
708 106181786
839 135917343
999 764005026
98 804869577
918 571411547
391 858970578
220 217002668
882 297154104
418 856252217
158 603239814
764 114857906
179 462661686
636 55732610
30 566017211
551 175787767
308 576345844
37 895946204
561 488795977
214 701519641
752 666692461
928 431354994
6 276091582
803 445455945
518 478036476
886 12811144
838 350377324
491 93937147
227 521805078
321 1464072
957 114470650
100 123466550
623 795307496
72 488694960
259 370855263
126 298117124
928 167220926
187 908056227
547 982511804
553 116130187
763 371021039
519 866498228
559 227416172
337 530366692
42 587703964
211 515134016
765 637800457
126 868614919
302 741475960
201 76856835
20 244571720
174 57618186
378 990216321
804 780985057
805 849581792
445 283530986
892 536647238
989 646463735
429 893717313
13 344404185
829 78583930
990 477964707
768 417433107
882 316736687
78 33260065
545 301838048
23 70373549
808 888615023
275 912479614
820 475797296
692 74638480
937 933245572
300 213369321
345 622244072
134 601943213
958 163925911
604 190476423
476 721419494
251 293743605
150 921452869
263 651151464
343 806450865
981 495113304
817 229392592
367 331167342
382 843524901
353 284927635
708 96396362
788 609888500
322 444061114
576 239672348
652 684411996
471 224096473
667 430273395
286 711034151
606 772351713
299 111928198
281 766181605
190 559483343
470 615288670
404 306818680
764 449803772
74 705011244
784 963031062
362 75987269
70 782352232
235 530629432
816 185281641
219 859590599
892 713367478
459 296784537
748 74094068
222 575164183
65 821866307
616 742488084
726 347264443
354 485153716
77 452757908
768 748322865
966 861394676
936 241962314
112 929849659
267 1907597
651 892723396
303 674514421
106 711482309
492 930024157
523 86435173
272 459052980
289 86413870
530 915202148
691 502909796
814 559985362
337 987039453
103 411141071
601 829121395
451 266057560
55 19588266
815 45346875
675 745777731
617 368894336
348 875806682
141 240033860
843 919293506
479 674927043
516 757920125
603 846240916
301 848084220
544 79006196
156 934171494
659 181424765
225 118156130
914 679240510
891 520767411
354 824375315
100 256632913
613 561628456
479 201132064
621 352922252
385 611481196
778 304707506
563 899618670
886 741736763
49 715610384
452 397331918
73 266083637
673 850364355
920 437310486
614 964129603
842 387544505
835 167020432
975 256390203
68 999309693
581 940599748
845 781450987
481 656037727
994 376727642
456 256257798
772 726245085
702 46994661
893 948796281
656 767886841
193 700026978
437 925426734
813 284362377
504 517062244
166 182787773
857 61314243
145 281039725
4 123171549
982 553794556
712 343681298
448 84312378
557 700330414
677 435324764
669 922296558
783 914650345
72 470535394
527 148837708
967 892959311
197 325057997
157 153758994
860 970436810
29 974873119
907 822644299
74 178290014
502 478962670
639 359348267
841 317420769
37 240531093
224 414640528
853 281958707
304 778418812
26 400839405
210 657151296
928 885718963
544 432778935
832 448601001
584 659689472
731 483765846
407 644798456
860 1364996
191 747819499
793 94098263
171 398384944
988 635549336
411 987172451
873 921242064
505 953306254
992 471705790
365 403800677
970 835021245
909 666900634
511 949902086
613 62036848
526 600449670
523 582319479
966 990095326
611 633465600
192 280051693
836 478649447
144 95342986
485 519127703
743 930291842
191 919210430
136 121315011
996 510201079
528 580533877
372 323080070
550 97402972
51 509057674
473 292472318
651 611511929
737 464386760
521 394329646
594 831561142
403 493999685
680 308437182
147 235906819
316 590110418
388 935244438
968 292729782
87 281212659
670 40736590
657 401199760
532 596824535
658 466885663
781 567503969
