1000
502 69732588
599 600663092
425 573364342
149 648369139
602 340366980
648 858827085
261 147200281
131 397362557
175 394037335
242 175501618
794 403181754
747 88624508
427 885947270
37 886225154
797 607909906
686 60011648
665 396431737
209 193232509
976 500031286
15 132855371
884 993315293
632 842097561
500 550878340
640 551764597
130 555220951
208 54472832
805 603931468
386 247814084
324 29232894
269 210264380
788 559570078
239 431804258
114 78727731
385 570599724
612 739979208
389 414713752
528 779849519
161 727077592
240 960159411
616 151555346
887 606387934
604 25220968
179 330114074
90 370011019
356 321192164
440 572370656
969 930591488
61 630342621
700 165327552
756 968599969
540 21731450
782 834072915
420 867995441
843 79637038
802 505100935
951 933766972
952 689664555
464 50664107
456 334345601
370 240410798
755 221226456
227 995605490
943 966448384
467 206197219
810 477125663
262 755217324
603 539471789
570 533077863
731 724236660
722 188780073
453 875212617
410 965965458
678 403333943
182 683812355
270 360459738
625 139539479
371 257617285
296 665224123
528 402800315
336 635863217
396 546082225
607 614176206
495 964648419
407 754735890
996 424988347
874 932000319
294 963012873
272 380225223
706 279781167
730 985826678
703 707425806
981 98109898
562 35131704
757 988841123
824 570249915
722 414792897
695 80316520
821 742084149
480 246322589
837 555310121
822 814359822
776 557794427
920 701320328
111 518311804
360 26758704
850 237844811
306 240422722
843 733171684
266 954838292
366 930283178
736 641938209
627 807976620
897 356446852
481 285403902
126 559697122
286 713275847
987 507914921
751 637540821
675 493594671
838 532825220
618 202982496
720 835936406
696 495998918
767 553298624
483 318684867
374 498102562
372 107559136
460 779398243
274 103524144
289 267489598
223 982395277
106 167505091
207 970512109
950 121985229
273 454805610
7 572143679
83 923418994
867 417766849
20 991877737
669 659871955
739 170976944
462 756578059
368 144906327
391 76222319
726 913910858
894 215447130
957 774200980
117 244093007
913 672368800
474 309580186
509 823138537
232 976778564
727 709671124
395 866076404
850 660883379
995 798210251
512 746386205
418 482670904
391 449514200
155 985072619
378 157845231
390 443690987
796 835142174
436 181518434
719 880789502
859 789077668
48 540172296
299 521846113
561 229373207
667 486478361
936 231918987
273 126902894
5 949292217
762 102740662
660 535146787
41 432332581
326 263691877
858 193741256
945 617633509
280 829675998
629 121635286
220 380686521
262 108916178
566 546252449
652 927906534
722 960193084
496 888711527
236 753210524
904 591701449
724 702006225
957 367569146
575 997317222
445 397256042
509 141451423
463 691836214
895 338783214
684 831113898
36 107273121
493 190322937
507 322525120
123 807122536
81 568842014
2 519585787
754 380854550
382 884858492
808 638058713
796 475995318
572 996679371
258 790639585
173 2019309
11 478075753
201 639741986
128 350564371
978 846816192
615 631067685
251 305195818
534 214664179
433 591394532
474 201023990
452 967566106
426 624721116
215 14454569
734 418220899
348 185630472
69 719497868
248 389913208
901 272049488
442 477516433
400 749339940
313 253134958
586 675566424
359 493061026
712 763154051
617 56952043
752 798288910
316 529063941
103 71564210
61 581586734
311 555308330
393 227291779
16 139193845
330 625816909
200 419481692
347 639916079
516 130117780
737 806388442
382 931009039
838 721760669
294 137450579
186 364809715
748 377826162
346 802973061
186 597776811
815 921173530
823 12337780
757 280150350
583 288249374
708 756587014
267 899301028
666 305242463
707 78683846
536 972491568
352 412642586
845 197554330
803 896016912
14 863092434
403 794618531
762 596182938
640 958334163
11 891525185
891 425044830
605 830888380
759 389255165
694 39450314
753 500963589
429 32179836
644 574851800
778 344550284
309 476457156
839 146653685
609 808784200
654 501241927
595 799091836
988 256995735
553 498429548
43 683397291
573 503624651
809 434999206
883 433357874
651 818063863
906 111058952
193 400802472
78 501557253
628 983035327
268 461002980
292 24025636
709 102594741
416 343452096
511 682916161
743 230758173
584 392810751
762 394238148
771 240423389
323 153755955
685 422985994
814 495371910
335 323348129
494 92725660
325 524283281
899 653163768
921 196871404
499 515584003
317 632422732
594 941583290
635 579248679
228 942612657
780 495564074
904 611250087
24 223290797
203 865177351
703 980537195
545 948303800
437 497282020
875 684520771
414 858026110
350 939202106
744 426995622
143 57440655
203 690348331
924 943622715
444 95376456
492 938049701
83 700416990
672 991094070
233 490017313
956 302093037
964 920888630
58 540852580
105 518641325
535 677869637
925 479054814
490 735668178
432 207998971
173 213185827
194 893075434
732 580006965
601 747527315
856 678155603
129 350149329
448 123199934
994 512950203
721 965291845
870 677145140
269 532617590
366 783682371
430 939722798
836 407100299
472 442224447
218 810303064
351 415441849
582 826195052
892 700940866
216 223732502
458 807552360
928 93508111
829 158364970
193 298810406
148 45162587
475 376634908
355 911415537
526 740427186
402 596018648
900 609342013
195 307304364
65 315543285
99 918755714
536 355312580
918 145491341
166 477028703
22 992529362
649 581411772
423 101053316
529 204549687
790 878967711
87 361049312
380 741835386
113 767823340
1 43896937
439 227613745
804 770443936
911 28503784
183 201188389
508 855131167
982 153274086
978 61242047
671 823209187
970 929174621
965 287371377
312 450443159
170 662850060
61 762966466
310 349885928
375 620746651
337 962426010
961 908888916
276 990960898
824 582036400
690 78045464
542 370927550
443 664920589
320 666134169
585 486650811
13 997638872
852 739565563
51 720702594
539 911745139
856 689789183
980 417087761
485 674255478
512 423635199
991 341295234
758 727703682
745 569464475
789 758774531
362 429572070
398 878291170
275 133800646
439 720519165
450 620597243
941 357564773
828 298681047
1000 34839419
410 190940486
611 357964601
972 212097663
298 475696977
82 890879607
144 145493379
944 242234616
257 363509378
552 831094697
784 155620827
505 797718229
36 410313092
863 735764069
641 270869554
699 972128900
726 748957309
783 847207942
3 833880088
563 594520005
691 818918544
598 495635097
589 11288068
793 339699331
621 881950270
914 875539147
983 74275735
562 272481204
877 998787319
469 460635334
283 653993152
213 138240007
646 850822999
45 220920443
388 586200112
407 724012223
387 775597867
39 391217479
962 184832148
584 372335525
597 307419262
770 614899900
297 551361485
226 837988258
287 769930260
999 232487485
132 123234098
934 842464905
682 404975294
483 835165543
872 404105442
361 553778290
34 118103872
958 775486879
52 999717651
587 429214853
832 248549665
710 340598862
831 2580786
666 854905294
738 836869236
250 479199657
588 842770915
102 632311780
878 751842178
477 762890400
306 661902082
112 879700706
92 32708453
184 480337430
521 136477109
962 644366639
175 524889094
435 543530209
100 726840321
816 688334813
565 14399502
364 933444286
319 355146115
835 455978136
558 741374228
32 790157171
968 637859327
80 745042514
894 138514134
923 515127872
697 727764091
971 852600578
743 41625784
167 446397928
246 1503084
564 906653122
488 942251609
939 255480615
156 696315205
851 847347504
188 897382658
689 816430659
533 455786379
187 350449808
31 660922514
525 519201389
406 544235555
533 861818656
293 503515700
247 209221195
411 603298831
848 600721187
111 528299303
879 596637605
860 435474101
399 555004491
369 224749621
27 101820417
456 647335391
645 433988724
381 515882171
953 533439954
84 415126366
627 307334670
62 659291604
547 857779666
914 14282815
2 938116140
246 314586272
408 62533919
38 107536976
264 113668126
797 414175336
224 17103100
716 251574284
444 298888587
841 102899858
970 881257322
990 97669797
350 661217235
235 123726121
409 154924900
820 840212427
241 295301497
328 406709577
668 769601014
967 722197647
679 122478369
156 240972682
335 779546693
284 176947749
646 667934826
156 700299384
201 878843982
126 529944582
1 788061032
718 257518866
847 164583279
654 687027997
874 15998272
760 990073807
673 658859688
556 944830157
356 580852605
86 271050554
974 71225062
658 629448066
806 554240431
338 169570052
960 513081722
592 619668732
849 936926764
503 527853377
497 994652444
715 545752876
800 814744850
942 566481120
358 134714133
362 987199072
67 632992334
301 791391627
510 967170747
996 721658672
139 122742984
129 73497369
836 482819836
541 927921806
286 71394310
725 804358841
206 561658132
812 483975384
68 956199632
259 235206730
820 703129016
445 456631411
386 260363665
19 104268432
371 707018888
665 145101833
661 75473007
90 565955850
841 227088776
959 840210680
183 813933213
160 128000454
670 595640285
947 458546230
569 489773662
251 249148859
735 78847084
651 733072926
917 754356217
714 766530666
571 991406054
416 155150557
847 754847671
925 272906299
12 226004519
600 577495525
516 308677484
200 584659506
153 16248905
267 342313244
778 254081775
232 700242281
955 782113791
527 63559235
881 589784448
289 64624824
78 306000301
199 726709320
399 973987865
25 884110465
376 598629997
334 702142417
890 236724455
856 359458715
630 767057221
273 598011404
554 355169959
171 173884331
50 564201395
773 229395288
571 862480553
204 232321539
949 838298269
557 952625144
421 932614565
488 559195121
520 213128490
91 445212863
473 315712906
633 209211701
271 944295811
137 666705453
551 542459395
154 193157340
538 52058083
680 208567849
717 213250095
455 468845775
468 307361362
954 71560718
221 803920660
996 790916021
827 323381366
277 581383906
229 496414237
254 657093659
476 129278965
624 293585133
610 410770841
746 587555408
646 916903618
21 905554087
9 497776498
486 86251453
176 282910921
46 715209371
157 766486981
29 712587108
681 8287929
497 800806164
930 439719349
181 943090512
10 662063623
370 836617316
625 369717794
18 567677631
484 773918716
787 795132688
873 592201329
141 39730002
454 839970343
94 485926747
74 274409844
973 595075869
89 368899192
40 463569679
982 916701840
578 422691848
614 614746371
279 184210451
515 796785160
138 667710021
8 553498958
702 658331096
568 595838682
315 687847479
517 994314230
346 737477917
741 481644782
31 754886113
531 446493730
931 290748705
17 540839750
906 618892250
758 48580643
222 801930939
561 857099594
596 981918989
842 591201877
6 141044181
280 615984666
444 926202161
363 90690315
798 498483220
749 967950094
105 339704821
164 877365002
590 490305692
501 379848603
650 697806530
151 856380067
533 778470512
124 528621580
569 987961517
307 443953533
26 367783361
687 629798167
853 327404420
215 323642446
479 446638022
979 334982221
161 480295945
869 986690366
265 476855567
276 958545499
42 133826437
449 627480166
288 907591019
47 728330198
871 19218290
185 7489107
518 380591444
677 215524642
578 715353398
255 992077132
638 228233049
57 945704648
342 998771889
912 460497760
888 272363853
163 84646848
237 958096052
685 789874198
617 997292464
210 665218990
347 358653279
189 40801119
931 538418462
587 129495594
182 221675455
121 517904919
133 38911809
519 971124277
688 527219785
765 196522516
865 718131153
763 844257161
441 238232503
225 16260297
514 361068889
385 300476955
720 399737443
31 701295187
427 332546161
53 779953431
231 846442265
647 285256065
790 656723821
908 345163847
653 711637370
314 977828642
357 798901786
237 965811963
963 345307493
76 151891171
119 693200729
600 743890245
98 933819188
933 684291243
845 262491852
168 738286322
786 80989088
929 813323484
807 920868839
23 984880142
63 434762250
559 437335604
322 29433672
609 181662580
631 603604091
823 345926710
343 834779306
449 797868490
648 180260911
107 795041680
981 736910765
801 888539656
524 919270444
581 843040823
637 785078744
447 392306153
211 885379835
766 200607456
307 557804204
593 534105230
882 182200760
100 250271378
716 732508355
695 918994330
149 330048365
552 902793069
941 828183982
491 802787213
142 709828818
721 340739192
698 236301996
834 958092712
180 169421945
482 713418648
553 639134652
898 41626016
534 84748568
313 463384392
165 603766384
33 437731251
513 991536600
383 585642504
711 782032186
219 910929443
55 922763027
525 426150579
392 832195808
127 840182448
864 88237031
761 445470242
373 399557480
639 549730616
47 391967911
306 265684933
365 501269232
200 129367679
349 591837911
14 212723739
192 910980798
40 467224750
386 234896774
662 415003469
992 736364774
134 636741548
353 634668584
704 592224259
313 502390678
905 702253623
550 692120645
158 921291712
177 244061282
56 108053877
459 658228807
299 181319464
724 321409431
202 602646183
833 160396377
321 368398240
975 182536821
165 718295209
247 917289436
591 262727813
49 251662400
972 703892122
611 134044256
506 346918481
663 947337560
608 482877010
790 373603554
543 802834556
829 583631345
456 83381443
303 293679947
332 697495052
826 389427998
118 867599174
430 478609141
308 346598779
674 107837718
28 848983219
880 536070348
876 431599215
713 719115742
729 400276153
780 62922687
855 237745370
813 386585797
404 207869477
59 183936996
537 37973246
512 98947041
162 297572567
930 375945346
819 781059247
817 958625391
974 306882016
140 645790315
86 379194265
461 367290213
768 744618399
340 755971176
71 151428379
938 34855141
28 341510946
885 365922280
573 690215944
304 879241667
937 487196138
327 956205296
108 770641321
218 854219560
341 355133694
185 364519181
379 688539365
903 310870156
544 603336133
415 355576977
438 18264002
795 156814683
424 635626460
922 331151078
459 831616609
947 788128565
176 447771154
412 139550298
98 731782320
866 811588683
419 914805158
877 734638770
759 492617876
796 484592211
973 752899401
88 542859339
192 885460497
733 478458445
191 715225929
774 684056294
638 455117197
101 498506399
886 105055534
109 295965336
570 260848215
765 450495156
197 733038381
548 392672945
