10000
369678469
929588157
18400961
138982934
781098824
987323287
213213172
568275359
720185678
625040141
399493246
567022182
817572762
14933991
499150324
910210051
25084101
903409955
379461076
372668365
318322043
987235625
451042660
868423920
592456290
176225845
333293470
779451239
478841552
242474977
972125384
848520020
172063134
990526344
840019305
953161957
830365982
53232476
373953667
403068012
530788968
773446913
970090193
348361730
788380903
321756869
111088132
813465003
77683175
490549208
38649719
396005217
330301184
489692378
116945488
922757473
518434574
450238958
554725063
997276126
692713934
379366798
698312497
717293419
369893142
390848154
522971727
52775475
296596981
896925394
455843486
827385949
670372306
278450031
28264030
311269560
600206899
139352161
124734563
530406425
482417720
163384281
926411642
812718903
505593011
895873481
587992727
24027584
198628790
995234141
21303709
891342724
374600939
572132558
461152494
597010432
962980711
984124221
649785906
259577691
881049614
105629392
86963639
403938271
384079422
115227668
715207830
836802672
107096181
692458744
367209096
589513900
855843025
146137089
254749155
213952387
42010570
695258233
237979970
93155711
690492374
111800031
984498434
917609664
683932588
298167280
514620095
499429650
282291500
16922352
759007340
15857465
122551743
698487331
272312087
359147516
666231350
987519916
195950187
625843882
532495012
415675635
67874134
240854388
561812723
322623288
454806774
456339644
17881520
692786743
549495355
560890245
657103125
386510140
331016260
193552064
684677419
845636354
692981713
819485270
862558706
304505405
835342734
837626800
2992735
107654820
196774316
521740436
947691088
245240854
100670
332702451
660916488
67974803
573556838
75245563
390598090
28363611
531585206
260995961
573666705
933596912
674402558
230769830
172623404
5418817
424321893
857300822
703571523
117303606
529302444
418646580
274325362
217161529
256273379
129834448
177332701
305564046
651574883
125023788
550804900
651675552
310242590
211721387
719650354
883799427
286966949
962764795
912163037
671068507
76277108
338346093
604665418
750679665
569115922
777288821
756098481
845954167
487105995
312186355
815774124
16408438
730832934
90099485
86086318
987106313
219933932
263419018
145186710
724025166
240959157
695991609
228217070
551201746
907712996
947867423
435001172
47196296
763148570
199680560
718264802
839425677
538026653
175446572
590105341
959658926
805251744
198720173
805613092
144874090
510906528
473903567
13798879
94255813
564003051
99885197
81362125
636453334
363304214
79065187
360478500
604263371
775056795
588695569
155465116
535286142
389079343
442982640
582482438
4744264
642663199
153263591
844169940
33206203
181226514
286791632
992865129
986478258
485511805
650994572
131352347
848934684
124898139
145151226
943190496
541417541
245036422
877068973
30387227
608340635
956134159
390865726
65120357
731190953
832077646
220585473
118993447
73673340
663568112
701475884
78417604
158747662
707255826
922587543
44470217
888482340
209379175
37335345
874960597
547407331
540846268
858829295
396342014
518260758
3980520
192048861
912194651
101533293
69117833
942581877
562390280
25251991
185963954
627510636
608959296
18041599
848096108
727952742
91714938
364180571
281944977
170132541
375444585
989200802
92720084
419914801
730199493
154615610
309766497
457676441
702022940
850612764
316505736
950881305
221389874
173002607
142930165
133584524
127052252
64564350
928682752
689442531
89816340
114646705
316953166
551291987
132688303
17565626
131761080
76919592
234262548
266222408
99568485
609707132
107939562
44804920
29621932
838139054
199420529
339388428
295815495
753959820
42517544
464837582
704841124
116423769
637840188
700287640
102524644
764892439
764851989
31207395
306851321
707184681
145854099
623804487
110993019
131058753
493886464
242754099
60494696
728149011
508976506
160063180
337856143
616916067
204868099
219994426
307571473
256804979
559382854
603386967
10764798
454416749
68224548
568122273
570840517
558581087
268409913
673365160
175989878
33261901
704572554
482841198
592962933
702943004
959162036
703955952
686518108
453048499
946710050
599529155
33713862
308202907
759592335
371570004
777635326
816976785
591564429
85206798
73781764
3463634
541110116
84546561
457880382
461851015
505185186
28720898
20432101
773595098
554602409
48938330
659373350
111691314
384295880
104852635
814634317
343457915
808808586
353668776
649022766
608034987
953197931
682736627
916237893
565306617
54306630
546389570
234799753
498387410
631596367
308581516
354367396
25222834
245644429
812247777
487073848
750829614
693485027
360022301
376941063
100603787
408960630
888830764
212295101
793256509
993683398
26929417
989230776
802491983
233114545
638253541
263043321
38828827
173506519
31797566
456651795
80329500
578187135
691451547
578716909
62299854
33063
933084304
87522687
98193843
597848433
574596535
701539808
143849811
934618835
78480870
244453597
196095816
819827985
456748697
989352325
813511383
336194466
831099452
468519717
421825362
321869344
731563038
460654188
495375862
763360603
917305982
575705361
194064089
461273880
6938621
256363942
313823294
940022925
343886629
412017136
390387709
918483163
113556943
386753871
853101997
44554164
631207467
49197812
716898501
940472516
891066488
382926235
129183333
574682291
851445951
551008694
896551634
435525340
11662881
391927495
51402294
781485214
967632855
245466383
95275445
974571476
501830324
409098739
767110752
845716952
821115874
10014812
616716466
787189169
396768682
322334814
684259684
880492500
224048978
253674536
820965015
115115465
636600770
950148347
542314108
340563073
353673392
438865741
776088412
217852624
683309588
680007058
999337837
503458794
925473440
94613282
330546621
279820115
356228372
97657372
978053419
29860597
960188535
594769884
817049765
209473568
917104698
353825801
89966068
141153675
607500336
763447434
108785491
96617458
566112133
503615950
437180530
919785524
942481691
65785293
137638148
478307630
745792350
989492336
981766423
523782141
936621969
312313044
803602256
292850340
262486767
634172026
322710937
75191654
81458261
992277053
284665221
998562958
198619205
374631288
992232984
806119541
138078722
953534827
902736998
556707206
309667128
192433879
476492729
104665170
258219171
466647228
582972799
4011521
456139564
564739222
527793661
245277884
729568617
183912268
538128224
992055383
818084293
713355512
67247036
899542554
705632564
204428609
750621863
904251769
579059896
595371199
562887661
569654969
401422377
318141010
126362174
711089504
510574888
455371255
815754674
768794058
922018482
251243824
625321930
230674397
815983045
5631943
475952281
398068013
189544210
866596856
242639748
860144855
579952367
162403135
612203760
138101282
366831743
215341974
894869402
945891639
810713172
310273414
368062959
64651900
628414423
346941485
628257756
991505662
654829091
296528781
612816072
429363924
547772604
238138001
660038321
216272001
243769943
988506953
614340013
285830505
855103808
856979760
145975359
287572526
19382895
758179118
278190159
386214637
973521091
173059561
184622627
636750615
483332974
405201938
553918866
964263749
752143422
182176621
955769410
259488864
478705401
421101833
688852787
26478005
659239834
201407459
95266357
755526128
189914411
709606369
41356632
897534570
566586129
39848342
37623447
438485375
798027459
315813606
824700011
624064902
488873166
861838990
113331868
824722491
267040927
667250733
788986239
871700700
701943706
597272001
131189563
33165458
18373833
820042349
59643462
530130018
21449808
7426170
138172498
63880570
717032539
179529129
961415140
136135019
219377471
999038586
574620393
869921281
167368543
251836755
346502534
656241708
113675744
459834401
333480551
233233022
979601486
122466789
104933721
681545191
572255141
88639635
714710648
443145326
908681984
626870462
825791695
782648143
634296631
963964192
699045064
203845521
143493321
512976555
339980539
215387143
364531493
914600931
85308423
531900035
166437686
284327309
40658095
132629781
744161709
374138645
365862803
576279546
349121785
470796523
110341088
921376926
559436158
825051736
217038603
320634493
304438549
42830297
955798987
791251531
859310841
654844050
995097052
855320513
20336957
335077590
70707655
384868449
102194873
8532429
916768483
268632558
145376089
957426577
401262338
889537798
331565221
767125140
318333695
680687006
90438015
428674783
454580283
502390524
106242870
524135237
823025016
410681418
419481885
631340354
54449300
278792725
138700755
49546351
134113237
159037711
237140293
57337243
543906159
339335165
918386024
460674642
607967722
63762112
270617570
861746411
805816261
602182791
481387903
124149956
135386148
571825917
405341090
442482782
74216440
511583959
966618018
749757807
922265376
386099902
233614512
976714675
517408979
372315266
878777378
504038567
531352977
115917670
413892162
75259135
455252834
184794537
388450128
915736907
101073000
659067698
777483317
906889261
113766840
111387571
883555568
249152987
683213487
141413009
691635768
609946278
652996967
510770137
212220436
427778694
896870038
445834947
257009720
266795368
818150213
135787097
770833935
202019541
104221118
184726096
277278675
559473951
369520632
665728803
327727209
470593631
177312852
105210526
229999243
291079691
69114448
966071162
540232677
752327935
107484170
84384796
214790564
760481136
595154932
279527352
40776181
344541321
725362298
297785901
611336689
396028862
433572997
234686975
598048402
537794115
419413070
727843429
949784417
641450053
246088583
277511626
112043683
423401434
235238503
194559278
714481124
304352950
13146791
107230152
909197236
120630961
191614947
123987800
733628448
639286230
256031503
774404629
983827550
981393800
72190529
447680590
229939014
358279877
682367564
680503767
896073991
954296985
408347195
698374760
595747037
654435777
975886385
560307072
77837210
63641239
607382701
644834685
220510540
620529491
752064836
129707776
741160451
943679782
106211927
327305251
435482363
362243429
101709879
271826265
196153580
26416759
719506854
278608945
384696635
254390770
959112712
133286978
61204106
219976258
831661737
656951143
874412035
660064473
69774566
804765596
723705711
677157266
302116633
944216250
150203108
54181468
926440377
891363559
850377602
32652303
71185161
285859964
247412083
172895039
557686228
296082015
199311797
129709434
574690959
584008431
236616555
533803670
717295408
297820660
753779928
401473496
954771802
480708314
61537968
877062719
137990261
637760030
406736336
440106893
434492632
556939444
346804713
360933008
300819354
197182314
246101663
372004514
335558629
346030097
544899552
893244857
642112111
596727700
875470642
216803070
33252482
112087196
603123091
750547890
409907855
209419370
4537737
217196009
690127683
66075705
94258727
680634296
703835734
353511415
120741188
138328365
910450858
320062252
351777725
211270211
517244565
450395739
583274724
852803194
796425835
980690627
598564402
438537946
577418326
326551395
507857367
610670807
438638590
110980457
213735048
701062796
320399827
218272785
918258804
863043861
136864841
865033883
543678156
840700574
71061649
516935696
831545291
981512506
836997947
35839367
45299068
206758864
486235105
628573791
912078409
135177291
461780769
363159162
573715236
39199094
689710556
81572602
502386252
128349145
45069411
568637652
681928292
217985589
786910436
452703448
81029449
923775276
170253682
477223957
616992201
241315330
994159652
301053843
222827835
683673950
189409561
268126902
742949165
675644665
749217044
655027573
810821956
210997812
18186734
237053543
102713257
560413641
171142497
457615860
541279137
68728259
26253511
223207429
286713847
665680298
675910876
367743295
441971925
846164557
844967251
58964126
87479886
691643254
212534320
162824072
227833556
401943881
283467325
970782720
930104897
32684368
478326645
593443204
96198531
349029730
830496747
198911787
909443371
854155595
656527646
303238859
922883853
535297509
526446287
209597699
200977806
54873514
429857345
642949731
753554422
127340948
554430208
693550659
818984201
619480879
856374730
899334108
21424759
139842054
722633180
804046008
25042773
53476176
397489211
121241303
402505905
80502309
172669441
164465627
934657903
829197087
467704486
710058107
217010947
846667124
919655805
417988752
901540638
202029502
913454834
507611411
329370449
320401393
201162070
871001
939882272
910053151
900205109
813823382
902411557
622838288
617869389
927454329
676314463
867874952
901211984
931336719
948377260
73881424
95802346
735551515
755594862
416023183
298125973
972605808
115206658
70298130
243110912
16747295
272327631
156565745
376875058
601698079
476967138
578037127
602569079
269365761
340606629
502774187
83189142
243018185
978128826
553574883
22988866
506959640
421449834
924200849
438296359
222343445
850598624
386615056
810411311
606193486
655154590
108537284
431315645
770361247
178835413
674426556
639624894
451163043
830992301
16499951
52861121
160475790
447053429
507946551
429841550
787660057
10720738
365547043
30678242
841365915
919121925
906183459
348325555
193088110
682900659
639138265
415431555
533499282
25753320
78359217
992209119
533424261
186896500
423524764
303785507
218248264
97951319
943410400
669411306
781459971
812426702
574788778
794452112
259480130
82735329
76810013
47140187
945972418
442357056
930334780
639854684
361478980
689034590
988180238
554567090
371935248
479834854
822514996
757950881
358104525
900874212
750160000
891528785
87770712
26201115
47830644
158535327
976668785
991241043
827946633
610645108
656184097
255251762
405097219
915664226
190503442
481907232
815320764
988992211
924264287
598171895
628846895
138259618
139722836
469543484
545343059
511658083
949378338
367858054
122125316
159999214
121248618
872285315
51527999
61535681
751002781
99358642
220071007
727671565
943116036
48017639
190833024
599300132
155785753
595930243
367480710
198805546
930353826
35317825
187797757
707134464
486006072
669161003
845394081
625728907
138704486
243253492
137386990
940599175
611111545
112028657
100598389
732360162
984313971
4642739
793895842
587833103
104001380
13966849
168021019
899633767
914500839
358854043
351450251
922802943
954784285
718930960
121608489
737654462
606765136
161922597
444788925
92771207
831083599
142699357
718500114
822304436
385952848
708403455
615419963
849580745
820432111
568534703
434457258
657262433
573177441
80869452
97611887
529695172
94836300
265632905
281845290
861853490
624486947
633295540
637172785
431787583
204742851
758781273
169442044
811507987
920703869
466747320
904279193
604303819
609446677
475295658
426608254
847915876
36215464
42028216
697496620
709163926
463079270
131953878
218942710
36256710
65339681
316554596
418468233
12692332
582187501
700313523
874545821
206674447
186125414
364234957
638462030
390868265
123016229
660420425
202376251
896236449
127167745
959171795
353056619
589130773
286983805
779664873
437046648
323199268
674209440
987059620
32363194
137288710
971529849
103822255
26061771
36869529
420376851
297046356
49561860
2564351
849876230
776624032
61755149
36001643
140858989
700217178
426869907
116391569
213153955
481762509
865144370
340321699
440934304
218200988
929452471
727918108
850382212
219015470
903633727
377108004
58591441
788513272
366913065
30121289
892335527
245491187
66990817
312712377
542537542
969069028
167793079
244930123
745693060
229548227
280931766
739068400
929765405
560318024
855459968
142919359
42080533
573120689
335757409
335531188
791321677
117726231
63449295
494220240
189258052
819599373
871328243
247849493
608112645
238241307
277970781
352964523
483732494
197477950
665676899
878786387
19063329
833469977
123716510
764756388
63018203
257164627
356341139
845299959
817482650
64317459
840735669
859563182
637438147
29009429
47610721
281276175
146735659
111060015
775496415
188510063
783175740
646824657
436359555
243804736
737582316
714330335
596769258
73831161
764324636
114962508
952617547
783387965
948432484
76334056
400660704
863967038
186015034
757001843
561783349
3497684
821319301
255035369
715577217
458757447
136561150
763187938
740033622
135813160
726764304
368046388
324323222
509940043
14871044
760682776
753744778
604969711
327529463
203030387
678800871
91854098
317992894
631418418
875242062
118941729
560268825
128419118
982908767
746283859
885420960
397208467
602297894
706740260
504760187
317875110
18014058
641321336
81063047
610564031
777134496
660343703
978610418
101457717
22800097
845997814
862140493
776544875
450967524
42186307
979575261
129768395
134040404
150084507
613703164
861798818
269026235
26488340
990217935
104451353
625288550
875638894
501659819
227586443
434895505
6420006
397977905
305425914
500257693
331557303
915989945
277392188
991901005
894600362
231366257
14701102
593114527
93506749
643762328
44082051
135693055
475853940
26366797
122249810
625938446
492586312
984048627
894964681
371591003
826782913
999416033
996879553
554938158
353592204
76982347
989833662
212528561
474960251
147775928
712786253
806517554
63765872
990178441
798418558
810882585
74061049
665636011
403997112
20084149
309398338
300595514
8293555
785252278
179478662
130543364
263707075
524581325
967108343
158671755
896172327
793891255
10604140
893051879
201345765
364196343
970034226
43695778
576724903
297510828
191471705
289511155
104028381
255237576
132205947
754963291
66120161
206266995
420599301
322633624
226351143
582513991
475745489
234644697
220282620
655224150
217704413
483989694
32321826
184812755
642661449
928494152
831220361
653265588
674062383
32566125
17461930
496612960
76261903
446703184
794123787
267733607
736214338
898152168
375487535
720936637
505631810
294124047
927203631
926231110
616757670
6071126
361261452
92503158
93232174
581544071
600243659
310936586
65533765
632565484
495749340
560711565
413575987
179486053
66493504
87638369
212052177
83955433
584251328
140830431
383174968
230891467
408564038
119389305
129043634
784051572
692842293
487191795
78175618
472562276
265939256
547449639
478633401
627200708
492469148
571865574
208744778
945229158
882802160
126794894
430310993
231067851
687506458
843886979
410553903
753999961
931525348
475122432
690471745
368293027
615952862
73646712
599184493
24516899
45552369
580744478
661084822
738394661
67936272
591776791
63473288
186391880
991742781
542106688
813592587
336728280
966488614
22337364
281957437
701807125
1648610
712268429
932874975
689155067
408671760
195945230
443155028
192713459
671067661
133626772
561006485
139536874
59789836
12707330
16570125
105342204
445968159
677654946
696253216
366420783
121948089
759726504
552812662
113690869
154349543
366405248
302935501
120838156
241258963
584892937
675161632
242907572
149677718
460552959
932062639
558349477
656498188
227734018
751062935
180082200
213877141
164585771
319619073
126183328
29809452
336189197
84041883
475777611
866360495
780295099
842198393
988308583
392537954
395011054
954515803
399403848
613932653
109967655
372758356
855191615
694860592
47919987
950615539
697054661
508472945
735194529
107920489
17487484
962928546
858983423
50086035
29322038
876085545
369705108
155505366
905894997
558410656
239547248
381672607
424771150
872358698
76387351
265596084
117413003
471398404
72628239
516816851
85331056
182595893
889575206
793039022
729972836
937495192
596170912
427027496
298484489
331365440
534947984
168488324
146810337
246447758
218574359
28648727
122533303
588279466
184154092
880944651
146690121
276217691
115133609
423977623
148576389
191520959
542090058
265989391
662919362
614718296
782806241
600766769
649830541
524897798
246322142
379803376
314909342
842493054
659347224
613393830
26374845
46811559
781882153
25701534
293259317
456511
54350260
268308971
441252328
238504351
1769973
440458801
514722041
116903581
716952775
515814781
308424539
259042832
781804172
971343900
726277480
417126764
424627020
376108020
942024562
523465513
608427747
109450255
218474918
267774970
722844084
244849763
314586529
357242588
270551296
460362197
210215451
324901555
728671167
503984130
415922257
730441139
944442930
930644297
847344719
513912056
298975430
8285609
772954888
80779601
979629508
351748719
350422716
256772879
727856738
144963629
780238391
188800836
254413883
998713309
456575806
829774318
96079423
623678686
39533258
219147070
84040882
249748708
544048624
665228400
753732837
959970880
248185890
550692119
743131528
95530608
64604174
42106957
103816216
690075413
975402909
935962075
41824131
178341977
45251305
622197220
175821957
678006047
810998056
430235840
529235707
120090213
112526509
625315129
743768898
152059766
844462198
680326131
401808473
241027173
345554530
8057662
53514404
593740419
411266132
649162284
541787378
328386657
543785592
498119945
18462070
371704853
286598371
912802552
550046829
184366027
387516124
725868785
862372073
51030531
8620976
391607780
23637095
121147485
869439260
767405992
273207250
566417810
300248474
527532075
807444982
645803003
535589736
713475738
92059773
946855867
362638021
486363502
127758875
906423612
984483446
146220944
130644816
123598168
911539848
680691644
307964194
151572323
259076781
22852618
55119205
120214108
414460397
78756299
241361592
136416009
846162290
367085194
702833818
146410763
894617268
362795151
644730117
282723355
76270888
589306241
82095573
291425260
75669742
209854447
50365224
912669539
208591743
181010039
36267706
120131590
861701683
196748251
124220264
973294815
219600868
179339468
93508922
486577617
258095766
187386866
622993625
956774407
554472059
325827442
955701521
449089326
688622592
452947989
731812680
617409832
42254229
813908252
908835091
117923970
23762698
959200314
883109860
84870792
140210353
771893917
57518733
854428387
968642167
181738996
827723201
40759386
213594815
773748474
527337002
471690580
961135339
2846978
280981338
515607397
328674419
236682858
817213074
869813363
689630846
401542105
487223194
584401426
67966708
248574636
554841747
91729406
207774950
437951606
29116549
200501654
62361874
86635282
54930040
31004040
268374277
735169592
924279778
481969092
508918065
304133131
806176023
322569756
306980109
87157361
838177152
635654527
176356570
507906578
357984241
865987416
909448682
845207434
302905193
977415390
93782070
857746940
921661147
154073371
148214897
950777695
354575024
210576771
37412976
262021415
94097162
158303605
997191006
18376939
640272696
358625422
322510070
298965070
681195177
629490178
386122430
371888681
117661056
562479000
879795258
475645297
280982767
789243939
173369082
583887959
619175680
119667503
294151250
540836826
126257225
442366147
344130873
480832248
652942917
381543848
742853662
747040078
539847452
592561019
765417017
32636499
951186441
940443438
331601569
632381617
422449967
570240350
4270297
540111022
132719349
736581906
868272670
266218467
378342197
41641752
702622778
997517876
13825606
996774027
390871054
140082831
439140173
735001926
473431430
92083089
116545773
68801444
691639519
508909577
661362462
309572887
394062427
612548902
250016324
725663995
97446871
672466290
148420697
954233519
65093663
133656397
690815425
933366333
399874864
69157621
827524436
102497641
919191848
693866393
951788019
310062901
833949223
243444544
45064826
159897005
188043984
14126951
228698448
879683502
375552879
890060909
189256388
769615305
355126163
291789063
347795652
452573033
964255352
496216348
259322903
881865367
629872744
950138327
667748051
882263959
871812299
347788838
837277951
643520499
41655230
789065970
953583399
728120805
32510513
851164577
888017809
73070848
717807879
116716256
952754350
945877109
6777164
142010737
568008765
214419678
286316152
915804416
666992710
103087855
264537115
926315613
984953221
746926211
728970291
652701271
629190169
453298942
490108
318984472
96819440
894661690
108050441
902919190
622782494
993077305
606600118
363316654
66148152
176924348
480032909
871418853
122801456
339326424
865945942
543326573
553746102
152262093
311647340
73255163
255349947
576184455
852087127
92819520
175627017
433573770
745520790
804817185
886872711
598527250
123801656
836208502
345705291
84368448
591644043
968487784
929962104
50760513
184320789
848626608
80201212
664353697
572561812
55519020
856196472
438507753
598845592
262458925
443286197
910492931
335714088
698636144
339193737
40317566
791455663
514820753
473891335
389492804
172154290
213280397
840536405
148472297
49488898
186241695
85357097
493649293
7245830
15319200
396926157
191566618
716462159
477127368
708436666
141540323
532646387
564633138
580048075
131491978
827092062
23334272
41984909
15322501
574486767
233694997
55640067
218458781
748515750
529531401
460467936
920670039
742811798
301004341
69142335
644817047
339762387
154499431
990982691
347008217
22334983
387908847
391091186
591313493
865036215
99527852
732853815
250198953
516677341
165418242
381690931
196285754
41268865
276192191
211608255
615755631
509887187
119764673
686730763
110919288
649296073
147198698
31589326
244624222
300719390
100731661
741957621
640481777
107747443
732940311
987489993
130082425
973365510
231097530
573912270
690918076
330625381
306766084
941117028
847302721
472184325
175324310
43588475
513453189
451516500
107713081
981725171
813920039
227477753
668455933
924839326
729290177
668170983
956428652
973914399
968890372
909676664
568388371
609372148
869940458
153845033
449378492
852539235
127210542
680476022
426451504
818128617
863617754
585733939
611761997
563436827
57918264
787086306
459541653
423887804
91119158
567254733
258129327
905039196
647248837
926585259
829878521
376539013
447272593
638823524
202969763
416162965
401016539
771358133
878051464
123473349
925203166
179946308
976012583
904930059
860422329
254980438
575575028
576556434
840714376
187337024
139993260
751148991
974423329
599534912
27553147
65542486
19305996
285682473
823098033
666554832
64784083
505492906
895610197
512056676
144316429
98579959
928219640
397849320
722454444
658787455
521322668
500173961
838733762
349851602
257620371
551672442
604832039
833195398
128228876
445546414
20532421
120738487
49211757
847472102
720273399
76764903
765530939
592095746
362447375
441145324
111166930
427231457
946638229
6777126
939288132
943471009
957873436
720024123
193836680
532844231
378811578
715159347
33018191
70061691
65010948
143154914
621734133
522359338
976350311
749963008
967905752
849399084
870701494
17117508
549387537
443491244
93882410
167434827
35586990
308846136
608580150
146753919
736077592
555218378
6047396
675365724
351205739
963920831
247906198
545042418
349281414
626717775
112718117
234815956
696779466
30245416
377970869
171029950
552604754
354321180
920992957
373026857
56236615
644210802
242660716
605624151
940218398
189059477
773058977
828321739
497905612
381639127
827592009
233983203
789373856
833639404
761865278
140579594
650076586
9771476
685622012
999357999
489005602
798340128
86690307
38301419
828585543
464661175
209331368
233706648
818982354
130324324
606733504
875218968
627051478
849394219
333359470
419786227
38453695
106418447
248107965
536359306
340573925
75699973
622858861
129947780
761855728
384724138
123043726
264448665
247011965
808665737
116323016
736017567
459522216
203013322
774318985
140624110
667674496
983650353
374330758
339173202
966491028
981064261
66908521
446058857
682974832
400267991
865845083
721428526
359202789
113953047
110304184
699776713
42169371
733163044
829724492
656541450
970403533
952768217
773506467
217415498
613950305
889829482
953433064
925988872
945359155
580268400
66612982
465550002
563918752
293460091
804723203
382926132
127040703
724148076
828984988
810015534
124416066
694830071
383960412
336135206
661299469
346780947
35911918
555985192
79943990
718152761
65042993
902863874
523437330
838549459
120279371
137387634
580895292
926228786
915892858
378770798
359013538
835022191
844320800
922932289
128482281
501560354
158374772
108039335
225708429
987359760
770571221
202640846
534706182
7047984
538776051
48522002
353828930
427204320
604507193
286289271
145357081
522066538
189153144
668794410
213132348
161948867
658698395
794027640
940694004
427107604
25314789
299707541
262129794
869635588
75156182
243128426
371195942
233530953
203684113
449420722
73407064
974255333
652061568
608113245
981303316
43353970
656635247
335132245
470558290
113658791
621421515
468431722
635725328
663091010
137226131
848857676
825039876
648440877
495401667
618250232
75548481
520716455
917957772
190194626
390352043
845630305
285839404
614064336
79161258
489523516
63485057
5084673
463778848
568062976
613197918
297598515
611416946
269833164
632730759
934491587
383491954
106668625
402923308
19217282
769759634
392665790
720591309
447315862
893623018
215992975
65566093
821687850
736709429
836040216
11882476
979577823
534186873
150238231
593642158
465864482
639761746
509643567
470949154
103540593
77706542
84147071
253655459
541639839
206496586
886386217
476131425
589988540
845571193
731571084
461722173
467847178
124236873
34829833
915163039
870376243
250822807
833245483
692064092
840048587
521802051
556462919
819626410
55988923
706701149
265784919
374369756
198979246
775428485
845318909
155036190
705651379
929465980
408691648
247291217
135962565
147594216
575938994
578467456
993165408
307510077
892705980
461012586
284263302
927535812
228691976
7155896
30874970
914453811
699219987
870923557
288772213
108199258
543066318
197277487
667416758
808851236
571647242
866396004
436796073
416966150
21432193
142447451
198948481
430123841
242255019
187427398
577718056
818194012
618411205
423399816
978220441
511117185
884412401
115000094
291169348
965620728
122155989
322044318
880074538
821375975
192967874
21363102
782091584
736034191
218640588
449508342
397401778
790287829
168420697
686714202
59770331
189852889
681678004
258718811
472493081
923933023
298662560
50211137
594643386
917073765
326127304
425380178
280707301
63056056
540380271
571876648
28676783
662536259
893920965
761267673
336428586
86888838
782630774
118520169
675439380
1271362
420544862
925357510
791559190
588965558
612071711
851329520
778818447
146266067
962564683
103827879
70199089
261227242
6555367
517358826
30817358
332682670
942739004
311524658
395738725
335635626
883401306
424415508
998171885
777322270
38199532
334600470
716727460
820830305
305636990
244683191
822101666
726181852
22557052
466177208
315147409
634628763
170023079
946482207
780894829
132587761
50310086
703610269
246331355
56865452
73485446
277148712
389548122
868740801
588673370
785286846
204376427
324591027
62218705
55064663
101913296
100418236
389665132
671157107
921248541
695302121
768356650
595866558
274000324
790913701
914560117
589147733
278058815
84583196
388146291
58953643
69687308
438456376
615080263
168535014
347838180
541082061
298200078
737386301
409822861
886873447
375189498
466715639
63980825
289924555
521780301
18410472
390342790
911445432
689567579
164107682
459263905
310440580
612490592
733264228
101354280
527050708
174928312
379413095
464150255
563074603
290883089
386353915
854047330
758479704
407405280
201885509
299561764
705605357
791788161
561900976
444995155
19494011
28616615
508975979
309418565
550396915
527386451
699761354
314358699
69470381
716385388
626138955
379910960
328875979
211919534
481265239
708443038
386847846
713194685
25109645
802438800
4077774
411463559
656486129
615073829
818868838
710887990
914635592
376990547
502676150
329052919
821985701
522170160
357669533
330961680
831588724
760582800
858348130
383866430
74941498
927818510
100251817
553596804
160245821
281644147
765516337
641511059
990087184
4880534
207222096
15196828
807319333
63816221
279176738
316321814
678890049
950561928
27209803
446041992
327552474
382402304
775094910
2054526
904572464
132764443
333016205
588677539
745863594
43880686
825060320
673321443
824215547
777828488
226918246
984461367
59472634
992434582
478488778
902076170
997315116
685710873
769789349
657150800
749527093
901482439
973472613
428417141
852044366
682415
874459132
32113191
235601071
502070393
34167716
140173534
487351187
219700273
581367424
233214780
263580958
258944096
906536222
87796505
36772583
985970819
924774223
948761569
830921753
403263000
703354090
680753220
88973872
325659790
337904019
691017316
227142228
163892984
119434456
931702945
17091750
846409939
963816135
252692820
200996684
850500203
245382705
688347870
70200475
826750129
921562650
186297784
85694224
680615223
126610640
974983158
519102394
51384863
923744726
350024146
307164214
479615167
30777365
248654438
805274957
221197735
939671753
32417184
385090718
911622561
816636481
402182468
610548851
632968967
654875287
811545534
483469169
900257992
499893404
406185995
579524472
273972405
592483779
517735047
807103979
719094418
345234556
326206372
770479280
121495634
528746869
77643494
601110800
412040585
178814283
406385756
633238320
118486035
291319292
870845389
30108595
107955772
125544208
493173798
593441090
780419495
304719331
76910259
533193838
657129086
335612605
965234661
931101490
928096383
335486059
590721821
647190801
680720614
916928192
270186432
802216247
298191413
200346277
403327047
710231997
379160559
662229154
195986668
350162946
953548445
66832057
232787892
914020568
192376264
725961689
359978010
825312110
30681020
289404620
211022299
540326457
625017224
176256959
323944299
553113607
511743017
914666119
52820759
44979983
684110662
175523542
847196229
982302074
375869819
103039627
692534071
607546729
765268781
888520738
957709674
571333577
807869146
190497566
337870497
245410
916459254
697848506
678073871
799656625
987253125
889096170
192499434
612270348
65353128
516443732
17900306
429612497
431109850
70721064
474592479
115220511
98760958
174305059
950038937
474630776
277344686
495089359
82177504
42613466
236126448
892403530
613947042
43995594
82901095
951817538
896757355
851876700
502182395
574831225
504049677
489435519
316443746
696549110
954222219
234313226
65509193
972122524
663925722
496619042
895359940
991034552
464355904
994120897
165339610
266911192
321268024
442684295
762000550
255961879
337814112
998126998
881760
951761154
42122591
83782854
756095043
791396297
788175906
110793790
218743873
144741934
600229308
535187619
693807395
406967878
769500844
759316587
231606754
285942917
108451980
126966693
276977468
572807883
973603941
294833429
839719075
147388316
737517724
454235976
255866546
75331835
452362973
256748306
879609340
347001915
193047511
488220735
138398211
981223416
599014524
209658436
978481701
51760183
744846054
672289095
458728061
514346897
284122033
690334814
800289813
392574012
669817858
929783632
965381895
495938150
224617060
657617321
495842817
814651135
111853296
751709362
742499322
416732621
8457667
474625013
616250887
201505178
962845747
607165450
35244945
414376622
816823885
13726646
318653157
561669938
538532092
777381217
928533186
822654125
320232382
581339350
67744488
842566591
511122981
33126382
191021092
588256392
543260054
686863908
402907527
507629702
438573269
145406848
776878674
299547288
472548212
393129560
501052465
287910311
295009
388813761
702286932
669635245
255056758
20940088
83821534
793588850
650837656
12354719
468759326
823586389
593694068
536503813
666152979
957333400
422146547
857174070
545589792
817922952
396554329
801013670
178069005
835127598
798936869
954947678
134674885
271485080
200593590
488243701
559395390
53404950
877057461
114198674
723040195
132114219
987655113
806861728
778219420
491009121
819216447
99495097
314595509
265426866
488515261
833264840
75276618
910661807
542955261
620866409
581101111
939509590
274396430
759170115
627153539
73333298
714117793
614344775
197334729
914711382
102588475
756730119
968116331
832162287
723445144
543672877
816792857
711100256
350534605
447528628
54625728
22267403
399540076
369221237
140210620
888055337
55002428
215487237
651233495
597957688
836353645
232334605
537467277
110750074
991504720
17137167
36599723
558138864
631481941
233934452
325366597
586586767
843180922
145999279
271265406
566626065
689672156
88058262
130242672
892723112
388103242
184868400
914990514
787643317
406605988
55201133
528215005
461608415
123204722
179448500
59566102
959558366
264299456
449549731
922824792
108320527
466686897
811940866
666459390
98168838
45875317
844342338
684755604
741572590
990341617
956021009
160715006
532530124
896595623
290957678
277769587
137215216
328342429
45276452
777374884
734948416
100477584
305589889
196556830
76198657
337554740
108639283
35757023
601854195
558189013
811098166
710174722
24875910
475555383
229150463
123044747
373947052
73492801
660316702
115519641
916350769
468854063
276234647
301397244
217966037
419708676
579166830
207697604
748051104
624443281
985072487
482999519
577437216
143178727
532072700
653635873
480733466
640711982
541909247
82587661
198900995
205523764
792762382
76293256
681079146
21912844
51854354
55026197
947921996
712171055
23062190
864272764
33541469
299296836
18186359
104023857
719005511
597353188
311721460
319572966
221796468
296793947
802572484
799233684
439972673
187161535
305385908
920706139
827873516
847295154
855810151
26774510
52818917
501088884
103067765
733898062
375518079
7438470
641440611
323440075
719609525
664502800
40229190
605667345
963799635
58415549
709691202
535321497
655768736
21412661
854894462
730081556
170722959
509983297
381831591
610695632
697144831
687217498
383918122
377534698
534512651
92244624
256825560
439847919
593333507
212409676
26262332
968851585
219848146
667702942
144808011
939457670
332205741
185037201
397641366
148521727
95969101
107332567
536359575
751737836
128745228
243770388
334335743
151984538
753753684
716167333
762680169
303414866
403384830
999114642
680949564
790413832
91359265
937775123
230261750
684692771
2701150
256524082
506060708
222549295
924227023
650868718
14523316
108949116
835905918
412164682
109987194
931875018
519497248
646346769
536129206
500758827
890117156
870464948
652743365
496387192
439148633
267939885
799802057
842533462
119570879
333267972
485463646
210930143
123559446
715725395
748139266
126260596
824765828
254199973
348809890
601509203
905068690
363333206
710458318
593490960
775497887
820445511
377882329
147511486
319308631
766527886
500786665
209425787
489509186
6046381
705812978
928657818
273986265
358131386
623707631
393557143
543915710
109171276
457003638
667475155
677413023
205142903
646252102
502178850
311859227
995061992
103688052
69444268
210911549
666662721
662935227
838925787
339624584
893333908
986437272
658933214
659861793
339740288
720875352
1887330
345786668
279204681
930545147
619772933
637336067
554252778
865846427
33768128
515940405
322850064
701243282
193353427
380509318
200011736
548048629
692368544
47590079
504253032
761812812
258501627
23432105
277264390
97427413
363056688
170598297
936381036
874506253
682976442
128637676
595381605
684863771
474424343
874586285
615408918
94197275
364438703
22178047
812560054
398206830
538118451
135410117
951966464
583988230
368435787
151978199
132036858
60804330
199568277
636289889
822617141
310586255
659721993
99881531
260530019
875295032
122996179
49427406
749801285
805972620
178065081
197699241
343352743
652489424
924801877
958761660
599203050
141756932
833456058
411763103
539963761
224090860
399689572
344446576
808079089
768125358
496424774
940115946
681446039
548509402
428922187
356579532
859095656
941160531
308977414
119625674
816455563
431973592
169053080
418773199
90462564
347118160
468988791
433815306
999607583
393790667
245093317
451326985
535547598
78549374
863090087
928027711
155156585
115296010
272474286
963235674
735937719
621415412
755867971
417383758
169924813
37306509
773963289
29020469
978467040
82940702
1162494
647438954
367430645
22731925
66212152
310409560
369850085
387717294
744224865
221974019
781507960
841834533
673301003
169571910
772900258
388907442
97599620
928056843
356719803
222590257
891292516
92657522
844005668
499676838
362557631
866446833
536983347
136520919
747983653
515450386
71977972
749146146
15405691
291924968
771878071
81617842
602334528
994244507
321851487
199075744
68734877
103359446
40910277
742035880
125447707
666326886
983459673
75563678
594383728
340179475
150670287
338192595
285353348
994675954
837869433
647910978
713639138
227369131
636948248
461622790
742819516
561442571
63285288
758225206
853367539
687679710
692359399
308218418
681924216
14210885
359810513
750659092
970086682
253237141
345211323
948050741
919564027
181187347
23614418
366464106
521366822
26801056
704656701
806720169
21477010
395042485
307147499
587632499
622411615
944095746
49255289
217747482
505538317
965056928
828489039
211422207
652736637
373364789
372156976
187177204
240092025
731967488
790352647
62695058
985204629
135563970
10745798
904768655
169267668
886876568
123749112
690634489
913677623
828405812
349871010
787670984
75964648
657018508
375303483
550892614
453630605
277075123
768640095
959168921
94648402
449645485
23107479
747385038
823010273
395264454
787078593
63102297
127231942
577431239
125797355
964952922
565511560
136543152
722237928
734779228
875936071
845987039
277930068
789613694
526909203
480317429
429801029
602873850
137335936
805104511
6282816
443482893
934695985
774922910
255168165
29344386
77084747
278275644
629245775
900095019
526056449
416324367
963197316
505804742
846271958
941511022
470757663
264299869
930570525
45511942
999079096
806506596
891498981
129525516
448636641
418408183
609842944
878437669
873798384
599695232
536058532
880081199
43178124
323270868
507520461
150862640
352615254
584605207
429138283
981861028
484700225
955194732
250701747
300413892
313515825
96973704
94441265
784273488
213789924
25011790
829785429
65385372
684034737
573800761
194910887
132671377
992208943
657270182
863625397
718523679
109481765
252200280
598604877
5176240
575471148
106125337
156038880
780602753
543246895
585177162
614980132
27947120
392888245
865681878
180877363
706404070
815171933
275318628
343193909
28961857
152846769
25495689
94347228
836881505
599296450
141774466
822069233
444021744
799044647
538210981
15061774
908526412
790411261
613666651
913702651
218398760
572308339
69741530
999001512
115555234
507435044
466497995
996018705
752839640
184696225
29412419
311760061
999868157
157247398
654953969
881346365
310094166
532966010
828209944
146975670
132262459
822500761
969044902
428800554
474061760
359772235
443862328
235104523
2699847
910045330
1323525
221098606
334870020
71065055
72616469
302941605
431016450
539114463
151476661
36372441
723810687
180889080
348132502
576195196
338136477
3086470
310057912
648230643
388568831
990784208
647722664
373347641
813284968
469283918
802148195
139863079
829056152
98526874
374967601
831755998
8572203
376291126
52854603
195958574
299872532
977987423
498900179
730888981
369618237
650376839
767261421
93428924
831265918
115393922
522140471
21918747
970996744
684714734
522665741
212081926
675498941
170388404
585429567
341300261
639672321
240094113
481163339
321244824
338620986
856130940
153000821
199709540
84938417
58371775
395668113
384810948
36359197
894568291
115699928
258493786
397461482
735477700
204439061
81243751
703387974
726579531
103162497
526901069
263810616
625828237
738982994
939309557
648732993
176928912
133126169
140921665
417023024
466805859
462166489
755644009
175453150
615167309
807869900
260391566
526055436
56054365
645202513
414930984
950622655
613418792
673424769
200600488
201412844
877863829
281844239
904800817
456959711
385006735
284218237
720770327
863351324
875717582
512596235
512084316
52646494
645722403
653005980
469669517
112528261
115172468
77829878
140497763
582856129
885699777
400889328
108911564
941754141
46091841
376358899
744893148
659510632
49783668
945493635
860923475
927647496
79854225
618240643
237123559
464860960
754975231
957893885
180728635
630692813
470490119
692812950
535855658
968728873
198335281
5525174
933773485
166024101
935871403
74271247
601396581
674087532
475160575
562824496
468358024
373768767
939183394
65767523
33279398
988967061
11261158
746719225
769130909
91115382
217476219
6254467
408492693
972451450
816664703
589221327
455660614
139671173
134550628
991516271
108400045
185402261
849557796
42173529
351426361
637945551
968961128
952822941
312033082
296638054
368163788
780391105
670406820
307347181
846158628
556202569
148830594
709936137
155438145
770477854
653567870
372914364
629248672
914576915
197882165
445913374
356314593
506059130
585584546
490865221
350091752
546500942
676267481
52165899
441190822
880210193
690111449
410151949
685549485
2144530
706790002
53713272
635051987
229713173
213576804
333726966
785915742
362407397
896179454
941353886
132885250
402263675
166784601
614650273
316840589
364666765
60563646
673155182
870725894
498664543
16536754
73333997
45165484
545320586
125499896
338872658
425530778
815611344
749024606
111080262
670272226
308330960
17309885
157840564
538044132
230886688
491567529
176476225
445810437
240263334
117830111
431212038
642527008
284614711
45862311
959367597
501797828
958942308
485039130
225040073
310123203
354092235
298374070
207805038
899412820
423873965
546677695
177459949
239485308
148218653
141056562
909757533
456549612
158366446
67598096
847110095
241769485
411681976
23586320
687579921
651945309
141416430
118791959
146988669
278547492
17170621
106356265
780345319
976112928
443911746
5385392
286236130
798003980
156275813
494041168
549933151
580149777
40718862
727393099
819635084
41453866
868449660
581908969
498003477
26816105
502023416
197629924
121101941
766221744
221216243
808681862
270683404
215149024
927473820
417672072
346212867
944644440
376544688
126558186
773273719
820456433
984459929
59509849
470976764
140735741
406067368
20909914
573401869
299302581
600819364
245553304
340756447
469269023
827462272
691276275
348601479
182002040
888906198
469703420
948223783
110122440
130901633
71423538
177787815
58375452
489095610
524000682
855536243
865640297
503075219
481326313
538613082
340051499
393352513
9589845
333303591
799419880
883016111
906705459
951238813
336351826
4775114
144511611
805620849
832237386
835787885
6738679
866755777
724694083
328958450
667495911
687332874
459860082
738919448
717637041
370751885
228015057
94154074
78804479
93655354
597229292
560130792
484784787
789797142
953483304
346890983
123100732
605419536
82423445
882322542
556658348
418775271
887097655
701169958
76912471
571851392
389474194
83651149
291123520
114168276
412609599
958619430
654017502
872469680
697538878
224170894
95737917
778070286
318324967
174542395
724241991
915554258
734673186
209026777
557867751
688156490
555917760
533484834
146092377
638341204
268323727
702750724
57116474
7937733
256437033
134028944
579789125
645911226
70196445
870912644
612595854
335322395
682048426
119129707
60308426
232103655
343300600
156046342
10173940
661625566
330588737
734415931
429696175
65261922
795959059
987563925
605934763
204393170
373565110
752027139
842734374
641888836
307294214
752367199
649826568
563731246
738912495
82132044
62158824
661625291
953044688
527271029
996947685
487609465
646400735
57256110
719713119
842217686
213302452
729887058
356359603
543891188
316819340
786055777
461669461
112778399
626136053
67604224
169687920
999701162
819631362
12422293
494106349
126925576
617305844
143932916
543173173
208734690
226064960
457848348
870359980
31625999
985119376
719824016
519235463
484036462
777080125
91464933
326254147
842898928
821351990
682613749
239306467
990687682
321185877
700975928
955982432
799838281
768580151
125670351
652055794
440727864
990608996
146162142
420169791
460431191
142611410
815859316
669165880
368676369
273707663
392042211
252818719
111343391
111866226
772054181
595379852
741462702
863519113
921633999
436877982
537387454
456764099
676184448
380591487
630466328
377160375
336573918
430304608
998256877
314760621
82360402
291501093
305369616
81038895
711670883
765800806
223650304
380046550
287483037
444843024
653754213
532041599
697661742
765097603
496424176
322232274
212993806
90403229
38267738
134627804
527281210
575655192
443908255
203465658
956246678
74374582
433142384
145336948
357195541
431399261
460097568
292072294
722900353
617983535
225627541
287087587
236300692
449277844
667134137
523783728
894120868
173404701
55825326
444298961
791018655
404765853
766531235
4012460
495169081
804798972
991156616
22450291
232970515
287581222
78432300
41733545
214472155
511574683
187070492
571667695
942973943
499684411
716256341
518390647
117667945
941883881
657994586
353968636
243678076
177645074
730268715
137798943
351049774
638610392
434614256
142068428
43376244
201145490
998597239
538545324
5944461
989753854
413511966
91431328
129851427
491944265
133164872
344323581
3518948
320235363
915991276
799009242
819919773
484763968
169916241
790104069
426647848
827910826
144072704
670325923
5555899
726857770
660641218
209122024
365468161
95255473
203706803
261360756
148917314
202304041
799906079
7378126
44574247
65934397
98809453
174425673
557878661
231974324
518749254
561397608
404726038
287256881
212923202
77162162
772020848
382839442
867266230
51185047
210750267
863855285
574027321
68822517
590713054
87184890
277944540
808697566
34956714
481651342
70058321
183874027
683955382
722480752
43768505
581045980
788415148
142577957
755471653
346293808
227068633
126737258
760207768
631794670
266510490
973130969
708956832
38531337
355970410
576223061
942232735
419237028
292594698
516260055
488059544
883307751
603444945
766004083
544521669
638401658
247655424
614579989
674792037
784127157
189577092
718560541
365173137
977992239
861138497
973161141
176802399
88207129
99898398
937010166
572518151
218925239
910141134
281474982
109972927
118627895
710214394
52205661
537864922
2809091
420982067
25924465
738633194
24427011
644444899
283154862
515345021
892100322
750251202
42653409
528743830
939828294
761213949
893916966
917820532
474868797
719594458
94622930
415592278
672009207
884149447
988110428
890934445
646806932
122101761
907371
765434826
832316154
53113031
155816099
835125245
326611450
34256915
426274790
203554812
678701813
709429651
718899832
423318486
312197204
761553240
952062316
252025497
375283540
698495633
22362381
850152337
270606443
969501662
265744614
942615649
853651109
106371393
833550094
352974392
228473153
686973816
118409218
60789306
592603199
126741668
748430902
919214648
13514935
174705691
122769459
692216747
736651693
694185643
968051585
48848897
308255234
772630252
153390745
683538774
323642236
175753125
533691110
594248678
145254787
651952075
536864327
851422247
758323467
222930772
56912990
986796619
909904587
27838559
47585924
355024137
154580227
648533178
274238784
168095161
823238868
249524595
712828259
412406913
943710237
680879843
461255809
251965470
306026446
614646553
935504243
629668682
642916030
321711704
223917359
640687168
973663778
613298037
344625766
584503596
836228808
401538755
571300214
598649747
429377314
471402490
953673883
583957540
119935667
80429019
604569052
795690886
329953613
317397310
60614150
126180201
850793505
521869958
378145670
156819950
989032863
166166265
786488631
631948892
340394320
862922342
125152411
166574450
476220378
469778176
751078045
164965538
871316930
174894611
616131636
300694243
646297100
422321870
737168134
618749118
502750888
341737185
266956355
685220852
511650847
327570505
811401052
362444351
701956814
42063074
371780652
690989676
208229338
10785635
175454919
548623657
873707976
300607329
715198106
202444705
770385504
318792503
367410242
494218786
493687113
983541877
794913028
139984212
258380099
384597514
611249681
761130986
726334698
730722387
298868190
90501896
58292891
110269241
452946246
612766057
152332314
824726898
156272084
213078003
835512532
331727003
761701660
561736859
484850683
329416117
764181563
107752539
648208619
131591805
601971324
141895731
967650033
249400703
134396294
78546483
633998216
598162326
839677469
212849266
181401065
138545658
303351161
92210307
101331250
756297407
704976363
106179916
433540656
861248447
319257918
121569539
45491801
80959577
683306397
530342483
262892046
300004311
638095021
763617016
284112467
240066344
758029099
104278852
489467047
744941744
182825334
123465262
195620422
22502802
188830879
377021486
13564811
492182040
469231792
967412413
100995798
174208155
73592328
534536453
35456601
392850245
508622343
80948401
326326174
44445091
463807235
441734571
344449401
101902256
205351586
628561868
194484951
963380684
732840719
683951997
560838780
915666052
659933611
756459201
790685206
848764489
133480686
656766368
193462880
602712477
624178780
294458677
629436983
550287459
828995129
517409935
943137704
190133823
450874687
121980229
234578913
914681922
563714799
579028314
16584177
621582736
207590181
63585479
437479772
940430899
747537476
998318551
708613302
259987438
754777751
499298507
961268278
740774788
8581227
154731158
196003616
632760006
449189834
825440599
35563817
130701315
342850533
978701520
320835137
793725220
953198100
555414050
560923493
369429250
134442363
430024021
991011985
194548895
493609499
428491756
987496145
93663326
279326658
696109446
353650763
34104408
47924305
167435393
627395547
56505531
322166550
823399163
541781888
623872735
648839761
577345704
754574049
844206645
408563575
927925538
490448216
361761674
335855939
51371708
731190923
322814653
481395728
574719260
517363547
975005227
3211015
357376043
68668552
135054025
53485488
274835667
21674784
953926144
442271059
649070331
10431674
616953960
472469493
404729914
240826694
973825605
982075617
847917095
818032249
390639192
775842632
160996817
604917217
111698570
212368524
188624492
287029574
546280604
763343751
804393120
373802182
619071117
14285514
294987085
754125141
67771001
569822751
775799925
874213497
864610161
424870255
737161522
481564120
749856099
141891435
574907166
723681703
123967052
422824260
394230303
367122595
51183243
555227119
972039811
15398164
620111995
13180654
302427737
166392598
776524404
959337208
540194779
395595521
973622721
835181863
2237013
893910073
257520966
778036937
768123569
122131126
55423543
357801443
456211598
805279641
499692877
31118763
381477695
476176280
306459374
775707998
695815226
210158968
183451468
520371389
225557131
803563462
533552042
380501219
822472411
310076446
339838426
215183541
558188318
165977498
50365404
560425330
59887570
160402721
338462267
680527491
135050198
393885809
38328933
443778147
51681802
390538161
327413261
433159496
866714441
633872634
61383845
415046018
844031601
244835313
935417406
922105083
900915126
468969448
302606301
723387537
631562245
494961078
938571077
189750562
660938575
841452832
750175891
720826145
854371904
941154509
253869987
989422102
187556670
292198919
285716600
239238471
682737079
613129861
672397966
401967871
99518846
733781811
817013889
943550447
978617123
604947646
718171881
732048600
73917093
20778182
307952488
557995689
368255611
99039917
747746250
29194186
940492748
350438493
602536682
647381004
144109353
856406668
489319457
331666022
1121938
775036056
570904492
683859016
388165916
243302458
938343239
487684762
977084268
607873479
283751560
808217742
212821124
1923440
392782693
139254569
875217973
700735181
697250257
95989936
799775097
297512859
125184121
592784196
500467703
727720802
240165199
644577055
436643821
729484655
976243077
437765758
357037063
547147568
121624773
745202978
642966377
912484363
85404091
472566996
520357841
221672002
133301089
585695317
76111794
526083782
724949885
951329766
226818962
274716493
47319701
26594058
424745703
25020173
471894605
925213405
605257326
712059804
569790460
41901146
294060810
398549888
479666903
651097872
945697455
453808028
248817202
441180184
218808742
186737644
913747179
739166583
408409646
47048268
177378251
484521439
573132049
902328135
288367556
652467362
29560979
188203609
531577771
454306682
213223781
3472375
232036438
818481107
568048530
801826897
712898604
862109340
52893136
45081859
365723563
998590591
498889886
467057116
292287126
717698627
653794760
206034304
309381561
62204405
105598923
486759811
546725843
678730971
241604297
835093398
183714684
123681628
23297006
715292454
577988309
89037139
718764829
810024746
760034597
139329710
464367995
472933200
1439049
517261130
518015058
219678964
368368072
869421295
686736079
660655197
439636274
193047190
719205853
749017834
255251594
824804775
88293997
654493788
356052098
182414645
342103538
539766781
306096272
217916895
255059235
884084580
306954033
826340415
546625678
66988629
965670124
863510024
392438181
819625525
233287505
762969590
39304488
601655577
632390885
578556918
114827125
72027158
771604108
834032977
673561343
879372053
511354104
614371691
533865841
867406201
796786336
875969378
407172981
102882607
93886272
514748567
839483539
253356657
341088981
238625568
172861637
159275457
102135591
417816169
978900981
335423095
180785759
870721820
789595023
665692995
301795089
904422148
590236504
73399196
590971476
116314198
805287601
102325579
730685889
191669793
822248131
527472224
67639170
81937464
482871182
14041793
596686030
322354720
119914801
937775011
560980287
145292790
97050467
515632229
563108958
928467799
851055324
743894716
799189618
493166698
262104062
100984706
250105197
852340565
26900254
841076673
968654763
684704206
795918603
699340651
876373998
470683086
79329226
796529519
552620549
562200407
663087663
149306578
737071479
783002464
939597940
150568117
928295253
889164758
666200346
343920562
817632556
369772021
87815278
469338525
862938718
202435691
422839583
113043915
54776256
302256188
806636939
23431018
986960393
455071893
575288020
715850742
925754978
507133597
512380260
478375526
69334003
27984274
480198456
658921833
810986737
419796395
809489950
591798341
161477505
475690295
935718903
979110060
845462315
876050532
300964937
560917384
78486222
576320871
673961298
985778829
878577058
333114588
861726198
718053802
788186481
289530569
286420895
713941458
796664165
798801154
44833336
718514520
826785427
525031791
377436352
490288516
797344537
39442653
934603208
958822041
515132947
722838462
790448453
213111613
451405345
91413389
774028997
382407919
520250611
300506646
368186747
251344020
633621234
82429297
969397821
274324066
371959865
108335067
988265523
168624030
907136220
885615210
887138549
586437998
263163352
117091252
929242865
60507889
156533905
863846073
19329929
524183203
439200886
662294733
737294816
890606231
606224473
363840164
273014149
126475083
516863161
493717247
377819102
3000746
576146543
199733274
277324811
948106408
308068340
118106686
116730437
67720911
3721895
856385337
506675261
266885247
825992940
435918125
179909487
982526844
152280549
51755767
359226399
591481435
714050500
96521214
334604017
320274972
312877729
607618165
299266407
829740889
101335411
677085508
832741635
529998306
729335134
110066445
478104713
37403473
80689482
447351501
957640736
84411377
156253189
464315996
203812975
982246128
752750472
383722461
817289324
905031021
435478227
29032074
349028807
149528726
125553287
683632823
322320050
290947367
143767339
621586456
973204607
97619101
151188315
658462593
627617406
880523448
621045390
958238470
770443273
701734871
258106322
728084008
786146247
414359510
44916355
989959221
249121990
797666826
226198033
918927665
555214198
661676260
947959738
756759356
811204985
926029376
292908530
133525034
69493094
436675868
607627841
42697700
386811321
758816156
701160293
14428726
639339603
174722034
825183548
262299227
876456904
83289869
990383234
515119503
350165731
887815940
357595075
599287720
537999118
583793108
370731736
93213315
245469367
318691473
702489023
909190703
97237200
995397552
895232089
166730293
284589772
502859929
209427992
671401092
114192436
763104636
538346169
753532039
937826669
363529716
15831265
814283573
299335937
858730851
181919427
649501667
599063142
539514501
101305738
137062259
123307608
472037473
82791926
221293326
790728945
785280948
130484029
887966144
633194851
25716117
54696436
917784622
381092397
116640779
589185713
495284833
879745415
127531882
101333223
670088435
343577949
969680839
336888359
642913885
680928041
518807785
144931903
279991183
58322286
246237640
269569793
34146245
718275112
352361718
255439571
361520408
990159017
385923599
102002903
623353868
264156067
9215690
393654841
497764815
125856469
982840554
993049647
858118235
962888787
946899221
528206669
158983087
916580060
865095028
654413324
450024452
236419164
799345226
730015634
294741449
45582866
999585427
328887694
763857977
204463496
584327264
125378385
47138865
822767214
79897639
670492732
86923280
89113329
64147572
437204446
214969797
899504477
282770445
73088031
714909615
229669665
453811051
726409054
998766076
171422430
380822377
448790528
407841594
32683954
31322513
555099394
78266819
883424291
883987087
694641148
87887787
320830702
672535884
135026651
143597915
752433522
658035734
83037546
841546850
574699657
372758344
56516646
326720486
655528788
982121028
894146452
885198452
288448431
620555505
736480880
312387212
853894233
37787759
720228805
886578187
69110271
127844551
964845005
952534562
11831637
512002504
892938700
185178691
184538387
880481702
181292957
936971909
391033787
116846855
631035110
818249795
489605198
540068108
144970280
145133985
374705487
891633084
882848788
663153917
364704940
471846019
975541129
218599173
509633777
548286285
105177359
578744048
676130835
922538715
383794961
540478824
287057571
129250012
578173866
471595957
862248065
759466822
261084217
105798203
728830028
892119327
924047997
70951577
284703786
921534629
68601913
659409272
813167712
951450701
175079541
30389003
275813071
3137021
248988175
785446848
551423305
206681885
216707247
80070492
981736952
600502207
473065667
268794522
582268570
51239532
592906830
444516634
663222705
853991047
550314836
392052733
598626725
326879184
463004309
883330510
248413812
531606222
395256133
914097875
335573274
570335673
944486878
611386344
573472693
45991404
249349543
124895998
252673289
466056789
57482841
86926592
66558995
530548507
355721113
501343916
434304390
948627942
945860549
97527094
655135340
348691736
342096178
106278416
675570920
805100487
842125277
776501083
189223060
237381410
690598958
377312685
807717082
487602187
988699028
233706127
533593590
90564923
211118476
786266878
556621711
268601316
873193469
475697058
651666174
81430933
977040973
85970563
882575227
775417874
36014008
390226918
124109609
378110186
496505334
652196880
35727024
191146962
281214315
224950083
428528371
971813272
602262767
88761805
311931810
443478146
322467931
845525399
534043068
533586406
484308629
90664779
654704073
210018449
418878188
306370246
291449382
395919160
244857160
26540960
23853385
280871167
416767877
479346
658981352
913273210
652676225
694708375
104420172
933890539
919658457
385464894
758220162
374437575
326743050
70151971
670432073
649210980
768193722
56991492
35313737
252502350
172622
690017809
462520798
419050809
848904406
606486531
814969969
93761565
633027490
838823353
374632732
49795367
839302698
33614083
815584928
344495275
580838810
772521451
130902165
353013618
10502697
741638679
727451193
337245746
664307001
250399617
986456726
432500722
307391108
874286814
537519423
307563730
416820975
40221
726614538
265725380
459043103
394100858
212003297
92070593
85440563
586636028
141865959
924743260
472766462
809967238
121754886
53605271
582488689
105173403
259135241
592991385
846812081
986586433
930237130
511119081
89502401
769210207
796136155
396893508
496013373
333655577
704457237
912834347
186212149
431071775
31076078
645255252
825172632
243079374
589842196
910613194
829715401
584224506
687872806
154998215
394191743
662144043
61119837
829196783
767317445
320255077
274704519
614129525
159357861
57458001
977764958
248860261
826668207
773901112
645753769
175197931
960073040
202727357
88032277
146285189
633799131
119108355
644056792
311488115
362187728
86415339
74617660
44419481
670639844
615006817
51934047
64831586
277150860
113053883
746544721
44468304
285825312
21249239
511114181
445183172
78707239
341395490
546559785
757891798
115296601
44829905
933089728
927885992
247557261
21122005
926687532
881356392
992746711
423260675
45360858
207450790
509676013
119978517
251870270
180315856
587501686
303804316
97663794
864652545
269374551
844208514
761637200
555199862
717974104
125267732
383033
796681343
466663221
399459169
407089492
434476173
444289073
340179219
214878517
691846334
213817575
141566048
425719077
59080637
564826723
471079934
266531427
74502735
443574802
518401696
107334943
31076487
674722364
57515088
748245383
944096914
901723601
362398935
499296775
472214056
340183018
352196159
121411750
806846239
751655328
528501241
93838763
48460752
868680460
308717279
740307085
935014386
302799679
166026161
994095023
867626401
489622446
260626449
794645487
933197248
631544496
754496781
816790086
306266859
812011868
417551821
102880124
566251820
632467107
602176898
38465876
972650124
806889409
159877625
632012714
411061088
688378866
725851477
459521839
409575677
887085107
199828924
197106414
189884785
218371436
191201436
910027537
707993882
304344236
557189376
493707481
935888732
311686156
163013918
94671942
123698024
580565738
197552066
542466195
65549196
799728963
580932070
38199320
459134723
593326047
670212033
870195810
134221264
248579861
329717649
543796940
135664968
382062924
740903353
178066104
600434359
784621141
88093641
308428240
88965376
497799368
802135720
24854107
809485523
965149638
119526049
785699898
398231727
169594466
180682445
463780923
969323428
761614514
354496594
280974503
207456912
24708626
151170312
341678175
125804839
333404312
885475114
113986158
715467235
478894819
144568613
315901594
116032311
85178605
476846185
204997686
582977972
131498257
82368145
244979847
96647894
54410545
30679744
347395972
224005010
63878540
663693246
45844789
825493054
18189839
326819291
32949965
895414817
330505955
227144492
21219655
663910266
112619605
987722164
379377501
444030775
132290776
547795446
560063085
217469381
24641630
617577123
800447352
156139886
699945267
45427198
105304131
606872163
928623294
305216455
830877172
992501833
968909700
729238312
670511238
987099539
56057603
555977555
735030707
239079909
783122046
608766713
902990174
748258002
596488876
134884026
44805129
581296003
682679471
457384565
798765383
707321101
74961687
451729087
715977338
627423305
349672636
821281469
234295467
130812281
126497923
917688990
975830466
947923974
646927302
498858055
787539864
555501256
54835609
522570570
794581164
690474006
131337282
550087689
291248360
580342509
684971715
188569840
14154864
367651185
645954404
812920246
927488637
720916091
117165684
643465975
200855747
319354672
317263795
435151214
450166952
296278069
205356555
278513769
96718394
852283856
777371824
884258258
260301463
684723784
259345179
907398978
227714142
243198813
457486667
518962501
823541321
142458381
707532340
837696184
362625917
206003095
503132782
142630906
926919185
472814817
786096880
127774932
792169488
955877026
415442497
94852792
104671446
620799051
373366560
201389839
325599259
150738383
85648096
438417073
835462167
344993275
345816051
63176308
588192087
655819069
434655160
264249759
650793801
994703851
954462295
13419717
200706945
310111428
8566974
980142482
782926244
794663853
960433765
575095732
603057230
228392613
669948523
707728675
849191663
43315082
909118514
27307273
46569817
994766609
465724346
734548335
192276235
664056748
650240994
632984673
319875816
84896153
897234432
970669616
932116355
704213078
836605684
132823299
14324505
845172658
965482132
797250748
492352862
925915896
224862831
95410092
6824860
747327705
655655118
856016523
643159139
564773631
735840147
689728955
412056592
54080844
276793641
456849178
718137591
927034634
89833851
38013406
864447138
839584634
861199373
796563492
543797711
550321409
781903142
410638567
248010418
599901626
60405666
592879631
378333873
285268497
540806074
385158733
32596201
196461192
93691607
528271691
613751174
829531753
70516997
25807765
883612597
347310637
335173295
601750187
274345270
425007145
492279945
138792407
117108130
205995669
787872250
660905840
608833429
422291744
71544406
856843846
22193369
131950071
302239829
253043593
269734919
843045902
638202325
154847472
39507093
731893931
683119162
505774619
561425684
753636159
384098735
297554632
100946795
719272029
899304818
227808417
144279173
244101114
219117175
113903654
302613135
859505777
774809493
911446563
134313872
698870250
620806761
9023592
683336673
923046589
262067184
805587943
766092490
900269509
960435414
658115935
632163439
496070928
16406905
46105474
102223438
400505639
343660105
55686584
119777668
95481275
136011352
116573192
192098740
355128527
230476846
494711874
67150655
857802690
406158437
201464526
409189292
26965197
210488117
92525964
802528137
472555300
750630258
421136978
372824808
563582024
79252912
857504599
59652951
95659816
903610072
14392740
348681807
99786529
70079323
468459474
47784155
58607027
437549017
239882894
413735553
668025862
734594768
480886207
378344904
140753204
682350732
787534195
20234752
892838848
732576510
675279240
217910499
483206767
96416217
590735307
46788790
28185481
300756257
958958092
976361648
56882680
825867183
325043454
156669208
748462858
646019279
204453362
807069884
83568296
444336256
73321788
604110509
31447375
554207994
982455412
24716930
89075077
769989606
44951681
834430276
355082467
572747272
52340774
838289234
669163488
495592432
737594375
549865320
796348688
549068819
526226968
853231368
227452353
703786773
9900575
975915210
349806052
66870289
782985093
285890699
363722896
856306880
890001207
395170270
263031225
872456619
419887199
204622653
494962576
317355231
39052928
850045043
890102502
91393702
540850628
411782341
439502485
130961354
961647661
235851173
532546524
340390980
89082540
759998877
44177752
951499466
735914086
246500155
870886106
371415531
532390853
234609001
80238762
422392060
629779270
195786339
147365030
49666468
400408991
494843957
219538050
439461919
197405351
109640551
383371972
738255978
521422892
822874456
721733684
335586904
911241980
254280207
675977883
852840871
14279083
720155634
656856689
602709521
966655789
527742794
826641403
351562993
614868147
906880164
773955052
97163768
102666502
773836433
146830236
355591845
268680390
218884637
795053763
466085740
328525188
30942086
56858070
702464431
706332893
778591753
38051334
617574873
885388311
714029216
322932095
752183746
286701201
979788783
207409618
105873341
360047929
34051020
457436334
974916075
793447535
83907737
72079842
748630389
857744170
71426429
104222233
978940911
290311066
751792347
297543002
471352605
782734432
354401071
173817035
341583676
985509175
64384720
959158548
870897486
778413935
134606995
475597583
917631487
114395777
683007200
23504828
474443705
717058219
333457513
301876131
363022105
269881601
373955973
111652493
127625770
297898753
68391077
959083032
588209818
820183423
256626034
59562422
455434206
463543456
85895808
797017882
449052631
150280527
608692781
172466468
781210813
743299775
648064050
698842300
857695552
183587601
574863479
184655608
900645819
760837343
486531739
116184275
30718943
713004063
227836768
10861065
10902815
296227844
969944096
451628985
116411267
79086481
363707758
424361824
542629937
449603566
221379705
844198919
452400444
830072486
16665386
233611257
425888612
517245787
784969908
136100515
700833387
212349738
320756123
453995557
973187080
659804213
570179831
3906022
372808275
650532950
867283438
236227441
946760794
689743886
687856425
915688412
768830366
51564183
192566587
163976654
353684100
413946292
8175572
806084543
96535129
877357309
39695799
522423740
247119447
677182058
658524255
800469185
889531795
831796729
106981093
862718874
491600941
677160924
719141248
716925567
180210225
438941037
953153007
126971018
128684922
641009432
895175781
750031640
545089966
87742368
914008293
898774065
354205011
774700217
704858607
303256491
504573877
597070758
825680230
604209676
126769167
336720836
404678860
16300962
21033916
511659953
731536187
512634856
41337228
303193786
82076774
221547452
742134823
35229781
201034822
870819744
528755564
948726954
473367735
73845529
888985673
239892380
972619593
95707035
14592596
529994551
398963525
371682824
979581660
77160107
975892499
106350827
413880942
233087711
122651788
434914858
597264015
706704326
800066065
638601242
9898112
882142839
712665045
752032934
917372619
913699866
475369029
298644534
714943172
948736764
372490062
603928844
41145495
197626006
699635879
55738090
580136908
98599403
279937265
559718568
28275861
108346116
518585746
442156803
193950178
493753885
729588012
791214192
200458210
529654076
282331785
62872673
264313266
994996829
814905606
34202236
761213047
142790987
332846769
476156218
944044102
705336830
932601413
985189596
755479187
484753643
893444037
335616095
435869398
25897653
747851014
464145258
134243768
266436759
906302060
328193945
760190643
488406423
119408136
813165204
18060499
254256272
876037877
134890116
249253101
543459834
169092352
10466147
686250820
501939120
339138716
482811273
59792302
124256480
468000868
815271488
609010123
213961256
3403934
44879520
239858909
751254947
509024777
374102676
17691705
267843189
554812973
630398699
756249611
526737460
296080255
626826461
780993732
172118131
761716577
30246832
715577964
930808928
893229330
254345136
285264399
84884397
737156408
345056700
209140876
57673628
160328188
818150998
271634883
163732121
715546869
511493791
914987068
77087998
738112819
785195124
344931186
292925791
268110175
953697148
819663250
564190429
433039961
453173333
588824911
47272889
335936516
156919226
978081816
81682197
411264361
115862566
166566593
937121
460919266
228223821
58610748
621247453
46374818
182761982
637495925
614438039
546772125
404999344
691526036
284884943
42710820
36457221
430327085
310820994
842670720
102506686
727527774
275710680
555680019
316352684
322983568
891616534
473271909
153581735
973298731
737052622
269444301
139865323
737989742
730363566
220605495
649116841
204127370
119496665
684395174
841623294
733934703
231167298
99138990
425460738
368568592
141849809
314434310
798895676
452670802
9621381
901402362
32714927
285332061
457082380
349067610
460831980
201215265
674855870
614413715
174513995
411908491
736374367
166895670
2414584
319254284
387501164
504047776
523381653
506997828
188442950
217521298
93448882
272126599
316660287
518909619
640695191
458510095
685860280
439590866
763697248
695481661
193509579
796412174
980813721
650591958
145479783
294162052
851807223
672852005
908575766
878837569
84760495
497466484
45733238
939691431
816720767
285750754
443739206
192618771
645264933
484698507
410140069
738713815
756825106
579316707
110139785
397520296
37826802
796000065
689627513
654040401
491481725
883137092
450452575
324811797
386245401
448448709
618973848
90568975
121300713
380065966
969406544
58577560
877532449
867656133
850785342
546769568
5923238
147040899
739388338
651188171
631739406
2044758
389901985
388564511
581361465
500041769
638601158
471704618
148558185
328228670
125745018
640039909
63882113
428713944
817368057
450127514
877162653
288858257
540696488
850979717
668924222
510103031
762073628
398973022
230275516
465375321
945742589
236198753
612416220
537647279
887386923
244155625
539692036
129805259
485236487
121053500
629847028
123837644
592758117
778405212
304582665
571019487
270961473
368464778
999733430
88329529
818592291
729412434
229704137
359288778
432908503
898628358
721908161
47498482
150117732
952183676
512873803
948376672
188382428
125290022
486023950
75769351
221961998
25715986
58090961
707198484
999285837
687937988
831036127
444560306
318859552
135618791
15579792
442337376
356599920
15313221
383183256
175192210
597242007
612887393
386997340
30150509
364032102
108905500
77648990
514149833
61089175
590522792
315042857
101987954
568329165
801066806
30273656
790291162
679299143
88364617
497489645
531101332
628818956
181042123
975661637
947678507
169177266
991241428
242532234
525777185
859071000
625715490
553485747
308829358
238602882
940483086
338979866
602634983
49388585
269145208
969301168
962994111
859667999
284344024
917498416
280513516
937927181
947772072
70804677
469742676
888653040
420810674
844007
517471995
601852796
976505643
317666854
623546413
820263422
560199087
1839950
531850773
38430928
555325696
840680131
277033809
495808781
32176348
732185144
397713717
301321555
701486311
213224179
13505906
838346686
130722594
294019421
776273866
931011017
217340449
98532893
672180408
638151122
99376899
42168755
92520270
928398893
359835608
716066682
601178666
772551046
717906631
133029439
810981974
273232326
826225921
88015782
621557458
710918620
672717277
19271174
12240175
226719939
85011704
878262432
65066624
68250650
24798204
693856842
851778018
242138652
792389734
523958426
880289774
891766633
566127180
972810043
672681877
778479139
688876724
273860543
551030184
259299707
259406333
214528509
532532032
938148605
155060643
6605842
649067224
827777919
25877015
513823750
54497858
963405071
244602533
119564481
31655720
269400736
665937674
735950089
511539388
458327408
112424866
391829161
202610392
678552045
217155555
875292268
309547535
906032278
1669162
860577719
17848336
113591846
75106227
550380368
51740450
82683221
556986209
553324026
910461140
435379575
67147775
964958997
251300997
164266660
937039829
135473068
433667395
455493855
871423157
945206782
913821262
983848022
189552294
968948005
514916419
406707848
696756624
824463953
165256478
698425786
537558023
183104813
812017631
465180602
733485180
716274433
547863822
142987740
269598458
458324961
430883667
189262584
275800309
682184663
353529243
65356490
817657731
787196638
520850344
689080887
584919771
287187957
525445260
774472065
108652313
40361678
181179912
805408936
864825631
346436389
356351073
254900005
529541202
20885056
720080606
115542733
737159488
267944428
111046825
6757945
578785740
541930491
48536880
854586049
224115153
254582475
772458890
41772883
41779112
145825585
583370121
479215234
433013541
108815381
253687298
541665853
1693410
287383562
199591140
719035392
633819950
555942213
973935397
15877503
576827268
694016002
131420236
313986755
814476781
94983412
173261051
393262521
636913902
74314282
100364921
861029054
328896756
872823810
755318289
223192219
18649394
191204761
702407453
304179286
152536493
956094750
698361490
6746255
95994663
897952629
725781646
729814613
453894841
699717042
598208467
30722108
246249396
582145054
197225214
60726176
677128465
223002616
306505048
314042366
297316898
259386320
27587772
626213653
132210129
635422412
849405872
3375874
826627172
551813324
160071511
831680017
360424425
858433000
838426271
456419088
608901981
564207916
38750052
62796821
116441310
636958518
946035281
215207057
71619924
995776846
128449584
748748388
218779462
434954632
62790754
516096359
694340951
942894877
142310011
679067432
578317288
844232234
534959657
257460811
248561909
547547520
89140827
608986334
258496871
780083449
917921773
867398851
196807717
956671824
782712024
313249026
446146693
581263656
528456082
517766616
577040501
656905665
119031356
648336314
944376648
34338461
16949024
491233951
977233337
11775387
22817734
408066976
856007620
557777390
665527786
104569529
105324909
607184965
566072214
216338132
239784765
483993986
83736982
436592481
293182161
866449005
749841506
591845205
300229012
130813939
109611821
877269513
640235956
81159528
378122178
584612603
115497988
395071202
75846553
92731324
406846588
98664286
500798299
262854207
508958028
18842436
219940087
466799288
478543752
786012300
683137419
718328517
122522637
619390753
154920997
415704797
338356109
757278855
7550002
638585121
888092793
969678174
368370985
380845100
50837701
746493162
965457703
18852040
141564363
893820607
111583363
548410950
845001245
464898013
663781509
206475624
483740448
883721595
525791263
962284200
669733895
61445034
533129068
792256531
680835786
688050064
60477680
19191894
297845270
920544033
657777014
38454415
742738558
26147998
419299514
646092610
625157512
237273568
664944649
766721874
131094175
776528011
167649176
828611771
93942375
831430684
887603746
577682822
567668630
413395008
392483373
89918876
474840041
925612440
882175407
8192178
466178856
795169438
27384072
764024125
715713470
537677437
802478539
310968379
416341787
74294405
957060988
41499298
311567972
622005636
660737523
295178498
251049998
828386698
123790268
344992372
512333733
863910365
775191545
80002363
129821725
20191270
22437590
604661765
945803709
904612996
612853943
264498916
552298785
492754366
881039393
120528606
30431802
536034283
431496984
446773588
610328687
388557971
340789237
921896659
863079958
1526760
217075156
114129955
682429809
193381776
311638678
47279894
57292140
86830223
127282256
39630216
107021492
2236197
644291981
905341552
906849193
109662275
22356820
311664329
602416640
903396212
432192935
485364793
291946846
863689918
932138381
902275533
104764241
125443969
824172191
967844198
126970728
893763698
934490505
809400537
87145473
98645534
856680430
996953965
37992108
836479037
36584180
145013599
838715233
533392512
902871503
598080777
495571138
777744674
909745106
97987777
533657237
194454392
435868922
825604082
58144309
220523654
727879614
162908549
345967622
404568156
130752747
472938350
150848206
917759603
134855238
90510030
16405136
844052019
87463994
54397244
533047407
976564526
51927194
224278991
362473389
807315048
822359768
858044527
585059721
584621225
808548655
118716957
779075616
96933928
796837391
689736276
317457581
377233356
852644825
663425203
781801512
835913923
136363552
932649717
606189877
123735141
23159746
622595012
967787159
963140092
529508607
353350917
792220969
581435801
577629907
7210709
241267200
252506026
717771587
826326921
837127250
378836594
797560229
468719217
475770521
446913971
10971845
793228102
824147327
863616669
456653304
458465190
552046943
445533207
243631258
10753171
421784699
119307355
633348182
242088209
82447446
15373141
595439125
727184766
596808941
173069031
586911827
838076140
425575057
304683413
516919412
115218658
683520006
166995993
436454227
11806879
613909963
447426071
805034980
290573641
163559091
114204635
749038830
715606033
559737841
992670087
726359203
981522539
111977442
212223736
76127099
46941239
227596876
671566223
626642357
676922168
844635253
213554183
367514660
122726661
370753947
884434071
90461671
54273953
903946415
526915897
66080831
370372730
974341967
723632162
660946370
137901057
837836796
409985200
706023441
250090988
255171638
284898995
84129878
367149079
497122730
160256976
266606670
577235958
831823198
893249026
254158125
528974802
106803208
621672784
651701463
330073506
358623207
742163133
236863810
115085973
121595381
155460992
485458702
95937347
879093153
146405072
86354755
716929948
408906623
792378195
967020935
664078260
77277189
51150812
31227339
426916270
63924139
150350360
4152227
895747336
43599385
110826704
424722138
2918944
732499487
928939952
332992449
943639045
523619436
569856259
58725018
645214816
725317250
544183719
741152162
456926755
543105142
827506916
26373054
952011764
472401462
993393989
616090024
549678650
897061152
499833714
976594919
960985291
650184073
833263498
709248978
546299809
944090201
133971115
549218752
529106039
915427418
734727552
472745084
439046853
157100162
383986453
84261668
882417412
928170171
677930181
191860518
323791665
357953448
218233571
275803428
830354909
64143911
744409803
232549910
961205063
96759868
61661181
774706705
746943940
894924678
336472034
145760100
691531230
322959501
694978851
220637268
238386918
282222755
545898703
529950123
439322916
929885155
466728142
174256679
710571678
144658323
366117196
34363342
355128122
584350767
162683121
37999383
648494677
907092924
123065644
462216091
3852791
184726824
89439147
603313083
932167853
425911181
749073182
623699082
748870681
296568385
696852702
987257598
578791139
242751404
369724072
18114054
25152911
836452214
192370733
735724588
833626888
558487928
770087929
41271361
142838694
932771049
79270743
643849723
692380324
202336387
106065813
696233115
239579562
195504960
152062549
171747415
621416140
901135730
647962848
222803172
197704114
344815549
62577121
776495252
440083305
432301193
647125658
465236215
268753406
839496390
200960802
102380293
250500669
823565082
143651653
245855715
608852482
75438748
889705437
301232806
130291486
848287601
849982272
369871047
43792560
2044820
541618461
517725051
903180549
42097661
740528222
953401015
386913209
803105343
582412618
826996513
87922887
229538275
144749079
356676292
921551016
345709880
311572936
24568037
21791313
307740940
270423751
630643795
235696039
12645539
931876600
365987524
860933139
634375223
735858571
757242051
636420042
129993383
127483453
392116942
172091043
720528027
198034308
559004252
376149721
780446926
238517116
464072607
9985200
383266195
820748898
784052568
581492426
984838185
808620604
603283739
145095476
79044354
233927533
380791515
944206244
18320484
746779038
657655734
652695706
482637608
267414136
141632099
612630991
394897589
386265392
784722033
115425615
584299700
196242636
344091687
364746625
287276104
808164293
227248176
670542298
481429542
11300743
104551075
466267726
672437698
707834813
611363201
603998403
941762345
992154715
548204646
812599180
591450105
58376732
317811237
74087712
325790867
459443335
539235054
720688455
845708727
176473439
688630421
282524778
225232426
32722107
647271402
512508529
693402751
727035929
35567178
174832292
590853024
140118253
493616369
263290721
847953065
104979570
867289124
642231762
949650636
268010121
454830941
393617092
326386852
772642178
320221156
652177719
84601864
859456209
225382525
782826942
888445999
766529298
65351719
113678425
651767756
565139472
626186953
345170507
292175401
661754131
372519150
883028424
801872383
866135519
998835496
502341799
823631440
718640971
144573560
625798427
986651092
451920853
19415519
165554295
77079382
339636674
670248365
161681245
51609234
895630890
944508187
940055233
514676539
862376257
906250009
166444294
427515729
384953313
364131152
572207481
46707443
736650302
307752256
701096177
602785820
306587751
55954328
278933611
25228722
200527887
904732037
864396165
652448739
924147555
882466811
729528120
116300580
552715176
743725717
20426166
300862417
540750255
960481398
815538955
403126511
719247758
834499600
683158591
104201070
198630752
255366071
3424865
935281053
563118326
557037393
390583224
722222429
612991720
669516834
599967502
813519607
426765222
316880018
318484697
203429129
199346828
900529169
319729708
604578355
644254885
340155873
905440771
37521491
153153622
573496077
440648001
872401379
260512029
123806592
829118801
459142780
231689014
832543665
246940184
647323692
242097409
490039759
369546120
855089129
12072944
969513621
521125087
438838165
138909990
839609783
642267293
338256817
592655303
961997001
942835172
89426539
154669225
700792294
126948029
160339199
126804723
567596030
32740577
387316751
543918973
714375729
698975882
628124338
399435745
945916065
275448029
641533154
288472175
497510500
496622282
300545118
319540472
17747368
739383282
458450461
709873502
381650575
796707278
155045157
196163927
592058801
244471695
203349503
145367446
371419724
363688701
124688520
939015753
248945630
512005270
335451077
963321358
63497503
963575414
362757103
9413567
91539795
4290256
150402093
589050294
353428889
450947210
908590766
223692608
190330492
219557578
786082461
424497418
16264855
941127617
620661344
460840007
185599312
824010846
458723805
557019035
40215899
583412324
348551139
289161528
95417594
536518567
252482885
11431448
352610332
467756339
20845015
444150126
324562946
23763459
885716772
677991834
474710669
646823889
754200793
665041160
866381466
540283254
89538577
735162673
333927222
562716272
48519031
519526533
239243469
507242835
929061919
279459367
90655159
130129409
568620894
38589104
666647975
673620131
50020551
19258307
141376469
923381917
315924784
465939415
947145376
201641555
996447600
421856044
848465443
750648393
939413555
567363261
143447998
881468483
302525933
477375219
296701106
351044963
849418104
535944574
858287798
778480022
667920293
801459308
908609431
89057538
840048411
427773757
762677668
742585313
447032063
904054137
665967230
762956847
222509903
465628957
817114753
71473854
887485000
518096548
822122246
679414906
85459808
818086595
560883388
240502092
147978166
857584493
591547054
997396269
246045418
302351203
628392642
913965710
103810510
389518424
3023248
796375272
817292181
618217267
391476937
116840595
374787755
57444166
879797441
597297657
375589474
549428546
668771511
115590825
67525093
343410108
795005730
5501252
14013055
208405469
246003343
161991220
65989961
837550396
159387488
164551730
992417951
787780129
931033792
948744812
29814905
786573391
597636436
847107085
404790657
989113372
963947679
779578412
899073889
696261472
229392420
274663362
245690017
750680282
390254186
165731461
94090390
37776267
171232712
108103444
246181735
417236054
122611015
164688047
107302801
281998502
329239776
99720751
922294982
112789919
48465563
952109886
899363309
498618350
799216970
156670318
487731721
615681001
936248729
239321961
311942472
18157500
513985322
410148840
768837782
756755859
575880300
715444523
794532125
747113011
676064318
40713859
164349064
798675332
205401905
271651864
933190185
387158032
223888967
855485166
499947951
124870881
660111404
399311259
623489230
311844725
555981576
111220950
927525725
344746656
203059262
91984548
215420508
717044583
502133387
984258289
326316793
78013686
552219163
120848917
825126696
80799832
14079127
841992111
731991515
219481031
113643975
665181699
606639062
190049293
373183216
106587012
314920173
33294619
358414623
938409402
197655696
766912550
902146703
125181420
111659206
105205964
217165968
179596065
674766898
719299354
16370705
1083690
649829392
568589867
121932606
327472439
501906050
136011732
169464550
233897564
208009114
135624876
751595614
667164527
325674168
124778829
626267891
640594340
10589800
984682513
431520093
60761847
604111414
333666795
185943266
568286971
291389110
255625585
747883035
966156007
974924939
764253739
967239696
477270682
185359957
941688653
804743120
687266006
930216736
974207669
921163569
990742201
962348896
525275534
657906727
140539415
502570715
136690969
781133754
365676866
121373481
65170198
426438712
578001247
398836992
612381977
146288217
690226101
868007562
894171252
508898459
695448852
510941342
328654506
25235885
696301299
122859510
829979004
383567304
53076245
656703025
157247225
896334797
619051920
682522758
406757876
759591335
37609824
543448844
393241440
403286689
517338677
458411638
829725400
95339923
709764981
294623729
94144491
252507434
15147642
988315742
761405892
710596493
351773436
90060398
735832377
48074734
212919907
418327732
284158389
118512504
75030756
441405613
14847300
546599028
976444723
274121527
158706714
14054546
817570371
551948153
417341235
334909047
862876142
99582986
282765321
572641123
394206714
376909811
825148556
409354355
217741905
439070799
119950847
569515340
529131196
708299575
617590073
594567455
126627307
901748461
713079958
54174414
195670426
580443609
600773441
24631500
854565136
759480154
38686045
524651858
163944659
308543631
859560904
26820800
408126617
142326224
451978274
802333330
371752386
129643181
211687685
589494290
568713980
184154883
159009629
950361527
744970810
629116053
544928981
724114468
383380866
110525290
778288881
579051291
543485251
231578674
603682790
250566738
843575179
494885186
775218595
7519837
803428817
487295850
886856989
211555433
482138425
191351614
13888762
853890810
173511147
78092798
443385100
742225126
114764033
454911080
545103004
859734842
84027133
90031985
583849309
467407998
53073626
214654541
898975640
596558876
298749566
355174781
847125613
142324745
850059966
474860559
2360933
653488782
962156408
741734273
717560566
444294832
933085887
583965680
150701994
106597033
662058477
594087093
701338510
776822509
48998172
98957865
489073702
985541656
41506201
72923010
305466005
94579827
140093903
204441644
543655054
438843468
559616424
243297019
433684564
262192742
718157577
436045497
915681523
680313985
30296121
485758441
977125168
963382007
69724120
127827161
922495391
584298948
574430605
476350252
213637809
475945129
575308117
702711510
461486784
616814317
628150872
766952789
563910495
768244774
823910784
107565549
59604593
236043560
350862567
493289157
498236301
69020143
781851005
266434175
601850479
812147125
752192615
431491999
628045484
821916734
559319159
403057226
258732034
133749764
879407478
472369842
462211244
307231946
175081351
923698027
776562614
803232222
543167167
340473109
423993347
219594303
300555009
336114292
455637862
651417575
829403448
953874162
572954069
463770804
220308336
27320900
275917928
972500951
458812898
903963411
646934036
870648408
159536989
905666069
856914523
38944466
230552262
319125766
198692763
405633613
95340145
975255376
61382186
491023663
168244836
337891885
710617965
468799844
674006176
166255826
972733770
355925975
120129987
398204191
819696778
192954675
425525090
95614705
17971977
736854339
852094468
517422364
607502746
11631456
275604785
316933621
903092273
506157046
636059386
954301387
911790658
583915882
782073114
825689196
74939545
950317950
163581080
785557509
271634145
837587255
804329687
96884267
46029581
776976025
495088457
865726358
969930699
920613546
813857414
840419027
509984236
518468233
357841391
117486981
382616040
633446175
286936953
138224664
139603220
922996339
92526050
903910230
359428572
874599164
582115777
434368116
677433465
745696856
72441977
801583961
435800462
876771663
898468227
481830042
506264039
393556683
200072751
328711090
166686580
13930164
169130116
676670815
532398397
379487858
646674148
915014436
12934032
933611100
53239100
5053604
709123790
998281501
761480185
68552362
725397016
196112313
355436829
255346832
941809168
280395157
56930793
230125981
9683171
955399019
564472374
515947210
201472054
764545124
844658299
220674985
778475287
13788414
897345800
163390035
245792624
396536299
930920823
111243007
182663750
836676274
116296610
744303892
834957774
730293146
665372605
412871142
926405458
20809433
668217973
720730977
153720942
725148765
803373309
163404112
533064136
367845682
679351321
587052541
132390805
524009619
807727525
763382444
390314385
557589676
779288830
636107008
954125974
710209652
747350014
989306076
399402277
716162976
733609967
86876403
298972473
251498923
499747544
77894283
124824707
167965516
651141611
278545648
745630633
454514920
441949760
131211120
674876953
121301080
718263660
659784110
497827051
525991184
275682905
888141435
83580860
54971734
376764794
890223185
617697738
976631159
732045612
17100014
545310486
318171930
103976416
844282959
569670852
603723959
774693593
694495559
624205827
425835203
973041206
369836459
732866474
414990965
501047578
407743427
388808397
71827589
67527536
886635447
597818772
195726792
627293233
533915983
250698525
4058026
276655520
868396262
833205536
8701131
738012628
378516022
179389413
841989043
75315332
749060264
298229354
850008924
443555822
922435180
128360478
269113380
144787990
861226952
684104344
498351919
121486730
72912740
570179507
41530617
812064538
20514630
237257408
439357770
554430613
340472284
295932147
683602484
61384898
129137683
544819966
799397525
360170056
724209378
493902919
288001739
473269642
792132272
138010662
769341815
567083803
118887491
38455194
564388144
832630794
575075890
62740062
954117523
500504981
632919568
848164491
312569519
653434198
85421898
604443640
60381162
278410534
900375787
743983645
339795431
882029821
141319962
139192955
94716228
865529340
633095873
382717966
191315333
277744497
373244979
960657147
697344651
344648821
999112341
261732795
177279615
426704582
176989208
983913489
927209562
809908776
832077980
92295432
315859325
770016229
696739072
228756838
48426762
449631210
972740482
240738544
184177382
114060443
379931498
278893609
832106134
865543723
514127926
23421466
143288219
887372904
984078613
693149221
84538076
835707305
954882015
261817690
114928238
131871223
98247531
42137799
794296350
930325510
134433231
962672026
552858090
831172302
191428863
453801204
133319863
16685696
694539747
317497244
983262490
926987597
596390852
815368624
792531319
110518777
691306441
788335889
850408032
527901405
334001461
934946107
216125061
141399828
49280149
331053298
125787402
147527679
373191097
920083751
930369540
360140679
735272128
335743981
43829332
926700990
789545184
177149194
795903037
336601283
494646437
779165526
116105231
91037288
447050501
908636549
54072416
138356942
549488789
756996799
518774698
883490249
544459257
734899759
24890076
446255757
65953056
3193829
593783435
291660504
923277579
376669326
651801182
511066058
712413307
695630513
290283399
354474842
872779706
86186435
691076124
367426142
717868313
807181354
310979781
17435165
568334254
217568548
8308458
970339394
827081698
527083156
706345995
224057307
261982914
583752422
670313063
180452321
586946251
116612850
472112825
362740181
493282175
123914006
873806239
205695481
819544519
164089637
560170323
544840576
102792424
103762798
912266718
820660736
763460504
75762850
838095900
184311109
145847750
846404358
154650503
972929447
373487513
860996497
196986753
487986778
297265270
867299816
668439098
884211520
983912665
140551922
246951701
329711191
116982280
120757939
535406672
936526798
137363927
948093346
333883725
240156350
51856143
98666794
60817085
667832998
174429644
751429337
852144107
320277393
597833694
6794609
145723191
823837558
720307457
342709944
311824335
17572726
62526111
980263432
754300598
898955127
973331706
1252298
228666317
90313985
974526588
616589340
879357134
964406866
564682685
213240858
57079568
469055180
311907652
117896652
136888177
338853647
721842340
841548635
659131039
172192385
700859595
804854229
996029942
273683403
80524
160370628
143772481
62606634
140634060
898073078
814078112
966482117
751841727
42744429
56796101
578884666
511850120
788669586
543291531
76532805
1910443
600371098
398104336
166334446
570784102
387508864
505188092
145142793
81573851
16835482
317335178
782433445
674206063
313365119
56116848
674286586
473735747
199889328
589409572
466886158
97962405
256004035
285884626
702320483
151264815
195197078
281205148
663114935
983866663
677013030
592164091
838293457
129900480
990268426
4627903
700684581
230293641
362332346
845827373
311867491
231684180
15678902
94300936
905890242
329044021
2934135
432693179
655296119
55339814
22102750
122182276
5818570
130623137
260583253
708139052
281887951
455780330
989344199
945002885
439646992
518873580
537166975
130456800
648774059
379951752
135084702
201974991
462761745
349933400
47802364
774629235
581617579
63481265
721446522
340024172
245041637
576897008
772717350
900337755
632236821
647336452
875036382
638055390
777959588
135619634
346194441
59847538
443916315
188054991
4850423
883563306
706928571
394533749
14020106
208218981
627001853
1621159
410193972
89763597
204070910
310512687
716909183
638204840
