4763850427503
4314870642919
4610165876195
763065901784
3415611703961
3306469548615
3819715164593
4786371528329
2593162695104
4702529181461
4169080750589
2363843630208
2939971122641
4626543303353
2040342355183
4481854037588
371894127509
4206942758818
4447318256045
4562160702021
3216403989958
797147545424
1228755045603
1153621425273
3332560087434
4502442707133
3596072776250
2191439668391
1778063838859
2383548373788
1703057008659
4358046103300
3232300215298
4123972656621
4779783741210
3865734869301
1860545714383
2997595306041
4536090725001
2980308051021
1310466377571
4538293053141
3511077059060
4746177127648
4780859302130
3183955056117
4434875513245
1302382714191
3145713185020
1128256705046
3461079578360
2841646080586
1588913400803
907912887254
3807110777513
4566265280941
4558056123101
4580419982258
1471097956818
4662791944914
3726493897740
1718058374699
4296322542139
2252183416588
1635013690043
4274649987398
933474119984
3546075295550
4354987413800
4759146316053
4695951969451
258466215701
2218610315111
2337570638768
4175968282029
4776876249574
4768776551831
3823916626953
2136283984989
4772670981900
3374288742074
2121734762089
4246423981208
3669616607508
4634846969311
124990283321
4472095963450
3178527154737
4728619122830
1001234813996
4182855813469
805667956334
848270010884
1823067936979
1170463722693
1565863256183
3129061811230
4740843344067
4773096593350
2859121860706
1845562660983
4759955320633
3083732812893
2829995560506
4476995606308
3295885116658
1793065204899
4553709350121
4048913800669
4778812291004
4120427888781
2107159006901
4783183878020
2916921449281
4747815228908
4102704049581
4604325325180
4564212991481
4687937807051
4262105095758
343577892059
4772211964490
4786224330829
4162193219149
1035107318276
4701219904851
3935467938158
1658043387551
315261656609
4491169345683
4437364061805
3987043314538
1398930691188
3844923938753
4763102767343
3526076303270
4650769561659
77320307471
3606072272390
4401885843411
4764598087663
4529442886459
4317961993049
4493424017973
4731783895250
3591073028180
3400238749391
2847471340626
4697268953301
4488914673393
2311297647328
4675692447420
3840722476393
3744725738539
4584414494298
1519032754353
2612573407235
1875528767783
4780590411900
4393868202291
1725559057719
2771658296684
1018171066136
1550367499690
353016637209
4052547479579
4311779292789
2644609741785
4179412047749
4705132320201
4785318768892
4576425470218
3776443465069
3688939905188
608777708570
4741747211527
1558171488240
2077799041077
4200074642069
4738110554723
4752674279413
4617553856816
3162243450597
4540495381281
3060770010733
3849125401113
4774373427700
4734948667670
2689326489602
3205666661637
2951495959321
4678435500111
4661358180024
3200238760257
2475503843828
465219648510
4018157816068
4586406711190
4706433889571
2508345083128
1763062472819
3140162727090
3861606259741
1068979822556
1905494874583
2462367348108
3316911841944
4664225709804
3285287633098
4220173179323
2625387941055
1077447948626
2010376248383
1995393194983
4059814837399
3811312239873
3625920562866
29136636617
4002674979698
2225402976791
4025888165028
4144956951648
4751056270253
2422957860948
2085238175625
2864947120746
3902798035740
2488640339548
1220532663533
2429526108808
1085916074696
3659954958668
3878098013520
4130981931048
3456079830290
1604280163883
1212310281463
4193187110629
4782926349240
2765651840702
4290139841879
4283957141619
4422432770445
1463079371748
4689295279471
2521481578848
2455799100248
3026325807493
2211817653431
2708467989422
3441080586080
1770563155839
3100954914513
3066510711273
4774799039150
3337776169264
2495208587408
334139146909
4785852141129
4636456738431
4766841068143
4495678690263
409649108109
1245199809743
4427409867565
2285024655888
1987901668283
4388363002573
4729674046970
3906914706110
2184647006711
4786298328449
4781638705340
4769339092731
4568317570401
1390912106118
58166217793
4785461056059
3227001473518
4396540749331
2157476359991
4658384998644
2238981399799
4783956464360
4379456929800
2638202474875
3531076051340
1511135522421
3274690149538
3616071768530
4598352453850
362455382359
3077992112353
2501776835268
2370411878068
1542534710650
4781123647780
2436094356668
48494370033
4777667711954
3630836425856
3650293309828
4339601443959
3072251411813
4782411291680
4739939476607
1162042573983
3802909315153
4172524516309
1611963545423
3611072020460
2783393480186
865310832704
1350819180768
2062816935283
305822911459
528711772798
4621204043496
0
1060511696486
3134612269160
1009702940066
2304729399468
4749438261093
4385489552588
4623005365767
831229189064
3476078822570
591149838766
4367222171800
2974545632681
2514913330988
3975228034458
2291592903748
2547618864324
3882214683890
1278088329952
2876584520901
2670184989782
3832319551673
4474560561300
3117960895370
2824170300466
4243214089869
4454783901725
1748061106779
153592268831
1026639192206
4324144693309
4141463196498
2835820820546
4230049601332
4780052631440
3221702731738
3890448024630
4739035609147
4574428214198
1136724831116
4685222862211
652300559954
4088524978221
2129009373539
3290586374878
4768164628357
1665553593559
1342793049677
3674447431928
381332872659
4674259739250
1534701921610
771586312694
3446080334150
2721228989302
4733893743530
4203518407789
634959848291
2482072091688
899392476344
4743554946447
2442662604528
4014292641588
474368290929
86854302641
3869863478861
2528049826708
3758319049909
2905396612601
3894564695000
814188367244
2853296600666
4077890674701
3943419957418
4095614513901
3771912361279
2541112602784
1680554959599
4770808927546
4781381176560
4029753339508
2298161151608
3983135398248
4690652751891
4608224461065
4720862696248
4667093239584
3425860340341
4533880803370
1695556325639
4504697379423
3211087598249
3348208332924
4782153762900
3501077562920
3979204044088
4444829707485
1942952508083
873831243614
4659891012334
3430984658531
582328682766
268000210871
3712558325040
2150596581799
2759466489168
3405363067581
4736003591810
1596596782343
2403253117368
4518225413163
4590388625410
3258793924198
4646115353151
1145192957186
4619378950156
975830435786
1950444034783
4376398240300
4672827031080
4226758284022
4726440298298
2606155502412
754545490874
4718631655428
3089473513433
4665659474694
4775650262050
720463847234
3873981343150
2177854345031
4683865389791
3923381387590
4748629256513
3645462485408
856790421794
2580150172024
1422986446398
3301183858438
4186299579189
3886331354260
4442341158925
4010427467108
4760761751586
4712756748552
4081435442541
3640631660988
4771276628676
4638066507551
537748148728
510639020938
4773947816250
456000760590
519675396868
1187306020113
4351928724300
1740560423759
4067081015525
2390116621648
4742651078987
1439023616538
2232195638471
3151263642950
4370280861300
4134475686198
1627330308503
555794430039
2092573342367
4652304934319
4484283253228
4084980210381
3836521014033
1935460981383
172660259171
4780321521670
3451080082220
3311695760114
4321053343179
950426057576
1912986401283
3621004699876
4506952051713
3581073532040
1119788578976
4127488175898
3556074791690
3753787946119
4531662632180
2025359301783
2245615168728
2198232330071
1204080613539
4727555818708
4737058515950
780106723604
4572422149321
4348870034800
4268377541578
2746750989062
248932220531
2573643910484
191728249511
3571074035900
4771744329806
3828118089313
3173099253357
4781896234120
2143536037888
3679278256348
3717203515940
4417440916126
4006562292628
1286215387431
1503170850798
4486657663661
1815567253959
2396684869508
1236977427673
617516966491
599970994766
2740370489122
4671394322910
3959323995938
4669960769364
4750247265673
3389936987564
4524989430033
3020585106953
9757846357
1972918614883
2714848489362
2676565489722
4522734757743
4462237572050
1111320452906
4721978216658
3032066508033
4255832649938
4767510633797
210796239851
2047833881883
2789218740226
2164269021671
3436077699046
4414884162586
1619646926963
4382480820937
2560631387404
1688055642619
4596361496740
4600343410960
4784711339076
2070308461983
1447042201608
703423025414
3586073280110
3358640496584
3955347986308
2114451838831
839749599974
4342692794089
711943436324
3264092665978
3327344005604
4744449738035
4106248817421
2733989989182
134524278491
4223466966712
1253422191813
916433298164
2651017008695
3655124134248
2922683867621
4467166767750
3471079074500
1318550040951
3971252024828
3055029310193
1673054276579
4717516135018
2567137648944
2882346939241
2449230852388
4769860650926
4151861921989
4063448516309
4713992558902
3037807208573
1755561789799
4784921517582
4694634985601
1326633704331
3014844406413
4449806804605
4236632235952
822708778154
3963300005568
4277774441359
1642697071583
3815513702233
4784471521920
4361104792800
4732838819390
4746996178278
3561074539760
4682507917371
4479424821948
4399213296371
501602645008
4612075143453
4137969441348
4644505584031
2911159030941
788627134514
3384720905734
1479116541888
3998767063408
2055325408583
3253495182418
1650380453123
4641286045791
643681289191
3049288609653
4033618513988
1898003347883
4649234188999
1573546637723
3798707852793
3112380343969
4777271980764
4615728763476
4668527004474
4785971289332
984298561856
4770341226416
4345784144219
4302505242399
419079600483
2727609489242
737504669054
3794467005835
4155305687709
4630017661951
4715206563947
4336510093829
4711516972012
4560108412561
4515970740873
3931491928528
324700401759
4592379582520
4647698816339
1374874935978
4233340918642
3790028998054
2344138886628
1495153712028
4459760998845
437562984750
3551075043620
296384166309
4786149136599
4578422726238
4679792972531
2468935595968
239398225361
67786312301
3369072660244
4045191009992
2554125125864
1334717367711
4709037028311
4785591417749
2324434143048
924953709074
686382203594
890872065434
3521076555200
669341381774
3194810858877
428344096830
1094384200766
96388297811
2317865895188
4602334368070
2991832887701
3363856578414
3664785783088
4762355107183
3785505672649
182194254341
4778062998172
2888109357581
1052043570416
3919264717220
3740194634749
3491078066780
1358837765838
4513716068583
229864230191
4239923553262
4148418156269
2682945989662
4725324777888
4330327393569
3095214213973
1487135126958
4432386964685
2265319912308
4716368183617
3481078570640
4407213901966
4308687942659
4196630876349
2271888160168
1883020294483
3516076807130
4755910297733
4778450959484
1733059740739
4419944221885
4412327409046
3156806255032
4520480085453
1980410141583
3496077814850
115456288151
2753131489002
2893871775921
546784524658
4542697709421
4424921319005
2099866174971
4210253434043
446781872670
4258968872848
400210362959
1382893521048
1890511821183
105922292981
4753483283993
3410487385771
492566269078
2657423343392
4655372971264
390771617809
4784213993140
4723093737068
1965427088183
4751865274833
4594370539630
2818345040426
3269391407758
4189743344909
4429898416125
4757528306893
38822522273
3857477650181
2800869260306
4707735458941
4755101293153
1526869132570
2945733540981
2017867775083
3237598957078
2409821365228
4710277195472
4766093407983
3189382957497
1868037241083
2695706989542
4613903670136
4549304693841
4724209257478
4686580334631
2376980125928
1178884871403
4037483688468
941957931506
3735663530959
3693770729608
3731122548537
967362309716
626238407391
4457272450285
4116883120941
4783698935580
1830568619999
4786064272732
3242897698858
4782668820460
2963020796001
4056181158489
4099159281741
3106695615053
4624787230093
4776075873500
4544900037561
677861792684
4775224650600
3898681365370
4745342260655
2968783214341
3703267943240
4074335365926
4216866597563
3951371976678
1406949276258
3990951230828
3279988891318
1957935561483
4779172643608
2171061683351
2599668956644
1800565887919
4439852610365
2870772380786
19447241487
4681150444951
4022022990548
4754292288573
1710557691679
2534606341244
3379504823904
4509206724003
882351654524
4758337311473
220330235021
1269866955953
3322127923774
4719747175838
2957258377661
4756719302313
201262244681
3967276015198
4113338353101
2032850828483
3248196440638
2416389613088
2350707134488
3749256842329
4293231192009
4656878984954
4698585937151
2806694520346
4404558390451
3684109080768
3939443947788
4547102365701
2928446285961
4628299376613
3994859147118
3767381257489
694902614504
4464702169900
3721848706840
4109793585261
4570369859861
4677078027691
1431005031468
1294299050811
4391187475383
4551507021981
4786425872495
483497137149
1927969454683
3506077310990
4699902921001
144058273661
4271513764488
286945421159
4730728971110
4606283045935
4588397668300
3911031376480
660820970864
4511461396293
1785564521879
4252696427028
4500188034843
2586656433564
1808066570939
746025079964
1920477927983
564681493084
4265241318668
573507526766
4639676276671
4783441406800
1414967861328
2205024991751
4364163482300
3395114135128
1366856350908
2934208704301
1455060786678
3853326208721
4653840306979
2618980674145
2278456408028
2899634194261
4765345747823
1261644573883
4773522204800
4092069746061
4070708795965
728984258144
2986070469361
4582417238278
4305596592529
4041348862948
2812519780386
3420736022151
1581230019263
4692001017901
3541075547480
277506676009
1853054187683
3536075799410
3780974568859
2777553258731
4158749453429
2357275382348
4779488807340
2631795207965
4497933362553
2702087489482
4785124529922
3566074287830
1195727168823
958894183646
4333418743699
3466079326430
4642895814911
3009103705873
3762850153699
4703830750831
3927492216299
3707913134140
1838069303019
4469631365600
2663804489842
4452295353165
992766687926
4776480518384
3167671351977
3043547909113
163126264001
4409770655506
2331002390908
4327236043439
3342992251094
2002884721683
4785721779439
4213560015803
3635752288846
4280865791489
3486078318710
4555911678261
4527218874899
4633237200191
3915148046850
4165636984869
4786464666912
4299413892269
3576073783970
4287048491749
4373339550800
3123511353300
1043575444346
3601072524320
3947395967048
3003357724381
1102852326836
4249560204118
3698590543853
4693318001751
4631627431071
2258751664448
2795044000266
3353424414754
