92 100
21 99
73 87
63 7
25 79
11 6
47 65
20 62
3 65
13 15
86 18
14 8
55 80
90 30
19 68
33 35
77 70
68 4
53 71
78 8
42 98
61 95
84 81
95 39
46 65
81 76
57 84
96 76
14 79
100 6
71 77
85 11
65 93
58 44
49 9
13 44
97 46
13 62
51 18
36 29
16 23
56 28
90 59
78 22
83 31
31 51
12 45
87 78
2 29
92 90
61 77
29 2
70 50
15 23
11 91
93 74
27 30
99 82
67 94
71 75
46 24
98 93
9 60
38 41
59 67
43 28
34 31
64 70
7 84
45 19
62 17
80 83
5 78
45 9
54 99
89 60
90 37
56 33
30 52
66 83
26 12
100 29
90 10
69 5
36 41
57 88
48 18
91 36
1 20
32 76
72 96
99 40
28 40
