100 65
41 12
1 29
43 24
62 59
32 4
32 13
37 4
31 34
39 32
45 1
38 35
58 31
64 16
64 20
47 21
20 21
13 49
41 19
22 57
53 42
34 31
6 37
1 18
52 41
17 24
42 17
55 62
38 33
33 38
63 54
61 16
35 55
33 36
50 44
25 55
53 42
16 64
41 56
41 12
40 51
30 28
52 56
4 49
37 60
45 46
25 8
30 45
36 8
30 29
12 56
24 10
58 2
40 54
33 35
19 52
19 3
22 5
41 14
48 27
23 58
19 52
23 2
36 25
26 12
29 18
59 50
13 39
4 60
44 33
42 43
18 7
30 29
30 28
61 47
36 59
43 53
9 53
39 15
23 31
61 16
5 57
50 55
49 39
37 49
1 7
51 63
4 11
20 21
63 40
46 29
52 12
8 44
12 3
50 35
42 17
39 32
65 3
24 43
6 11
15 6
